0 29 23
0 30 22
0 30 23
0 30 24
0 31 22
0 31 23
0 31 24
1 29 21
1 29 22
1 29 23
1 30 21
1 30 22
1 30 23
1 30 24
1 31 21
1 31 22
1 31 23
2 28 20
2 28 21
2 28 22
2 29 21
2 29 22
2 29 23
2 30 21
2 30 22
2 30 23
2 31 22
3 27 21
3 28 20
3 28 21
3 28 22
3 29 20
3 29 21
3 29 22
3 30 21
3 30 22
4 27 19
4 27 20
4 27 21
4 27 22
4 28 19
4 28 20
4 28 21
4 28 22
4 29 20
4 29 21
4 29 22
4 30 21
5 26 19
5 26 20
5 26 21
5 27 19
5 27 20
5 27 21
5 28 19
5 28 20
5 28 21
5 29 20
5 29 21
6 25 18
6 25 19
6 25 20
6 26 18
6 26 19
6 26 20
6 26 21
6 27 19
6 27 20
6 27 21
6 28 19
6 28 20
7 24 19
7 25 18
7 25 19
7 25 20
7 26 18
7 26 19
7 26 20
7 26 21
7 27 18
7 27 19
7 27 20
7 27 21
7 27 22
7 28 19
7 28 20
7 28 21
7 28 22
8 24 17
8 24 18
8 24 19
8 24 20
8 25 17
8 25 18
8 25 19
8 25 20
8 26 18
8 26 19
8 26 20
8 27 19
8 27 20
8 27 21
8 27 22
8 28 20
8 28 21
8 28 22
8 28 23
8 29 20
8 29 21
8 29 22
8 29 23
9 23 17
9 23 18
9 23 19
9 24 17
9 24 18
9 24 19
9 25 17
9 25 18
9 25 19
9 26 18
9 26 19
9 27 20
9 27 21
9 28 20
9 28 21
9 28 22
9 28 23
9 29 21
9 29 22
9 29 23
9 29 24
9 30 21
9 30 22
9 30 23
10 22 16
10 22 18
10 23 16
10 23 17
10 23 18
10 23 19
10 24 16
10 24 17
10 24 18
10 24 19
10 25 17
10 25 18
10 28 21
10 28 22
10 28 23
10 29 21
10 29 22
10 29 23
10 29 24
10 29 25
10 30 22
10 30 23
10 30 24
10 30 25
11 22 16
11 22 17
11 22 18
11 23 16
11 23 17
11 23 18
11 24 16
11 24 17
11 24 18
11 25 17
11 29 22
11 29 23
11 29 24
11 29 25
11 30 23
11 30 24
11 30 25
11 30 26
11 31 23
11 31 24
11 31 25
11 31 26
11 37 4
11 38 2
11 38 3
11 38 4
11 38 5
11 39 3
11 39 4
11 39 5
12 21 15
12 21 16
12 21 17
12 22 15
12 22 16
12 22 17
12 22 18
12 23 15
12 23 16
12 23 17
12 23 18
12 24 16
12 24 17
12 30 23
12 30 24
12 30 25
12 30 26
12 31 24
12 31 25
12 31 26
12 31 27
12 32 24
12 32 25
12 32 26
12 35 4
12 36 3
12 36 4
12 36 5
12 37 2
12 37 3
12 37 4
12 37 5
12 38 2
12 38 3
12 38 4
12 38 5
12 39 2
12 39 3
12 39 4
12 40 3
13 20 15
13 20 16
13 21 15
13 21 16
13 21 17
13 22 15
13 22 16
13 22 17
13 23 15
13 23 16
13 23 17
13 30 24
13 30 25
13 31 24
13 31 25
13 31 26
13 31 27
13 32 25
13 32 26
13 32 27
13 32 28
13 33 5
13 33 25
13 33 26
13 33 27
13 34 3
13 34 4
13 34 5
13 35 3
13 35 4
13 35 5
13 36 3
13 36 4
13 36 5
13 37 3
13 37 4
13 37 5
13 38 3
13 38 4
13 39 3
13 39 4
14 10 24
14 10 25
14 10 26
14 10 27
14 11 24
14 11 25
14 19 16
14 20 14
14 20 15
14 20 16
14 21 14
14 21 15
14 21 16
14 21 17
14 22 15
14 22 16
14 31 6
14 31 25
14 31 26
14 31 27
14 32 4
14 32 5
14 32 6
14 32 25
14 32 26
14 32 27
14 32 28
14 33 3
14 33 4
14 33 5
14 33 6
14 33 26
14 33 27
14 33 28
14 33 29
14 34 3
14 34 4
14 34 5
14 34 6
14 35 3
14 35 4
14 35 5
14 36 3
14 36 4
14 36 5
14 37 3
14 37 4
15 9 25
15 9 26
15 9 27
15 10 23
15 10 24
15 10 25
15 10 26
15 10 27
15 10 28
15 11 22
15 11 23
15 11 24
15 11 25
15 11 26
15 11 27
15 11 28
15 12 28
15 19 14
15 19 15
15 19 16
15 20 14
15 20 15
15 20 16
15 21 14
15 21 15
15 21 16
15 22 15
15 30 4
15 30 5
15 30 6
15 31 4
15 31 5
15 31 6
15 31 7
15 32 3
15 32 4
15 32 5
15 32 6
15 32 26
15 32 27
15 32 28
15 33 3
15 33 4
15 33 5
15 33 6
15 33 7
15 33 26
15 33 27
15 33 28
15 33 29
15 34 3
15 34 4
15 34 5
15 34 6
15 34 27
15 34 28
15 34 29
15 35 3
15 35 4
15 35 5
15 36 4
16 9 24
16 9 25
16 9 26
16 9 27
16 10 22
16 10 23
16 10 24
16 10 25
16 10 26
16 10 27
16 10 28
16 11 20
16 11 21
16 11 22
16 11 23
16 11 24
16 11 25
16 11 26
16 11 27
16 11 28
16 11 29
16 12 20
16 12 21
16 12 22
16 12 27
16 12 28
16 12 29
16 18 13
16 18 14
16 18 15
16 19 13
16 19 14
16 19 15
16 20 13
16 20 14
16 20 15
16 21 14
16 21 15
16 28 5
16 28 6
16 28 7
16 29 4
16 29 5
16 29 6
16 29 7
16 30 4
16 30 5
16 30 6
16 30 7
16 31 4
16 31 5
16 31 6
16 32 4
16 32 5
16 32 6
16 32 7
16 32 27
16 33 4
16 33 5
16 33 6
16 33 7
16 33 27
16 33 28
16 33 29
16 33 30
16 34 5
16 34 6
16 34 7
16 34 8
16 34 27
16 34 28
16 34 29
16 34 30
16 35 28
16 35 29
17 9 23
17 9 24
17 9 25
17 9 26
17 9 27
17 10 21
17 10 22
17 10 23
17 10 24
17 10 25
17 10 26
17 10 27
17 10 28
17 11 20
17 11 21
17 11 22
17 11 23
17 11 24
17 11 25
17 11 26
17 11 27
17 11 28
17 11 29
17 11 30
17 12 19
17 12 20
17 12 21
17 12 22
17 12 28
17 12 29
17 12 30
17 13 18
17 13 19
17 13 20
17 13 28
17 13 29
17 13 30
17 17 14
17 18 13
17 18 14
17 18 15
17 19 13
17 19 14
17 19 15
17 20 13
17 20 14
17 20 15
17 25 7
17 26 5
17 26 6
17 26 7
17 27 5
17 27 6
17 27 7
17 28 5
17 28 6
17 28 7
17 29 4
17 29 5
17 29 6
17 29 7
17 30 4
17 30 5
17 30 6
17 31 4
17 31 5
17 31 6
17 32 5
17 33 5
17 33 6
17 33 7
17 33 8
17 33 28
17 33 29
17 34 5
17 34 6
17 34 7
17 34 8
17 34 28
17 34 29
17 34 30
17 34 31
17 35 5
17 35 6
17 35 7
17 35 8
17 35 9
17 35 28
17 35 29
17 35 30
17 35 31
17 36 29
17 36 30
17 42 39
17 43 37
17 43 38
17 43 39
18 10 21
18 10 22
18 10 23
18 10 24
18 10 25
18 10 26
18 10 27
18 10 28
18 10 29
18 11 20
18 11 21
18 11 22
18 11 23
18 11 24
18 11 25
18 11 26
18 11 27
18 11 28
18 11 29
18 11 30
18 12 17
18 12 18
18 12 19
18 12 20
18 12 21
18 12 22
18 12 23
18 12 24
18 12 25
18 12 26
18 12 27
18 12 28
18 12 29
18 12 30
18 12 31
18 13 17
18 13 18
18 13 19
18 13 29
18 13 30
18 13 31
18 14 30
18 17 12
18 17 13
18 17 14
18 18 12
18 18 13
18 18 14
18 19 12
18 19 13
18 19 14
18 24 6
18 24 7
18 24 8
18 25 5
18 25 6
18 25 7
18 25 8
18 26 5
18 26 6
18 26 7
18 26 8
18 27 5
18 27 6
18 27 7
18 28 5
18 28 6
18 28 7
18 29 5
18 29 6
18 30 5
18 34 6
18 34 7
18 34 8
18 34 9
18 34 28
18 34 29
18 34 30
18 34 31
18 35 6
18 35 7
18 35 8
18 35 9
18 35 29
18 35 30
18 35 31
18 35 32
18 36 7
18 36 8
18 36 29
18 36 30
18 36 31
18 36 32
18 42 37
18 42 38
18 42 39
18 43 37
18 43 38
18 43 39
18 44 37
18 44 38
18 44 39
19 10 21
19 10 22
19 10 23
19 10 24
19 10 25
19 10 26
19 10 27
19 11 19
19 11 20
19 11 21
19 11 22
19 11 23
19 11 24
19 11 25
19 11 26
19 11 27
19 11 28
19 11 29
19 11 30
19 12 17
19 12 18
19 12 19
19 12 20
19 12 21
19 12 22
19 12 23
19 12 24
19 12 25
19 12 26
19 12 27
19 12 28
19 12 29
19 12 30
19 12 31
19 13 15
19 13 16
19 13 17
19 13 18
19 13 19
19 13 29
19 13 30
19 13 31
19 13 32
19 14 15
19 14 16
19 14 17
19 14 30
19 14 31
19 14 32
19 15 13
19 15 31
19 16 11
19 16 12
19 16 13
19 17 11
19 17 12
19 17 13
19 17 14
19 18 12
19 18 13
19 18 14
19 19 13
19 22 7
19 22 8
19 23 6
19 23 7
19 23 8
19 24 5
19 24 6
19 24 7
19 24 8
19 25 5
19 25 6
19 25 7
19 25 8
19 26 5
19 26 6
19 26 7
19 27 5
19 27 6
19 27 7
19 28 5
19 28 6
19 34 7
19 34 8
19 35 7
19 35 8
19 35 9
19 35 10
19 35 29
19 35 30
19 35 31
19 35 32
19 36 7
19 36 8
19 36 9
19 36 10
19 36 30
19 36 31
19 36 32
19 36 33
19 37 8
19 37 9
19 37 30
19 37 31
19 37 32
19 37 33
19 41 37
19 41 38
19 42 36
19 42 37
19 42 38
19 42 39
19 43 37
19 43 38
19 43 39
19 44 37
19 44 38
20 11 19
20 11 20
20 11 21
20 11 22
20 11 23
20 11 24
20 11 25
20 11 26
20 11 27
20 11 28
20 11 29
20 12 16
20 12 17
20 12 18
20 12 19
20 12 20
20 12 21
20 12 22
20 12 23
20 12 24
20 12 25
20 12 26
20 12 27
20 12 28
20 12 29
20 12 30
20 12 31
20 13 15
20 13 16
20 13 17
20 13 18
20 13 19
20 13 20
20 13 21
20 13 22
20 13 23
20 13 24
20 13 25
20 13 26
20 13 27
20 13 28
20 13 29
20 13 30
20 13 31
20 13 32
20 14 14
20 14 15
20 14 16
20 14 17
20 14 30
20 14 31
20 14 32
20 14 33
20 15 11
20 15 12
20 15 13
20 15 14
20 15 15
20 15 31
20 15 32
20 15 33
20 16 10
20 16 11
20 16 12
20 16 13
20 17 9
20 17 10
20 17 11
20 17 12
20 17 13
20 18 12
20 18 13
20 20 7
20 20 8
20 21 6
20 21 7
20 21 8
20 21 9
20 22 6
20 22 7
20 22 8
20 23 6
20 23 7
20 23 8
20 24 6
20 24 7
20 24 8
20 25 6
20 25 7
20 26 6
20 35 8
20 35 9
20 35 10
20 35 30
20 35 31
20 36 8
20 36 9
20 36 10
20 36 11
20 36 30
20 36 31
20 36 32
20 36 33
20 37 8
20 37 9
20 37 10
20 37 11
20 37 31
20 37 32
20 37 33
20 37 34
20 38 31
20 38 32
20 38 33
20 40 37
20 41 36
20 41 37
20 41 38
20 42 36
20 42 37
20 42 38
20 42 39
20 43 37
20 43 38
20 44 38
21 12 16
21 12 17
21 12 18
21 12 19
21 12 20
21 12 21
21 12 22
21 12 23
21 12 24
21 12 25
21 12 26
21 12 27
21 12 28
21 12 29
21 12 30
21 12 31
21 13 14
21 13 15
21 13 16
21 13 17
21 13 18
21 13 19
21 13 20
21 13 21
21 13 22
21 13 23
21 13 24
21 13 25
21 13 26
21 13 27
21 13 28
21 13 29
21 13 30
21 13 31
21 13 32
21 14 12
21 14 13
21 14 14
21 14 15
21 14 16
21 14 17
21 14 18
21 14 19
21 14 20
21 14 21
21 14 22
21 14 23
21 14 24
21 14 25
21 14 26
21 14 27
21 14 28
21 14 29
21 14 30
21 14 31
21 14 32
21 14 33
21 15 9
21 15 10
21 15 11
21 15 12
21 15 13
21 15 14
21 15 15
21 15 31
21 15 32
21 15 33
21 15 34
21 16 9
21 16 10
21 16 11
21 16 12
21 16 13
21 16 32
21 16 33
21 17 9
21 17 10
21 17 11
21 17 12
21 17 13
21 18 7
21 18 8
21 18 9
21 19 7
21 19 8
21 19 9
21 20 6
21 20 7
21 20 8
21 20 9
21 21 6
21 21 7
21 21 8
21 21 9
21 22 6
21 22 7
21 22 8
21 23 6
21 23 7
21 23 8
21 24 6
21 24 7
21 36 9
21 36 10
21 36 11
21 36 31
21 36 32
21 36 33
21 37 9
21 37 10
21 37 11
21 37 12
21 37 31
21 37 32
21 37 33
21 37 34
21 37 35
21 38 9
21 38 10
21 38 11
21 38 12
21 38 32
21 38 33
21 38 34
21 38 35
21 40 35
21 40 36
21 40 37
21 40 38
21 41 35
21 41 36
21 41 37
21 41 38
21 42 36
21 42 37
21 42 38
21 43 37
22 13 14
22 13 15
22 13 16
22 13 17
22 13 18
22 13 19
22 13 20
22 13 21
22 13 22
22 13 23
22 13 24
22 13 25
22 13 26
22 13 27
22 13 28
22 13 29
22 13 30
22 13 31
22 13 32
22 14 10
22 14 11
22 14 12
22 14 13
22 14 14
22 14 15
22 14 16
22 14 17
22 14 18
22 14 19
22 14 20
22 14 21
22 14 22
22 14 23
22 14 24
22 14 25
22 14 26
22 14 27
22 14 28
22 14 29
22 14 30
22 14 31
22 14 32
22 14 33
22 14 34
22 15 8
22 15 9
22 15 10
22 15 11
22 15 12
22 15 13
22 15 14
22 15 15
22 15 17
22 15 18
22 15 19
22 15 20
22 15 22
22 15 23
22 15 25
22 15 26
22 15 28
22 15 29
22 15 31
22 15 32
22 15 33
22 15 34
22 16 7
22 16 8
22 16 9
22 16 10
22 16 11
22 16 12
22 16 13
22 16 32
22 16 33
22 16 34
22 16 35
22 17 7
22 17 8
22 17 9
22 17 10
22 17 11
22 17 34
22 18 7
22 18 8
22 18 9
22 19 7
22 19 8
22 19 9
22 20 7
22 20 8
22 20 9
22 21 7
22 21 8
22 22 7
22 22 8
22 36 10
22 36 11
22 37 10
22 37 11
22 37 12
22 37 13
22 37 32
22 37 33
22 37 34
22 38 10
22 38 11
22 38 12
22 38 13
22 38 32
22 38 33
22 38 34
22 38 35
22 38 36
22 39 11
22 39 12
22 39 33
22 39 34
22 39 35
22 39 36
22 39 37
22 40 35
22 40 36
22 40 37
22 41 35
22 41 36
22 41 37
22 42 36
22 42 37
23 13 9
23 13 10
23 13 11
23 13 12
23 13 14
23 13 15
23 13 16
23 13 17
23 13 18
23 13 19
23 13 20
23 13 21
23 13 22
23 13 23
23 13 24
23 13 25
23 13 26
23 13 27
23 13 28
23 13 29
23 13 30
23 13 31
23 13 32
23 14 9
23 14 10
23 14 11
23 14 12
23 14 13
23 14 14
23 14 15
23 14 16
23 14 17
23 14 18
23 14 19
23 14 20
23 14 21
23 14 22
23 14 23
23 14 24
23 14 25
23 14 26
23 14 27
23 14 28
23 14 29
23 14 30
23 14 31
23 14 32
23 14 33
23 14 34
23 15 7
23 15 8
23 15 9
23 15 10
23 15 11
23 15 12
23 15 13
23 15 14
23 15 15
23 15 16
23 15 17
23 15 18
23 15 19
23 15 20
23 15 21
23 15 22
23 15 23
23 15 24
23 15 25
23 15 26
23 15 27
23 15 28
23 15 29
23 15 30
23 15 31
23 15 32
23 15 33
23 15 34
23 15 35
23 16 7
23 16 8
23 16 9
23 16 10
23 16 11
23 16 12
23 16 33
23 16 34
23 16 35
23 17 7
23 17 8
23 17 9
23 17 10
23 17 33
23 17 34
23 17 35
23 17 36
23 18 7
23 18 8
23 18 9
23 19 7
23 19 8
23 19 9
23 20 7
23 20 8
23 37 11
23 37 12
23 38 10
23 38 11
23 38 12
23 38 13
23 38 14
23 38 33
23 38 34
23 38 35
23 38 36
23 39 11
23 39 12
23 39 13
23 39 14
23 39 33
23 39 34
23 39 35
23 39 36
23 39 37
23 40 12
23 40 13
23 40 34
23 40 35
23 40 36
23 40 37
23 41 35
23 41 36
23 41 37
24 12 10
24 13 8
24 13 9
24 13 10
24 13 11
24 14 8
24 14 9
24 14 10
24 14 11
24 14 12
24 14 13
24 14 14
24 14 15
24 14 16
24 14 17
24 14 18
24 14 19
24 14 20
24 14 21
24 14 22
24 14 23
24 14 24
24 14 25
24 14 26
24 14 27
24 14 28
24 14 29
24 14 30
24 14 31
24 14 32
24 14 33
24 15 7
24 15 8
24 15 9
24 15 10
24 15 11
24 15 12
24 15 13
24 15 14
24 15 15
24 15 16
24 15 17
24 15 18
24 15 19
24 15 20
24 15 21
24 15 22
24 15 23
24 15 24
24 15 25
24 15 26
24 15 27
24 15 28
24 15 29
24 15 30
24 15 31
24 15 32
24 15 33
24 15 34
24 15 35
24 16 8
24 16 9
24 16 10
24 16 11
24 16 12
24 16 13
24 16 14
24 16 15
24 16 16
24 16 17
24 16 18
24 16 19
24 16 20
24 16 21
24 16 22
24 16 23
24 16 24
24 16 25
24 16 26
24 16 27
24 16 28
24 16 29
24 16 30
24 16 31
24 16 32
24 16 33
24 16 34
24 16 35
24 16 36
24 17 7
24 17 8
24 17 9
24 17 10
24 17 34
24 17 35
24 17 36
24 18 8
24 18 9
24 18 35
24 18 36
24 37 35
24 38 11
24 38 12
24 38 13
24 38 14
24 38 34
24 38 35
24 38 36
24 39 11
24 39 12
24 39 13
24 39 14
24 39 15
24 39 34
24 39 35
24 39 36
24 39 37
24 40 12
24 40 13
24 40 14
24 40 15
24 40 34
24 40 35
24 40 36
24 41 36
25 12 8
25 12 9
25 12 10
25 12 11
25 13 8
25 13 9
25 13 10
25 13 11
25 14 8
25 14 9
25 14 10
25 14 11
25 15 8
25 15 9
25 15 10
25 15 11
25 15 12
25 15 13
25 15 14
25 15 15
25 15 16
25 15 17
25 15 18
25 15 19
25 15 20
25 15 21
25 15 22
25 15 23
25 15 24
25 15 25
25 15 26
25 15 27
25 15 28
25 15 29
25 15 30
25 15 31
25 15 32
25 15 33
25 15 34
25 15 35
25 16 8
25 16 9
25 16 10
25 16 11
25 16 12
25 16 13
25 16 14
25 16 15
25 16 16
25 16 17
25 16 18
25 16 19
25 16 20
25 16 21
25 16 22
25 16 23
25 16 24
25 16 25
25 16 26
25 16 27
25 16 28
25 16 29
25 16 30
25 16 31
25 16 32
25 16 33
25 16 34
25 16 35
25 16 36
25 17 7
25 17 8
25 17 9
25 17 10
25 17 11
25 17 12
25 17 13
25 17 14
25 17 15
25 17 16
25 17 17
25 17 18
25 17 19
25 17 20
25 17 21
25 17 22
25 17 23
25 17 24
25 17 25
25 17 26
25 17 27
25 17 28
25 17 29
25 17 30
25 17 31
25 17 32
25 17 33
25 17 34
25 17 35
25 17 36
25 17 37
25 18 7
25 18 8
25 18 9
25 18 35
25 18 36
25 18 37
25 19 7
25 19 8
25 19 36
25 19 37
25 37 33
25 37 34
25 37 35
25 38 33
25 38 34
25 38 35
25 38 36
25 39 12
25 39 13
25 39 14
25 39 15
25 39 34
25 39 35
25 39 36
25 40 12
25 40 13
25 40 14
25 40 15
25 40 16
25 40 35
25 41 13
25 41 14
25 41 15
26 11 8
26 11 9
26 11 10
26 12 8
26 12 9
26 12 10
26 13 8
26 13 9
26 13 10
26 14 8
26 14 9
26 15 10
26 15 12
26 15 13
26 15 15
26 15 16
26 15 17
26 15 19
26 15 21
26 15 22
26 15 24
26 15 26
26 15 27
26 15 29
26 15 30
26 15 32
26 15 33
26 16 8
26 16 9
26 16 10
26 16 11
26 16 12
26 16 13
26 16 14
26 16 15
26 16 16
26 16 17
26 16 18
26 16 19
26 16 20
26 16 21
26 16 22
26 16 23
26 16 24
26 16 25
26 16 26
26 16 27
26 16 28
26 16 29
26 16 30
26 16 31
26 16 32
26 16 33
26 16 34
26 16 35
26 16 36
26 17 7
26 17 8
26 17 9
26 17 10
26 17 11
26 17 12
26 17 13
26 17 14
26 17 15
26 17 16
26 17 17
26 17 18
26 17 19
26 17 20
26 17 21
26 17 22
26 17 23
26 17 24
26 17 25
26 17 26
26 17 27
26 17 28
26 17 29
26 17 30
26 17 31
26 17 32
26 17 33
26 17 34
26 17 35
26 17 36
26 17 37
26 18 7
26 18 8
26 18 9
26 18 35
26 18 36
26 18 37
26 18 38
26 19 7
26 19 8
26 19 9
26 19 36
26 19 37
26 19 38
26 20 8
26 20 37
26 36 33
26 36 34
26 36 35
26 37 33
26 37 34
26 37 35
26 38 33
26 38 34
26 38 35
26 39 13
26 39 14
26 39 34
26 39 35
26 40 13
26 40 14
26 40 15
26 40 16
26 41 13
26 41 14
26 41 15
26 41 16
26 41 17
26 42 14
26 42 15
27 10 7
27 10 8
27 10 9
27 11 7
27 11 8
27 11 9
27 11 10
27 12 7
27 12 8
27 12 9
27 12 10
27 13 8
27 13 9
27 16 9
27 16 10
27 16 11
27 16 12
27 16 13
27 16 14
27 16 15
27 16 16
27 16 17
27 16 18
27 16 19
27 16 20
27 16 21
27 16 22
27 16 23
27 16 24
27 16 25
27 16 26
27 16 27
27 16 28
27 16 29
27 16 30
27 16 31
27 16 32
27 16 33
27 16 34
27 16 35
27 17 8
27 17 9
27 17 10
27 17 11
27 17 12
27 17 13
27 17 14
27 17 15
27 17 16
27 17 17
27 17 18
27 17 19
27 17 20
27 17 21
27 17 22
27 17 23
27 17 24
27 17 25
27 17 26
27 17 27
27 17 28
27 17 29
27 17 30
27 17 31
27 17 32
27 17 33
27 17 34
27 17 35
27 17 36
27 17 37
27 18 8
27 18 9
27 18 10
27 18 11
27 18 12
27 18 13
27 18 14
27 18 15
27 18 16
27 18 17
27 18 18
27 18 19
27 18 20
27 18 21
27 18 22
27 18 23
27 18 24
27 18 25
27 18 26
27 18 27
27 18 28
27 18 29
27 18 30
27 18 31
27 18 32
27 18 33
27 18 34
27 18 35
27 18 36
27 18 37
27 18 38
27 19 8
27 19 9
27 19 10
27 19 36
27 19 37
27 19 38
27 19 39
27 20 8
27 20 9
27 20 10
27 20 37
27 20 38
27 20 39
27 35 33
27 35 34
27 36 32
27 36 33
27 36 34
27 36 35
27 37 32
27 37 33
27 37 34
27 37 35
27 38 33
27 38 34
27 38 35
27 40 14
27 40 15
27 40 16
27 41 14
27 41 15
27 41 16
27 41 17
27 42 14
27 42 15
27 42 16
27 42 17
28 9 7
28 9 8
28 9 9
28 10 7
28 10 8
28 10 9
28 11 7
28 11 8
28 11 9
28 12 7
28 12 8
28 12 9
28 17 8
28 17 9
28 17 10
28 17 11
28 17 12
28 17 13
28 17 14
28 17 15
28 17 16
28 17 17
28 17 18
28 17 19
28 17 20
28 17 21
28 17 22
28 17 23
28 17 24
28 17 25
28 17 26
28 17 27
28 17 28
28 17 29
28 17 30
28 17 31
28 17 32
28 17 33
28 17 34
28 17 35
28 17 36
28 17 37
28 18 8
28 18 9
28 18 10
28 18 11
28 18 12
28 18 13
28 18 14
28 18 15
28 18 16
28 18 17
28 18 18
28 18 19
28 18 20
28 18 21
28 18 22
28 18 23
28 18 24
28 18 25
28 18 26
28 18 27
28 18 28
28 18 29
28 18 30
28 18 31
28 18 32
28 18 33
28 18 34
28 18 35
28 18 36
28 18 37
28 18 38
28 19 8
28 19 9
28 19 10
28 19 11
28 19 12
28 19 13
28 19 14
28 19 15
28 19 16
28 19 17
28 19 18
28 19 19
28 19 20
28 19 21
28 19 22
28 19 23
28 19 24
28 19 25
28 19 26
28 19 27
28 19 28
28 19 29
28 19 30
28 19 31
28 19 32
28 19 33
28 19 34
28 19 35
28 19 36
28 19 37
28 19 38
28 19 39
28 20 8
28 20 9
28 20 10
28 20 11
28 20 37
28 20 38
28 20 39
28 20 40
28 21 9
28 21 10
28 21 11
28 21 38
28 21 39
28 21 40
28 34 33
28 35 32
28 35 33
28 35 34
28 36 32
28 36 33
28 36 34
28 37 32
28 37 33
28 37 34
28 38 33
28 41 15
28 41 16
28 41 17
28 42 15
28 42 16
28 42 17
28 42 18
28 43 15
28 43 16
28 43 17
28 43 18
28 43 19
28 51 19
28 51 20
29 9 6
29 9 7
29 9 8
29 10 6
29 10 7
29 10 8
29 10 9
29 11 7
29 11 8
29 12 8
29 18 9
29 18 10
29 18 11
29 18 12
29 18 13
29 18 14
29 18 15
29 18 16
29 18 17
29 18 18
29 18 19
29 18 20
29 18 21
29 18 22
29 18 23
29 18 24
29 18 25
29 18 26
29 18 27
29 18 28
29 18 29
29 18 30
29 18 31
29 18 32
29 18 33
29 18 34
29 18 35
29 18 36
29 18 37
29 18 38
29 18 39
29 19 9
29 19 10
29 19 11
29 19 12
29 19 13
29 19 14
29 19 15
29 19 16
29 19 17
29 19 18
29 19 19
29 19 20
29 19 21
29 19 22
29 19 23
29 19 24
29 19 25
29 19 26
29 19 27
29 19 28
29 19 29
29 19 30
29 19 31
29 19 32
29 19 33
29 19 34
29 19 35
29 19 36
29 19 37
29 19 38
29 19 39
29 19 40
29 20 9
29 20 10
29 20 11
29 20 12
29 20 13
29 20 14
29 20 15
29 20 16
29 20 17
29 20 18
29 20 19
29 20 20
29 20 21
29 20 22
29 20 23
29 20 24
29 20 25
29 20 26
29 20 27
29 20 28
29 20 29
29 20 30
29 20 31
29 20 32
29 20 33
29 20 34
29 20 35
29 20 36
29 20 37
29 20 38
29 20 39
29 20 40
29 21 9
29 21 10
29 21 11
29 21 12
29 21 39
29 21 40
29 22 10
29 22 11
29 22 39
29 22 40
29 34 31
29 34 32
29 34 33
29 35 31
29 35 32
29 35 33
29 35 34
29 36 31
29 36 32
29 36 33
29 37 32
29 37 33
29 42 16
29 42 17
29 42 18
29 42 19
29 43 16
29 43 17
29 43 18
29 43 19
29 44 17
29 44 18
29 49 19
29 49 20
29 49 21
29 50 18
29 50 19
29 50 20
29 50 21
29 51 18
29 51 19
29 51 20
29 51 21
29 52 18
29 52 19
29 52 20
30 8 6
30 8 7
30 8 8
30 9 6
30 9 7
30 9 8
30 10 6
30 10 7
30 10 8
30 11 7
30 18 11
30 18 12
30 18 13
30 18 15
30 18 16
30 18 17
30 18 18
30 18 19
30 18 20
30 18 21
30 18 22
30 18 23
30 18 24
30 18 25
30 18 26
30 18 27
30 18 28
30 18 29
30 18 30
30 18 31
30 18 32
30 18 33
30 18 34
30 18 35
30 18 36
30 18 37
30 19 10
30 19 11
30 19 12
30 19 13
30 19 14
30 19 15
30 19 16
30 19 17
30 19 18
30 19 19
30 19 20
30 19 21
30 19 22
30 19 23
30 19 24
30 19 25
30 19 26
30 19 27
30 19 28
30 19 29
30 19 30
30 19 31
30 19 32
30 19 33
30 19 34
30 19 35
30 19 36
30 19 37
30 19 38
30 19 39
30 19 40
30 20 10
30 20 11
30 20 12
30 20 13
30 20 14
30 20 15
30 20 16
30 20 17
30 20 18
30 20 19
30 20 20
30 20 21
30 20 22
30 20 23
30 20 24
30 20 25
30 20 26
30 20 27
30 20 28
30 20 29
30 20 30
30 20 31
30 20 32
30 20 33
30 20 34
30 20 35
30 20 36
30 20 37
30 20 38
30 20 39
30 20 40
30 21 10
30 21 11
30 21 12
30 21 13
30 21 39
30 21 40
30 22 11
30 22 12
30 22 13
30 22 39
30 22 40
30 23 39
30 33 31
30 33 32
30 34 30
30 34 31
30 34 32
30 34 33
30 35 31
30 35 32
30 35 33
30 36 32
30 36 33
30 42 17
30 42 18
30 43 17
30 43 18
30 43 19
30 43 20
30 44 17
30 44 18
30 44 19
30 44 20
30 45 18
30 45 19
30 47 20
30 47 21
30 48 19
30 48 20
30 48 21
30 49 18
30 49 19
30 49 20
30 49 21
30 50 18
30 50 19
30 50 20
30 50 21
30 51 18
30 51 19
30 51 20
30 52 19
30 52 20
31 7 5
31 7 6
31 7 7
31 8 5
31 8 6
31 8 7
31 8 8
31 9 5
31 9 6
31 9 7
31 9 8
31 10 6
31 10 7
31 19 11
31 19 12
31 19 13
31 19 14
31 19 15
31 19 16
31 19 17
31 19 18
31 19 19
31 19 20
31 19 21
31 19 22
31 19 23
31 19 24
31 19 25
31 19 26
31 19 27
31 19 28
31 19 29
31 19 30
31 19 31
31 19 32
31 19 33
31 19 34
31 19 35
31 19 36
31 19 37
31 19 38
31 20 11
31 20 12
31 20 13
31 20 14
31 20 15
31 20 16
31 20 17
31 20 18
31 20 19
31 20 20
31 20 21
31 20 22
31 20 23
31 20 24
31 20 25
31 20 26
31 20 27
31 20 28
31 20 29
31 20 30
31 20 31
31 20 32
31 20 33
31 20 34
31 20 35
31 20 36
31 20 37
31 20 38
31 20 39
31 20 40
31 21 11
31 21 12
31 21 13
31 21 14
31 21 15
31 21 16
31 21 17
31 21 18
31 21 19
31 21 20
31 21 21
31 21 22
31 21 23
31 21 24
31 21 25
31 21 26
31 21 27
31 21 28
31 21 29
31 21 30
31 21 31
31 21 32
31 21 33
31 21 34
31 21 35
31 21 36
31 21 37
31 21 38
31 21 39
31 21 40
31 22 11
31 22 12
31 22 13
31 22 14
31 22 38
31 22 39
31 22 40
31 23 11
31 23 12
31 23 13
31 23 38
31 23 39
31 23 40
31 32 31
31 33 30
31 33 31
31 33 32
31 33 33
31 34 30
31 34 31
31 34 32
31 34 33
31 35 30
31 35 31
31 35 32
31 35 33
31 36 32
31 43 17
31 43 18
31 43 19
31 43 20
31 44 18
31 44 19
31 44 20
31 44 21
31 45 18
31 45 19
31 45 20
31 45 21
31 46 20
31 46 21
31 47 19
31 47 20
31 47 21
31 48 19
31 48 20
31 48 21
31 49 18
31 49 19
31 49 20
31 49 21
31 50 19
31 50 20
31 51 19
31 51 20
32 6 6
32 7 5
32 7 6
32 7 7
32 8 5
32 8 6
32 8 7
32 9 5
32 9 6
32 9 7
32 20 12
32 20 13
32 20 14
32 20 15
32 20 16
32 20 17
32 20 18
32 20 19
32 20 20
32 20 21
32 20 22
32 20 23
32 20 24
32 20 25
32 20 26
32 20 27
32 20 28
32 20 29
32 20 30
32 20 31
32 20 32
32 20 33
32 20 34
32 20 35
32 20 36
32 20 37
32 20 38
32 20 39
32 21 12
32 21 13
32 21 14
32 21 15
32 21 16
32 21 17
32 21 18
32 21 19
32 21 20
32 21 21
32 21 22
32 21 23
32 21 24
32 21 25
32 21 26
32 21 27
32 21 28
32 21 29
32 21 30
32 21 31
32 21 32
32 21 33
32 21 34
32 21 35
32 21 36
32 21 37
32 21 38
32 21 39
32 22 12
32 22 13
32 22 14
32 22 15
32 22 16
32 22 17
32 22 18
32 22 19
32 22 20
32 22 21
32 22 22
32 22 23
32 22 24
32 22 25
32 22 26
32 22 27
32 22 28
32 22 29
32 22 30
32 22 31
32 22 32
32 22 33
32 22 34
32 22 35
32 22 36
32 22 37
32 22 38
32 22 39
32 23 12
32 23 13
32 23 14
32 23 15
32 23 36
32 23 37
32 23 38
32 23 39
32 24 13
32 24 14
32 24 37
32 24 38
32 32 29
32 32 30
32 32 31
32 32 32
32 33 30
32 33 31
32 33 32
32 34 30
32 34 31
32 34 32
32 35 31
32 43 21
32 43 22
32 44 18
32 44 19
32 44 20
32 44 21
32 44 22
32 45 19
32 45 20
32 45 21
32 45 22
32 46 19
32 46 20
32 46 21
32 46 22
32 47 19
32 47 20
32 47 21
32 48 19
32 48 20
32 48 21
32 49 19
32 49 20
32 50 19
33 6 4
33 6 5
33 6 6
33 7 4
33 7 5
33 7 6
33 7 7
33 8 4
33 8 5
33 8 6
33 9 6
33 21 13
33 21 14
33 21 15
33 21 16
33 21 17
33 21 18
33 21 19
33 21 20
33 21 21
33 21 22
33 21 23
33 21 24
33 21 25
33 21 26
33 21 27
33 21 28
33 21 29
33 21 30
33 21 31
33 21 32
33 21 33
33 21 34
33 21 35
33 21 36
33 21 37
33 21 38
33 22 13
33 22 14
33 22 15
33 22 16
33 22 17
33 22 18
33 22 19
33 22 20
33 22 21
33 22 22
33 22 23
33 22 24
33 22 25
33 22 26
33 22 27
33 22 28
33 22 29
33 22 30
33 22 31
33 22 32
33 22 33
33 22 34
33 22 35
33 22 36
33 22 37
33 22 38
33 23 13
33 23 14
33 23 15
33 23 16
33 23 17
33 23 18
33 23 19
33 23 20
33 23 21
33 23 22
33 23 23
33 23 25
33 23 26
33 23 27
33 23 28
33 23 29
33 23 30
33 23 31
33 23 32
33 23 33
33 23 34
33 23 35
33 23 36
33 23 37
33 23 38
33 24 13
33 24 14
33 24 15
33 24 35
33 24 36
33 24 37
33 24 38
33 25 14
33 31 29
33 31 30
33 31 31
33 32 29
33 32 30
33 32 31
33 32 32
33 33 29
33 33 30
33 33 31
33 33 32
33 34 30
33 34 31
33 41 22
33 42 20
33 42 21
33 42 22
33 43 20
33 43 21
33 43 22
33 44 20
33 44 21
33 44 22
33 45 19
33 45 20
33 45 21
33 45 22
33 46 19
33 46 20
33 46 21
33 47 20
33 47 21
34 5 3
34 5 4
34 5 5
34 6 4
34 6 5
34 6 6
34 7 4
34 7 5
34 7 6
34 8 4
34 8 5
34 21 14
34 21 15
34 21 16
34 21 17
34 21 18
34 21 19
34 21 20
34 21 21
34 21 22
34 21 23
34 21 24
34 21 25
34 21 26
34 21 27
34 21 28
34 21 29
34 21 30
34 21 31
34 21 32
34 21 33
34 21 34
34 21 35
34 21 36
34 21 37
34 22 14
34 22 15
34 22 16
34 22 17
34 22 18
34 22 19
34 22 20
34 22 21
34 22 22
34 22 23
34 22 24
34 22 25
34 22 26
34 22 27
34 22 28
34 22 29
34 22 30
34 22 31
34 22 32
34 22 33
34 22 34
34 22 35
34 22 36
34 22 37
34 23 14
34 23 15
34 23 16
34 23 17
34 23 18
34 23 19
34 23 20
34 23 21
34 23 22
34 23 23
34 23 24
34 23 25
34 23 26
34 23 27
34 23 28
34 23 29
34 23 30
34 23 31
34 23 32
34 23 33
34 23 34
34 23 35
34 23 36
34 23 37
34 24 13
34 24 14
34 24 15
34 24 16
34 24 33
34 24 34
34 24 35
34 24 36
34 25 14
34 25 15
34 25 16
34 25 33
34 25 34
34 25 35
34 30 29
34 30 30
34 31 28
34 31 29
34 31 30
34 31 31
34 32 28
34 32 29
34 32 30
34 32 31
34 33 29
34 33 30
34 33 31
34 39 21
34 39 22
34 39 23
34 40 21
34 40 22
34 40 23
34 41 20
34 41 21
34 41 22
34 41 23
34 42 20
34 42 21
34 42 22
34 42 23
34 43 20
34 43 21
34 43 22
34 44 20
34 44 21
34 44 22
34 45 20
34 45 21
34 46 21
35 4 4
35 4 5
35 5 3
35 5 4
35 5 5
35 6 3
35 6 4
35 6 5
35 7 4
35 7 5
35 22 15
35 22 16
35 22 17
35 22 18
35 22 19
35 22 20
35 22 21
35 22 22
35 22 23
35 22 24
35 22 25
35 22 26
35 22 27
35 22 28
35 22 29
35 22 30
35 22 31
35 22 32
35 22 33
35 22 34
35 22 35
35 23 15
35 23 16
35 23 17
35 23 18
35 23 19
35 23 20
35 23 21
35 23 22
35 23 23
35 23 24
35 23 25
35 23 26
35 23 27
35 23 28
35 23 29
35 23 30
35 23 31
35 23 32
35 23 33
35 23 34
35 23 35
35 24 15
35 24 16
35 24 17
35 24 18
35 24 19
35 24 20
35 24 21
35 24 22
35 24 23
35 24 24
35 24 25
35 24 26
35 24 27
35 24 28
35 24 29
35 24 30
35 24 31
35 24 32
35 24 33
35 24 34
35 24 35
35 25 14
35 25 15
35 25 16
35 25 17
35 25 31
35 25 32
35 25 33
35 25 34
35 26 15
35 26 16
35 26 17
35 26 32
35 26 33
35 29 29
35 30 28
35 30 29
35 30 30
35 31 28
35 31 29
35 31 30
35 32 29
35 32 30
35 33 29
35 33 30
35 37 23
35 38 21
35 38 22
35 38 23
35 39 21
35 39 22
35 39 23
35 40 20
35 40 21
35 40 22
35 40 23
35 41 21
35 41 22
35 41 23
35 42 20
35 42 21
35 42 22
35 43 20
35 43 21
35 43 22
35 44 21
36 3 4
36 4 2
36 4 3
36 4 4
36 4 5
36 5 2
36 5 3
36 5 4
36 5 5
36 6 3
36 6 4
36 6 5
36 23 16
36 23 17
36 23 18
36 23 19
36 23 20
36 23 21
36 23 22
36 23 23
36 23 24
36 23 25
36 23 26
36 23 27
36 23 28
36 23 29
36 23 30
36 23 31
36 23 32
36 23 33
36 24 15
36 24 16
36 24 17
36 24 18
36 24 19
36 24 20
36 24 21
36 24 22
36 24 23
36 24 24
36 24 25
36 24 26
36 24 27
36 24 28
36 24 29
36 24 30
36 24 31
36 24 32
36 24 33
36 25 15
36 25 16
36 25 17
36 25 18
36 25 19
36 25 20
36 25 21
36 25 22
36 25 23
36 25 24
36 25 25
36 25 26
36 25 27
36 25 28
36 25 29
36 25 30
36 25 31
36 25 32
36 25 33
36 26 15
36 26 16
36 26 17
36 26 18
36 26 30
36 26 31
36 26 32
36 26 33
36 27 17
36 29 27
36 29 28
36 29 29
36 29 30
36 30 27
36 30 28
36 30 29
36 30 30
36 31 28
36 31 29
36 31 30
36 32 29
36 35 23
36 36 22
36 36 23
36 36 24
36 37 21
36 37 22
36 37 23
36 37 24
36 38 21
36 38 22
36 38 23
36 39 21
36 39 22
36 39 23
36 40 21
36 40 22
36 40 23
36 41 21
36 41 22
36 42 21
37 3 2
37 3 3
37 3 4
37 4 2
37 4 3
37 4 4
37 4 5
37 5 2
37 5 3
37 5 4
37 5 5
37 6 3
37 6 4
37 6 5
37 23 18
37 23 21
37 23 23
37 23 26
37 23 27
37 23 30
37 24 16
37 24 17
37 24 18
37 24 19
37 24 20
37 24 21
37 24 22
37 24 23
37 24 24
37 24 25
37 24 26
37 24 27
37 24 28
37 24 29
37 24 30
37 24 31
37 24 32
37 25 16
37 25 17
37 25 18
37 25 19
37 25 20
37 25 21
37 25 22
37 25 23
37 25 24
37 25 25
37 25 26
37 25 27
37 25 28
37 25 29
37 25 30
37 25 31
37 26 16
37 26 17
37 26 18
37 26 19
37 26 28
37 26 29
37 26 30
37 26 31
37 27 17
37 27 18
37 27 19
37 27 28
37 27 29
37 27 30
37 27 31
37 28 27
37 28 28
37 28 29
37 29 27
37 29 28
37 29 29
37 29 30
37 30 27
37 30 28
37 30 29
37 31 28
37 31 29
37 33 24
37 34 22
37 34 23
37 34 24
37 35 22
37 35 23
37 35 24
37 36 21
37 36 22
37 36 23
37 36 24
37 37 21
37 37 22
37 37 23
37 37 24
37 38 21
37 38 22
37 38 23
37 39 21
37 39 22
37 39 23
37 40 22
38 2 1
38 2 2
38 2 3
38 3 1
38 3 2
38 3 3
38 3 4
38 4 2
38 4 3
38 4 4
38 4 5
38 5 3
38 5 4
38 5 5
38 6 4
38 6 5
38 6 6
38 7 5
38 7 6
38 24 18
38 24 19
38 24 20
38 24 21
38 24 22
38 24 23
38 24 24
38 24 25
38 24 26
38 24 27
38 24 28
38 24 29
38 24 30
38 25 17
38 25 18
38 25 19
38 25 20
38 25 21
38 25 22
38 25 23
38 25 24
38 25 25
38 25 26
38 25 27
38 25 28
38 25 29
38 25 30
38 26 17
38 26 18
38 26 19
38 26 20
38 26 21
38 26 22
38 26 23
38 26 24
38 26 25
38 26 26
38 26 27
38 26 28
38 26 29
38 26 30
38 27 17
38 27 18
38 27 19
38 27 20
38 27 26
38 27 27
38 27 28
38 27 29
38 28 18
38 28 19
38 28 20
38 28 26
38 28 27
38 28 28
38 28 29
38 29 26
38 29 27
38 29 28
38 29 29
38 30 27
38 30 28
38 30 29
38 31 24
38 31 28
38 32 23
38 32 24
38 32 25
38 33 22
38 33 23
38 33 24
38 33 25
38 34 22
38 34 23
38 34 24
38 34 25
38 35 22
38 35 23
38 35 24
38 36 22
38 36 23
38 37 22
38 37 23
38 38 22
39 1 2
39 2 1
39 2 2
39 2 3
39 3 1
39 3 2
39 3 3
39 3 4
39 4 1
39 4 2
39 4 3
39 4 4
39 4 5
39 5 3
39 5 4
39 5 5
39 5 6
39 6 4
39 6 5
39 6 6
39 7 5
39 7 6
39 7 7
39 25 18
39 25 19
39 25 20
39 25 21
39 25 22
39 25 23
39 25 24
39 25 25
39 25 26
39 25 27
39 25 28
39 26 18
39 26 19
39 26 20
39 26 21
39 26 22
39 26 23
39 26 24
39 26 25
39 26 26
39 26 27
39 26 28
39 27 18
39 27 19
39 27 20
39 27 21
39 27 22
39 27 23
39 27 24
39 27 25
39 27 26
39 27 27
39 27 28
39 28 18
39 28 19
39 28 20
39 28 21
39 28 25
39 28 26
39 28 27
39 28 28
39 28 29
39 29 19
39 29 20
39 29 21
39 29 25
39 29 26
39 29 27
39 29 28
39 30 23
39 30 24
39 30 25
39 30 27
39 30 28
39 31 23
39 31 24
39 31 25
39 32 22
39 32 23
39 32 24
39 32 25
39 33 22
39 33 23
39 33 24
39 33 25
39 34 22
39 34 23
39 34 24
39 35 22
39 35 23
39 35 24
39 36 22
39 36 23
40 1 1
40 1 2
40 1 3
40 2 0
40 2 1
40 2 2
40 2 3
40 3 1
40 3 2
40 3 3
40 3 4
40 4 2
40 4 3
40 4 4
40 4 5
40 5 3
40 5 4
40 5 5
40 5 6
40 6 4
40 6 5
40 6 6
40 6 7
40 7 5
40 7 6
40 7 7
40 8 5
40 8 6
40 8 7
40 26 19
40 26 20
40 26 21
40 26 22
40 26 23
40 26 24
40 26 25
40 26 26
40 26 27
40 27 19
40 27 20
40 27 21
40 27 22
40 27 23
40 27 24
40 27 25
40 27 26
40 27 27
40 27 28
40 28 19
40 28 20
40 28 21
40 28 22
40 28 23
40 28 24
40 28 25
40 28 26
40 28 27
40 28 28
40 29 19
40 29 20
40 29 21
40 29 22
40 29 23
40 29 24
40 29 25
40 29 26
40 29 27
40 29 28
40 30 23
40 30 24
40 30 25
40 30 26
40 30 27
40 31 23
40 31 24
40 31 25
40 32 23
40 32 24
40 32 25
40 33 22
40 33 23
40 33 24
40 34 23
41 0 1
41 0 2
41 1 0
41 1 1
41 1 2
41 1 3
41 2 0
41 2 1
41 2 2
41 2 3
41 3 1
41 3 2
41 3 3
41 3 4
41 4 3
41 4 4
41 4 5
41 5 3
41 5 4
41 5 5
41 5 6
41 6 4
41 6 5
41 6 6
41 6 7
41 7 5
41 7 6
41 7 7
41 7 8
41 8 6
41 8 7
41 8 8
41 9 7
41 9 8
41 25 25
41 25 26
41 26 20
41 26 21
41 26 22
41 26 23
41 26 24
41 26 25
41 26 26
41 26 27
41 27 20
41 27 21
41 27 22
41 27 23
41 27 24
41 27 25
41 27 26
41 27 27
41 28 20
41 28 21
41 28 22
41 28 23
41 28 24
41 28 25
41 28 26
41 28 27
41 29 20
41 29 21
41 29 22
41 29 23
41 29 24
41 29 25
41 29 26
41 29 27
41 30 21
41 30 22
41 30 23
41 30 24
41 30 25
41 30 26
41 30 27
41 31 23
41 31 24
41 31 25
41 32 23
41 32 24
42 0 0
42 0 1
42 0 2
42 1 0
42 1 1
42 1 2
42 1 3
42 2 0
42 2 1
42 2 2
42 2 3
42 3 2
42 3 3
42 3 4
42 4 2
42 4 3
42 4 4
42 4 5
42 5 3
42 5 4
42 5 5
42 5 6
42 6 4
42 6 5
42 6 6
42 6 7
42 7 5
42 7 6
42 7 7
42 7 8
42 8 6
42 8 7
42 8 8
42 8 9
42 9 7
42 9 8
42 9 9
42 24 25
42 24 26
42 25 24
42 25 25
42 25 26
42 25 27
42 26 24
42 26 25
42 26 26
42 26 27
42 27 23
42 27 24
42 27 25
42 27 26
42 27 27
42 28 22
42 28 24
42 28 25
42 28 26
42 28 27
42 29 23
42 29 24
42 29 25
42 29 26
42 30 24
42 30 25
42 30 26
43 0 0
43 0 1
43 0 2
43 1 0
43 1 1
43 1 2
43 1 3
43 2 0
43 2 1
43 2 2
43 2 3
43 2 4
43 3 2
43 3 3
43 3 4
43 4 3
43 4 4
43 4 5
43 5 3
43 5 4
43 5 5
43 5 6
43 6 4
43 6 5
43 6 6
43 6 7
43 7 5
43 7 6
43 7 7
43 7 8
43 8 6
43 8 7
43 8 8
43 8 9
43 9 7
43 9 8
43 9 9
43 9 10
43 10 8
43 10 9
43 10 10
43 24 24
43 24 25
43 24 26
43 25 23
43 25 24
43 25 25
43 25 26
43 26 24
43 26 25
43 26 26
43 27 24
43 27 25
43 27 26
43 28 24
43 28 25
43 29 24
43 29 25
43 30 25
44 0 0
44 0 1
44 0 2
44 1 0
44 1 1
44 1 2
44 1 3
44 2 0
44 2 1
44 2 2
44 2 3
44 2 4
44 3 2
44 3 3
44 3 4
44 3 5
44 4 3
44 4 4
44 4 5
44 5 4
44 5 5
44 5 6
44 6 4
44 6 5
44 6 6
44 6 7
44 7 5
44 7 6
44 7 7
44 7 8
44 8 6
44 8 7
44 8 8
44 8 9
44 9 7
44 9 8
44 9 9
44 9 10
44 10 8
44 10 9
44 10 10
44 10 11
44 11 9
44 11 10
44 11 11
44 23 23
44 23 24
44 23 25
44 24 23
44 24 24
44 24 25
44 24 26
44 25 23
44 25 24
44 25 25
44 25 26
44 26 24
44 26 25
44 26 26
45 0 0
45 0 1
45 0 2
45 0 3
45 1 0
45 1 1
45 1 2
45 1 3
45 2 0
45 2 1
45 2 2
45 2 3
45 2 4
45 3 2
45 3 3
45 3 4
45 3 5
45 4 3
45 4 4
45 4 5
45 4 6
45 5 4
45 5 5
45 5 6
45 6 5
45 6 6
45 6 7
45 7 5
45 7 6
45 7 7
45 7 8
45 8 7
45 8 8
45 8 9
45 9 7
45 9 8
45 9 9
45 9 10
45 10 8
45 10 9
45 10 10
45 10 11
45 11 9
45 11 10
45 11 11
45 11 12
45 12 10
45 12 11
45 22 24
45 23 23
45 23 24
45 23 25
45 24 23
45 24 24
45 24 25
45 25 23
45 25 24
45 25 25
46 0 0
46 0 1
46 0 2
46 1 0
46 1 1
46 1 2
46 1 3
46 1 4
46 2 1
46 2 2
46 2 3
46 2 4
46 3 2
46 3 3
46 3 4
46 3 5
46 4 3
46 4 4
46 4 5
46 4 6
46 5 4
46 5 5
46 5 6
46 5 7
46 6 5
46 6 6
46 6 7
46 7 6
46 7 7
46 7 8
46 8 6
46 8 7
46 8 8
46 8 9
46 9 7
46 9 8
46 9 9
46 9 10
46 10 8
46 10 9
46 10 10
46 10 11
46 11 9
46 11 10
46 11 11
46 11 12
46 12 10
46 12 11
46 12 12
46 12 13
46 13 11
46 13 12
46 21 23
46 22 22
46 22 23
46 22 24
46 22 25
46 23 22
46 23 23
46 23 24
46 23 25
46 24 22
46 24 23
46 24 24
46 25 24
47 1 1
47 1 2
47 1 3
47 1 4
47 2 1
47 2 2
47 2 3
47 2 4
47 2 5
47 3 2
47 3 3
47 3 4
47 3 5
47 4 4
47 4 5
47 4 6
47 5 4
47 5 5
47 5 6
47 5 7
47 6 5
47 6 6
47 6 7
47 6 8
47 7 6
47 7 7
47 7 8
47 7 9
47 8 7
47 8 8
47 8 9
47 9 8
47 9 9
47 9 10
47 9 11
47 10 9
47 10 10
47 10 11
47 11 9
47 11 10
47 11 11
47 11 12
47 11 13
47 12 11
47 12 12
47 12 13
47 12 14
47 13 12
47 13 13
47 21 22
47 21 23
47 21 24
47 22 21
47 22 22
47 22 23
47 22 24
47 23 22
47 23 23
47 23 24
47 24 23
47 24 24
48 1 1
48 1 2
48 1 3
48 1 4
48 2 2
48 2 3
48 2 4
48 2 5
48 3 2
48 3 3
48 3 4
48 3 5
48 3 6
48 4 3
48 4 4
48 4 5
48 4 6
48 5 5
48 5 6
48 5 7
48 6 5
48 6 6
48 6 7
48 6 8
48 7 6
48 7 7
48 7 8
48 7 9
48 8 7
48 8 8
48 8 9
48 8 10
48 9 8
48 9 9
48 9 10
48 9 11
48 10 9
48 10 10
48 10 11
48 10 12
48 11 10
48 11 11
48 11 12
48 11 13
48 12 11
48 12 12
48 12 13
48 13 11
48 13 12
48 13 13
48 13 14
48 14 13
48 14 14
48 20 22
48 20 23
48 21 21
48 21 22
48 21 23
48 21 24
48 22 21
48 22 22
48 22 23
48 22 24
48 23 22
48 23 23
48 23 24
49 2 2
49 2 3
49 2 4
49 2 5
49 3 3
49 3 4
49 3 5
49 3 6
49 4 3
49 4 4
49 4 5
49 4 6
49 4 7
49 5 5
49 5 6
49 5 7
49 6 6
49 6 7
49 6 8
49 7 6
49 7 7
49 7 8
49 7 9
49 8 7
49 8 8
49 8 9
49 8 10
49 9 8
49 9 9
49 9 10
49 9 11
49 10 9
49 10 10
49 10 11
49 10 12
49 11 10
49 11 11
49 11 12
49 11 13
49 12 11
49 12 12
49 12 13
49 12 14
49 13 12
49 13 13
49 13 14
49 13 15
49 14 13
49 14 14
49 14 15
49 15 15
49 19 22
49 20 20
49 20 21
49 20 22
49 20 23
49 21 21
49 21 22
49 21 23
49 22 21
49 22 22
49 22 23
49 23 22
50 2 3
50 2 4
50 3 3
50 3 4
50 3 5
50 3 6
50 4 4
50 4 5
50 4 6
50 4 7
50 5 4
50 5 5
50 5 6
50 5 7
50 5 8
50 6 6
50 6 7
50 6 8
50 7 7
50 7 8
50 7 9
50 8 7
50 8 8
50 8 9
50 8 10
50 9 8
50 9 9
50 9 10
50 9 11
50 10 9
50 10 10
50 10 11
50 10 12
50 11 10
50 11 11
50 11 12
50 11 13
50 12 11
50 12 12
50 12 13
50 12 14
50 13 12
50 13 13
50 13 14
50 13 15
50 14 13
50 14 14
50 14 15
50 14 16
50 15 14
50 15 15
50 15 16
50 19 20
50 19 21
50 19 22
50 20 20
50 20 21
50 20 22
50 20 23
50 21 20
50 21 21
50 21 22
50 21 23
50 22 21
50 22 22
51 3 4
51 3 5
51 3 6
51 4 4
51 4 5
51 4 6
51 4 7
51 4 8
51 5 5
51 5 6
51 5 7
51 5 8
51 6 6
51 6 7
51 6 8
51 6 9
51 7 7
51 7 8
51 7 9
51 8 8
51 8 9
51 8 10
51 9 8
51 9 9
51 9 10
51 9 11
51 10 9
51 10 10
51 10 11
51 10 12
51 11 10
51 11 11
51 11 12
51 11 13
51 12 11
51 12 12
51 12 13
51 12 14
51 13 12
51 13 13
51 13 14
51 13 15
51 14 13
51 14 14
51 14 15
51 14 16
51 15 14
51 15 15
51 15 16
51 15 17
51 16 15
51 16 16
51 16 17
51 18 20
51 18 21
51 19 19
51 19 20
51 19 21
51 19 22
51 20 19
51 20 20
51 20 21
51 20 22
51 21 20
51 21 21
51 21 22
52 4 5
52 4 6
52 4 7
52 5 5
52 5 6
52 5 7
52 5 8
52 5 9
52 6 6
52 6 7
52 6 8
52 6 9
52 7 7
52 7 8
52 7 9
52 7 10
52 8 8
52 8 9
52 8 10
52 8 11
52 9 9
52 9 10
52 9 11
52 9 12
52 10 9
52 10 10
52 10 11
52 10 12
52 11 10
52 11 11
52 11 12
52 11 13
52 12 11
52 12 12
52 12 13
52 12 14
52 13 12
52 13 13
52 13 14
52 13 15
52 14 13
52 14 14
52 14 15
52 14 16
52 15 14
52 15 15
52 15 16
52 15 17
52 16 15
52 16 16
52 16 17
52 16 18
52 17 16
52 17 17
52 17 18
52 17 20
52 18 19
52 18 20
52 18 21
52 19 19
52 19 20
52 19 21
52 20 20
52 20 21
52 21 21
53 5 6
53 5 7
53 5 8
53 5 9
53 6 6
53 6 7
53 6 8
53 6 9
53 6 10
53 7 7
53 7 8
53 7 9
53 7 10
53 8 8
53 8 9
53 8 10
53 8 11
53 9 9
53 9 10
53 9 11
53 9 12
53 10 10
53 10 11
53 10 12
53 10 13
53 11 11
53 11 12
53 11 13
53 12 12
53 12 13
53 12 14
53 13 12
53 13 13
53 13 14
53 13 15
53 14 14
53 14 15
53 14 16
53 15 14
53 15 15
53 15 16
53 15 17
53 15 18
53 16 15
53 16 16
53 16 17
53 16 18
53 16 19
53 17 17
53 17 18
53 17 19
53 17 20
53 17 21
53 18 18
53 18 19
53 18 20
53 18 21
53 19 19
53 19 20
53 19 21
53 20 20
54 5 7
54 5 8
54 6 7
54 6 8
54 6 9
54 6 10
54 7 7
54 7 8
54 7 9
54 7 10
54 7 11
54 8 8
54 8 9
54 8 10
54 8 11
54 9 9
54 9 10
54 9 11
54 9 12
54 10 10
54 10 11
54 10 12
54 10 13
54 11 11
54 11 12
54 11 13
54 11 14
54 12 12
54 12 13
54 12 14
54 12 15
54 13 13
54 13 14
54 13 15
54 13 16
54 14 14
54 14 15
54 14 16
54 14 17
54 15 15
54 15 16
54 15 17
54 15 18
54 16 16
54 16 17
54 16 18
54 16 19
54 16 20
54 17 17
54 17 18
54 17 19
54 17 20
54 17 21
54 18 18
54 18 19
54 18 20
54 19 19
54 19 20
55 6 8
55 6 9
55 6 10
55 7 8
55 7 9
55 7 10
55 7 11
55 8 8
55 8 9
55 8 10
55 8 11
55 8 12
55 9 9
55 9 10
55 9 11
55 9 12
55 9 13
55 10 11
55 10 12
55 10 13
55 11 11
55 11 12
55 11 13
55 11 14
55 12 12
55 12 13
55 12 14
55 12 15
55 13 13
55 13 14
55 13 15
55 13 16
55 14 14
55 14 15
55 14 16
55 14 17
55 15 15
55 15 16
55 15 17
55 15 18
55 15 19
55 16 16
55 16 17
55 16 18
55 16 19
55 16 20
55 17 17
55 17 18
55 17 19
55 17 20
55 18 18
55 18 19
56 7 9
56 7 10
56 7 11
56 8 9
56 8 10
56 8 11
56 8 12
56 9 9
56 9 10
56 9 11
56 9 12
56 9 13
56 10 11
56 10 12
56 10 13
56 10 14
56 11 12
56 11 13
56 11 14
56 11 15
56 12 13
56 12 14
56 12 15
56 12 16
56 13 13
56 13 14
56 13 15
56 13 16
56 13 17
56 14 15
56 14 16
56 14 17
56 14 18
56 15 16
56 15 17
56 15 18
56 15 19
56 16 17
56 16 18
56 16 19
56 16 20
56 17 17
56 17 18
56 17 19
56 18 19
57 7 10
57 7 11
57 8 9
57 8 10
57 8 11
57 8 12
57 9 10
57 9 11
57 9 12
57 9 13
57 10 11
57 10 12
57 10 13
57 10 14
57 11 12
57 11 13
57 11 14
57 11 15
57 12 13
57 12 14
57 12 15
57 12 16
57 13 14
57 13 15
57 13 16
57 13 17
57 14 15
57 14 16
57 14 17
57 14 18
57 14 19
57 15 16
57 15 17
57 15 18
57 15 19
57 16 17
57 16 18
57 16 19
57 17 18
58 8 11
58 8 12
58 9 10
58 9 11
58 9 12
58 9 13
58 9 14
58 10 11
58 10 12
58 10 13
58 10 14
58 10 15
58 11 12
58 11 13
58 11 14
58 11 15
58 12 13
58 12 14
58 12 15
58 12 16
58 12 17
58 13 14
58 13 15
58 13 16
58 13 17
58 13 18
58 14 15
58 14 16
58 14 17
58 14 18
58 15 16
58 15 17
58 15 18
58 16 17
58 16 18
59 9 11
59 9 12
59 9 13
59 9 14
59 10 12
59 10 13
59 10 14
59 10 15
59 11 12
59 11 13
59 11 14
59 11 15
59 11 16
59 12 13
59 12 14
59 12 15
59 12 16
59 12 17
59 13 14
59 13 15
59 13 16
59 13 17
59 14 15
59 14 16
59 14 17
59 14 18
59 15 16
59 15 17
60 10 12
60 10 13
60 10 14
60 11 13
60 11 14
60 11 15
60 12 13
60 12 14
60 12 15
60 12 16
60 13 14
60 13 15
60 13 16
60 13 17
60 14 15
60 14 16
60 14 17
61 12 15
