0 1 28
0 29 30
0 29 31
0 29 32
0 30 30
1 0 26
1 0 27
1 0 28
1 1 25
1 1 26
1 1 27
1 1 28
1 2 25
1 2 26
1 2 27
1 2 28
1 3 25
1 3 26
1 3 27
1 4 26
1 29 27
1 29 28
1 29 29
1 29 30
1 29 31
1 29 32
1 29 33
1 30 27
1 30 28
1 30 29
1 30 30
1 30 31
1 30 32
1 30 33
1 31 29
1 31 30
1 31 31
1 31 32
2 0 26
2 0 27
2 0 28
2 1 25
2 1 26
2 1 27
2 1 28
2 2 25
2 2 26
2 2 27
2 2 28
2 3 24
2 3 25
2 3 26
2 3 27
2 3 28
2 4 24
2 4 25
2 4 26
2 4 27
2 5 24
2 5 25
2 5 26
2 5 27
2 6 24
2 6 25
2 6 26
2 7 24
2 7 25
2 8 25
2 29 26
2 29 27
2 29 28
2 29 29
2 29 30
2 29 31
2 29 32
2 29 33
2 29 34
2 30 26
2 30 27
2 30 28
2 30 29
2 30 30
2 30 31
2 30 32
2 30 33
2 30 34
2 31 28
2 31 29
2 31 30
2 31 31
2 31 32
2 31 33
2 32 29
2 32 30
3 0 26
3 0 27
3 1 26
3 1 27
3 2 25
3 2 26
3 2 27
3 3 25
3 3 26
3 3 27
3 4 24
3 4 25
3 4 26
3 5 24
3 5 25
3 5 26
3 6 23
3 6 24
3 6 25
3 6 26
3 7 23
3 7 24
3 7 25
3 7 26
3 8 23
3 8 24
3 8 25
3 9 23
3 9 24
3 9 25
3 10 23
3 10 24
3 11 23
3 29 25
3 29 26
3 29 27
3 29 28
3 29 32
3 29 33
3 29 34
3 29 35
3 30 25
3 30 26
3 30 27
3 30 28
3 30 29
3 30 30
3 30 31
3 30 32
3 30 33
3 30 34
3 30 35
3 31 26
3 31 27
3 31 28
3 31 29
3 31 30
3 31 31
3 31 32
3 31 33
3 31 34
3 32 27
3 32 28
3 32 29
3 32 30
3 32 31
3 32 32
4 3 25
4 3 26
4 4 25
4 4 26
4 5 24
4 5 25
4 5 26
4 6 23
4 6 24
4 6 25
4 7 23
4 7 24
4 7 25
4 8 22
4 8 23
4 8 24
4 8 25
4 8 26
4 9 22
4 9 23
4 9 24
4 9 25
4 10 21
4 10 22
4 10 23
4 10 24
4 11 21
4 11 22
4 11 23
4 11 24
4 12 21
4 12 22
4 12 23
4 13 21
4 13 22
4 13 23
4 29 23
4 29 24
4 29 25
4 29 26
4 29 27
4 29 33
4 29 34
4 29 35
4 29 36
4 30 23
4 30 24
4 30 25
4 30 26
4 30 27
4 30 28
4 30 29
4 30 30
4 30 31
4 30 32
4 30 33
4 30 34
4 30 35
4 30 36
4 31 25
4 31 26
4 31 27
4 31 28
4 31 29
4 31 30
4 31 31
4 31 32
4 31 33
4 31 34
4 32 26
4 32 27
4 32 28
4 32 29
4 32 30
4 32 31
4 32 32
4 32 33
5 6 24
5 7 23
5 7 24
5 7 25
5 8 22
5 8 23
5 8 24
5 8 25
5 8 26
5 9 22
5 9 23
5 9 24
5 9 25
5 9 26
5 10 21
5 10 22
5 10 23
5 10 24
5 11 21
5 11 22
5 11 23
5 11 24
5 12 20
5 12 21
5 12 22
5 12 23
5 12 24
5 13 20
5 13 21
5 13 22
5 13 23
5 14 20
5 14 21
5 14 22
5 15 20
5 15 21
5 15 22
5 16 20
5 16 21
5 29 22
5 29 23
5 29 24
5 29 25
5 29 34
5 29 35
5 29 36
5 30 22
5 30 23
5 30 24
5 30 25
5 30 26
5 30 27
5 30 28
5 30 29
5 30 30
5 30 31
5 30 32
5 30 33
5 30 34
5 30 35
5 30 36
5 31 23
5 31 24
5 31 25
5 31 26
5 31 27
5 31 28
5 31 29
5 31 30
5 31 31
5 31 32
5 31 33
5 31 34
5 31 35
5 32 24
5 32 25
5 32 26
5 32 27
5 32 28
5 32 29
5 32 30
5 32 31
5 32 32
5 32 33
5 32 34
6 7 24
6 7 25
6 7 26
6 8 24
6 8 25
6 8 26
6 8 27
6 9 23
6 9 24
6 9 25
6 9 26
6 9 27
6 10 22
6 10 23
6 11 21
6 11 22
6 11 23
6 12 21
6 12 22
6 12 23
6 13 20
6 13 21
6 13 22
6 13 23
6 14 20
6 14 21
6 14 22
6 14 23
6 15 19
6 15 20
6 15 21
6 15 22
6 16 19
6 16 20
6 16 21
6 16 22
6 17 19
6 17 20
6 17 21
6 18 19
6 18 20
6 18 21
6 19 19
6 19 20
6 20 19
6 29 21
6 29 22
6 29 23
6 29 24
6 29 35
6 29 36
6 29 37
6 30 21
6 30 22
6 30 23
6 30 24
6 30 25
6 30 26
6 30 27
6 30 28
6 30 29
6 30 30
6 30 31
6 30 32
6 30 33
6 30 34
6 30 35
6 30 36
6 30 37
6 31 22
6 31 23
6 31 24
6 31 25
6 31 26
6 31 27
6 31 28
6 31 29
6 31 30
6 31 31
6 31 32
6 31 33
6 31 34
6 31 35
6 31 36
6 32 23
6 32 24
6 32 25
6 32 26
6 32 27
6 32 28
6 32 29
6 32 30
6 32 31
6 32 32
6 32 33
6 32 34
7 7 24
7 7 25
7 7 26
7 8 24
7 8 25
7 8 26
7 8 27
7 8 28
7 9 24
7 9 25
7 9 26
7 9 27
7 12 22
7 13 20
7 13 21
7 13 22
7 14 20
7 14 21
7 14 22
7 15 19
7 15 20
7 15 21
7 16 19
7 16 20
7 16 21
7 17 18
7 17 19
7 17 20
7 17 21
7 18 18
7 18 19
7 18 20
7 18 21
7 19 17
7 19 18
7 19 19
7 19 20
7 19 21
7 20 17
7 20 18
7 20 19
7 20 20
7 21 17
7 21 18
7 21 19
7 22 18
7 23 18
7 29 19
7 29 20
7 29 21
7 29 22
7 29 35
7 29 36
7 29 37
7 29 38
7 30 19
7 30 20
7 30 21
7 30 22
7 30 23
7 30 24
7 30 25
7 30 26
7 30 27
7 30 28
7 30 29
7 30 30
7 30 31
7 30 32
7 30 33
7 30 34
7 30 35
7 30 36
7 30 37
7 30 38
7 31 21
7 31 22
7 31 23
7 31 24
7 31 25
7 31 26
7 31 27
7 31 28
7 31 29
7 31 30
7 31 31
7 31 32
7 31 33
7 31 34
7 31 35
7 31 36
7 31 37
7 32 21
7 32 22
7 32 23
7 32 24
7 32 25
7 32 26
7 32 27
7 32 28
7 32 29
7 32 30
7 32 31
7 32 32
7 32 33
7 32 34
7 32 35
8 7 25
8 7 26
8 7 27
8 8 25
8 8 26
8 8 27
8 8 28
8 8 29
8 9 25
8 9 26
8 9 27
8 9 28
8 15 20
8 16 19
8 16 20
8 17 18
8 17 19
8 17 20
8 18 18
8 18 19
8 18 20
8 19 17
8 19 18
8 19 19
8 19 20
8 20 17
8 20 18
8 20 19
8 20 20
8 21 16
8 21 17
8 21 18
8 21 19
8 21 20
8 22 16
8 22 17
8 22 18
8 22 19
8 23 16
8 23 17
8 23 18
8 23 19
8 24 16
8 24 17
8 24 18
8 25 16
8 25 17
8 26 17
8 29 18
8 29 19
8 29 20
8 29 21
8 29 36
8 29 37
8 29 38
8 30 18
8 30 19
8 30 20
8 30 21
8 30 22
8 30 23
8 30 24
8 30 25
8 30 26
8 30 27
8 30 28
8 30 29
8 30 30
8 30 31
8 30 32
8 30 33
8 30 34
8 30 35
8 30 36
8 30 37
8 30 38
8 31 19
8 31 20
8 31 21
8 31 22
8 31 23
8 31 24
8 31 25
8 31 26
8 31 27
8 31 28
8 31 29
8 31 30
8 31 31
8 31 32
8 31 33
8 31 34
8 31 35
8 31 36
8 31 37
8 31 38
8 32 20
8 32 21
8 32 22
8 32 23
8 32 24
8 32 25
8 32 26
8 32 27
8 32 28
8 32 29
8 32 30
8 32 31
8 32 32
8 32 33
8 32 34
8 32 35
8 32 36
9 7 26
9 7 27
9 7 28
9 8 26
9 8 27
9 8 28
9 8 29
9 9 26
9 9 27
9 9 28
9 9 29
9 18 18
9 19 18
9 19 19
9 20 17
9 20 18
9 20 19
9 21 16
9 21 17
9 21 18
9 21 19
9 22 16
9 22 17
9 22 18
9 23 15
9 23 16
9 23 17
9 23 18
9 24 15
9 24 16
9 24 17
9 24 18
9 25 14
9 25 15
9 25 16
9 25 17
9 25 18
9 26 14
9 26 15
9 26 16
9 26 17
9 27 14
9 27 15
9 27 16
9 28 14
9 28 15
9 28 16
9 29 14
9 29 15
9 29 16
9 29 17
9 29 18
9 29 19
9 29 37
9 29 38
9 29 39
9 30 16
9 30 17
9 30 18
9 30 19
9 30 20
9 30 21
9 30 22
9 30 23
9 30 24
9 30 25
9 30 26
9 30 27
9 30 28
9 30 29
9 30 30
9 30 31
9 30 32
9 30 33
9 30 34
9 30 35
9 30 36
9 30 37
9 30 38
9 30 39
9 31 18
9 31 19
9 31 20
9 31 21
9 31 22
9 31 23
9 31 24
9 31 25
9 31 26
9 31 27
9 31 28
9 31 29
9 31 30
9 31 31
9 31 32
9 31 33
9 31 34
9 31 35
9 31 36
9 31 37
9 31 38
9 32 18
9 32 19
9 32 20
9 32 21
9 32 22
9 32 23
9 32 24
9 32 25
9 32 26
9 32 27
9 32 28
9 32 29
9 32 30
9 32 31
9 32 32
9 32 33
9 32 34
9 32 35
9 32 36
9 32 37
10 7 26
10 7 27
10 7 28
10 7 29
10 8 26
10 8 27
10 8 28
10 8 29
10 8 30
10 9 26
10 9 27
10 9 28
10 9 29
10 9 30
10 21 17
10 21 18
10 22 17
10 22 18
10 23 16
10 23 17
10 23 18
10 24 15
10 24 16
10 24 17
10 25 15
10 25 16
10 25 17
10 26 14
10 26 15
10 26 16
10 26 17
10 27 13
10 27 14
10 27 15
10 27 16
10 27 17
10 28 12
10 28 13
10 28 14
10 28 15
10 28 16
10 29 12
10 29 13
10 29 14
10 29 15
10 29 16
10 29 17
10 29 18
10 29 37
10 29 38
10 29 39
10 29 40
10 30 12
10 30 13
10 30 14
10 30 15
10 30 16
10 30 17
10 30 18
10 30 19
10 30 20
10 30 21
10 30 22
10 30 23
10 30 24
10 30 25
10 30 26
10 30 27
10 30 28
10 30 29
10 30 30
10 30 31
10 30 32
10 30 33
10 30 34
10 30 35
10 30 36
10 30 37
10 30 38
10 30 39
10 30 40
10 31 14
10 31 17
10 31 18
10 31 19
10 31 20
10 31 21
10 31 22
10 31 23
10 31 24
10 31 25
10 31 26
10 31 27
10 31 28
10 31 29
10 31 30
10 31 31
10 31 32
10 31 33
10 31 34
10 31 35
10 31 36
10 31 37
10 31 38
10 31 39
10 32 14
10 32 17
10 32 18
10 32 19
10 32 20
10 32 21
10 32 22
10 32 23
10 32 24
10 32 25
10 32 26
10 32 27
10 32 28
10 32 29
10 32 30
10 32 31
10 32 32
10 32 33
10 32 34
10 32 35
10 32 36
10 32 37
10 32 38
11 7 27
11 7 28
11 7 29
11 8 27
11 8 28
11 8 29
11 8 30
11 8 31
11 9 27
11 9 28
11 9 29
11 9 30
11 24 16
11 25 15
11 25 16
11 26 15
11 26 16
11 27 13
11 27 14
11 27 15
11 27 16
11 28 12
11 28 13
11 28 14
11 28 15
11 29 10
11 29 11
11 29 12
11 29 13
11 29 14
11 29 15
11 29 16
11 29 17
11 29 38
11 29 39
11 29 40
11 29 41
11 30 10
11 30 11
11 30 12
11 30 13
11 30 14
11 30 15
11 30 16
11 30 17
11 30 18
11 30 19
11 30 20
11 30 21
11 30 22
11 30 23
11 30 24
11 30 25
11 30 26
11 30 27
11 30 28
11 30 29
11 30 30
11 30 31
11 30 32
11 30 33
11 30 34
11 30 35
11 30 36
11 30 37
11 30 38
11 30 39
11 30 40
11 30 41
11 31 10
11 31 11
11 31 12
11 31 13
11 31 14
11 31 15
11 31 16
11 31 17
11 31 18
11 31 19
11 31 20
11 31 21
11 31 22
11 31 23
11 31 24
11 31 25
11 31 26
11 31 27
11 31 28
11 31 29
11 31 30
11 31 31
11 31 32
11 31 33
11 31 34
11 31 35
11 31 36
11 31 37
11 31 38
11 31 39
11 31 40
11 32 12
11 32 13
11 32 14
11 32 16
11 32 17
11 32 18
11 32 19
11 32 20
11 32 21
11 32 22
11 32 23
11 32 24
11 32 25
11 32 26
11 32 27
11 32 28
11 32 29
11 32 30
11 32 31
11 32 32
11 32 33
11 32 34
11 32 35
11 32 36
11 32 37
11 32 38
11 33 12
11 33 13
11 34 12
11 34 13
11 35 12
12 7 28
12 7 29
12 7 30
12 8 28
12 8 29
12 8 30
12 8 31
12 9 28
12 9 29
12 9 30
12 9 31
12 26 11
12 27 11
12 27 14
12 27 15
12 28 10
12 28 11
12 28 12
12 28 14
12 28 15
12 29 10
12 29 11
12 29 12
12 29 13
12 29 14
12 29 15
12 29 16
12 29 39
12 29 40
12 29 41
12 30 9
12 30 10
12 30 11
12 30 12
12 30 13
12 30 14
12 30 15
12 30 16
12 30 17
12 30 18
12 30 19
12 30 20
12 30 21
12 30 22
12 30 23
12 30 24
12 30 25
12 30 26
12 30 27
12 30 28
12 30 29
12 30 30
12 30 31
12 30 32
12 30 33
12 30 34
12 30 35
12 30 36
12 30 37
12 30 38
12 30 39
12 30 40
12 30 41
12 31 9
12 31 10
12 31 11
12 31 12
12 31 13
12 31 14
12 31 15
12 31 16
12 31 17
12 31 18
12 31 19
12 31 20
12 31 21
12 31 22
12 31 23
12 31 24
12 31 25
12 31 26
12 31 27
12 31 28
12 31 29
12 31 30
12 31 31
12 31 32
12 31 33
12 31 34
12 31 35
12 31 36
12 31 37
12 31 38
12 31 39
12 31 40
12 32 10
12 32 11
12 32 12
12 32 13
12 32 14
12 32 15
12 32 16
12 32 17
12 32 18
12 32 19
12 32 20
12 32 21
12 32 22
12 32 23
12 32 24
12 32 25
12 32 26
12 32 27
12 32 28
12 32 29
12 32 30
12 32 31
12 32 32
12 32 33
12 32 34
12 32 35
12 32 36
12 32 37
12 32 38
12 32 39
12 33 11
12 33 12
12 33 13
12 33 14
12 34 10
12 34 11
12 34 12
12 34 13
12 35 10
12 35 11
12 35 12
12 35 13
12 36 10
12 36 11
12 36 12
12 36 13
12 37 10
12 37 11
12 37 12
12 38 11
13 7 29
13 7 30
13 7 31
13 8 29
13 8 30
13 8 31
13 8 32
13 9 29
13 9 30
13 9 31
13 9 32
13 20 10
13 21 10
13 22 9
13 22 10
13 23 9
13 23 10
13 23 11
13 24 9
13 24 10
13 24 11
13 25 9
13 25 10
13 25 11
13 26 9
13 26 10
13 26 11
13 26 12
13 27 9
13 27 10
13 27 11
13 27 12
13 28 9
13 28 10
13 28 11
13 28 12
13 29 9
13 29 10
13 29 11
13 29 12
13 29 13
13 29 14
13 29 40
13 29 41
13 29 42
13 30 9
13 30 10
13 30 11
13 30 12
13 30 13
13 30 14
13 30 15
13 30 16
13 30 17
13 30 18
13 30 19
13 30 20
13 30 21
13 30 22
13 30 23
13 30 24
13 30 25
13 30 26
13 30 27
13 30 28
13 30 29
13 30 30
13 30 31
13 30 32
13 30 33
13 30 34
13 30 35
13 30 36
13 30 37
13 30 38
13 30 39
13 30 40
13 30 41
13 30 42
13 31 9
13 31 10
13 31 11
13 31 12
13 31 13
13 31 14
13 31 15
13 31 16
13 31 17
13 31 18
13 31 19
13 31 20
13 31 21
13 31 22
13 31 23
13 31 24
13 31 25
13 31 26
13 31 27
13 31 28
13 31 29
13 31 30
13 31 31
13 31 32
13 31 33
13 31 34
13 31 35
13 31 36
13 31 37
13 31 38
13 31 39
13 31 40
13 31 41
13 32 9
13 32 10
13 32 11
13 32 12
13 32 13
13 32 14
13 32 15
13 32 16
13 32 17
13 32 18
13 32 19
13 32 20
13 32 21
13 32 22
13 32 23
13 32 24
13 32 25
13 32 26
13 32 27
13 32 28
13 32 29
13 32 30
13 32 31
13 32 32
13 32 33
13 32 34
13 32 35
13 32 36
13 32 37
13 32 38
13 32 39
13 32 40
13 33 10
13 33 11
13 33 12
13 33 13
13 34 10
13 34 11
13 34 12
13 34 13
13 35 10
13 35 11
13 35 12
13 35 13
13 36 9
13 36 10
13 36 11
13 36 12
13 36 13
13 37 9
13 37 10
13 37 11
13 37 12
13 38 9
13 38 10
13 38 11
13 38 12
13 39 9
13 39 10
13 39 11
13 40 9
13 40 10
14 7 30
14 7 31
14 8 30
14 8 31
14 8 32
14 8 33
14 9 30
14 9 31
14 9 32
14 12 8
14 13 8
14 14 8
14 14 9
14 15 8
14 15 9
14 16 8
14 16 9
14 17 8
14 17 9
14 17 10
14 18 8
14 18 9
14 18 10
14 19 8
14 19 9
14 19 10
14 20 8
14 20 9
14 20 10
14 20 11
14 21 8
14 21 9
14 21 10
14 21 11
14 22 8
14 22 9
14 22 10
14 22 11
14 23 8
14 23 9
14 23 10
14 23 11
14 24 8
14 24 9
14 24 10
14 24 11
14 25 9
14 25 10
14 25 11
14 25 12
14 26 9
14 26 10
14 26 11
14 26 12
14 27 9
14 27 10
14 27 11
14 27 12
14 28 9
14 28 10
14 28 11
14 28 12
14 29 10
14 29 11
14 29 12
14 29 13
14 29 40
14 29 41
14 29 42
14 29 43
14 30 10
14 30 11
14 30 12
14 30 13
14 30 14
14 30 15
14 30 16
14 30 17
14 30 18
14 30 19
14 30 20
14 30 21
14 30 22
14 30 23
14 30 24
14 30 25
14 30 26
14 30 27
14 30 28
14 30 29
14 30 30
14 30 31
14 30 32
14 30 33
14 30 34
14 30 35
14 30 36
14 30 37
14 30 38
14 30 39
14 30 40
14 30 41
14 30 42
14 30 43
14 31 10
14 31 11
14 31 12
14 31 13
14 31 14
14 31 15
14 31 16
14 31 17
14 31 18
14 31 19
14 31 20
14 31 21
14 31 22
14 31 23
14 31 24
14 31 25
14 31 26
14 31 27
14 31 28
14 31 29
14 31 30
14 31 31
14 31 32
14 31 33
14 31 34
14 31 35
14 31 36
14 31 37
14 31 38
14 31 39
14 31 40
14 31 41
14 31 42
14 32 11
14 32 12
14 32 13
14 32 14
14 32 15
14 32 16
14 32 17
14 32 18
14 32 19
14 32 20
14 32 21
14 32 22
14 32 23
14 32 24
14 32 25
14 32 26
14 32 27
14 32 28
14 32 29
14 32 30
14 32 31
14 32 32
14 32 33
14 32 34
14 32 35
14 32 36
14 32 37
14 32 38
14 32 39
14 32 40
14 33 11
14 33 12
14 34 11
14 34 12
14 35 10
14 35 11
14 35 12
14 36 10
14 36 11
14 36 12
14 37 9
14 37 10
14 37 11
14 37 12
14 38 8
14 38 9
14 38 10
14 38 11
14 38 12
14 39 8
14 39 9
14 39 10
14 39 11
14 40 8
14 40 9
14 40 10
14 40 11
14 41 8
14 41 9
14 41 10
14 42 8
14 42 9
14 42 10
14 43 8
14 43 9
14 44 8
15 6 7
15 7 7
15 7 30
15 7 31
15 7 32
15 8 7
15 8 8
15 8 30
15 8 31
15 8 32
15 8 33
15 8 34
15 9 6
15 9 7
15 9 8
15 9 30
15 9 31
15 9 32
15 9 33
15 10 6
15 10 7
15 10 8
15 11 6
15 11 7
15 11 8
15 12 6
15 12 7
15 12 8
15 12 9
15 13 6
15 13 7
15 13 8
15 13 9
15 14 6
15 14 7
15 14 8
15 14 9
15 15 6
15 15 7
15 15 8
15 15 9
15 15 10
15 16 7
15 16 8
15 16 9
15 16 10
15 17 7
15 17 8
15 17 9
15 17 10
15 18 7
15 18 8
15 18 9
15 18 10
15 19 7
15 19 8
15 19 9
15 19 10
15 20 8
15 20 9
15 20 10
15 21 8
15 21 9
15 21 10
15 22 8
15 22 9
15 22 10
15 23 8
15 23 9
15 23 10
15 24 8
15 24 9
15 24 10
15 24 11
15 25 9
15 25 10
15 25 11
15 26 9
15 26 10
15 26 11
15 27 9
15 27 10
15 27 11
15 28 10
15 28 11
15 29 10
15 29 11
15 29 41
15 29 42
15 29 43
15 29 44
15 30 10
15 30 11
15 30 12
15 30 13
15 30 14
15 30 15
15 30 16
15 30 17
15 30 18
15 30 19
15 30 20
15 30 21
15 30 22
15 30 23
15 30 24
15 30 25
15 30 26
15 30 27
15 30 28
15 30 29
15 30 30
15 30 31
15 30 32
15 30 33
15 30 34
15 30 35
15 30 36
15 30 37
15 30 38
15 30 39
15 30 40
15 30 41
15 30 42
15 30 43
15 30 44
15 31 10
15 31 11
15 31 12
15 31 13
15 31 14
15 31 15
15 31 16
15 31 17
15 31 18
15 31 19
15 31 20
15 31 21
15 31 22
15 31 23
15 31 24
15 31 25
15 31 26
15 31 27
15 31 28
15 31 29
15 31 30
15 31 31
15 31 32
15 31 33
15 31 34
15 31 35
15 31 36
15 31 37
15 31 38
15 31 39
15 31 40
15 31 41
15 31 42
15 32 11
15 32 12
15 32 13
15 32 14
15 32 15
15 32 16
15 32 17
15 32 18
15 32 19
15 32 20
15 32 21
15 32 22
15 32 23
15 32 24
15 32 25
15 32 26
15 32 27
15 32 28
15 32 29
15 32 30
15 32 31
15 32 32
15 32 33
15 32 34
15 32 35
15 32 36
15 32 37
15 32 38
15 32 39
15 32 40
15 32 41
15 36 11
15 37 9
15 37 10
15 37 11
15 38 9
15 38 10
15 38 11
15 39 8
15 39 9
15 39 10
15 40 8
15 40 9
15 40 10
15 41 7
15 41 8
15 41 9
15 41 10
15 42 7
15 42 8
15 42 9
15 42 10
15 43 6
15 43 7
15 43 8
15 43 9
15 44 6
15 44 7
15 44 8
15 44 9
15 45 6
15 45 7
15 45 8
15 46 6
15 46 7
15 46 8
15 47 7
16 1 5
16 1 6
16 2 5
16 2 6
16 3 5
16 3 6
16 3 7
16 4 5
16 4 6
16 4 7
16 5 5
16 5 6
16 5 7
16 6 5
16 6 6
16 6 7
16 6 8
16 7 5
16 7 6
16 7 7
16 7 8
16 7 31
16 7 32
16 7 33
16 8 5
16 8 6
16 8 7
16 8 8
16 8 31
16 8 32
16 8 33
16 8 34
16 9 5
16 9 6
16 9 7
16 9 8
16 9 31
16 9 32
16 9 33
16 9 34
16 10 5
16 10 6
16 10 7
16 10 8
16 11 6
16 11 7
16 11 8
16 11 9
16 12 6
16 12 7
16 12 8
16 12 9
16 13 6
16 13 7
16 13 8
16 13 9
16 14 6
16 14 7
16 14 8
16 14 9
16 15 6
16 15 7
16 15 8
16 15 9
16 16 7
16 16 8
16 16 9
16 17 7
16 17 8
16 17 9
16 18 8
16 18 9
16 18 10
16 19 8
16 19 9
16 19 10
16 20 8
16 20 9
16 20 10
16 21 8
16 21 9
16 21 10
16 22 9
16 22 10
16 23 9
16 23 10
16 24 10
16 29 9
16 29 10
16 29 11
16 29 42
16 29 43
16 29 44
16 30 10
16 30 11
16 30 12
16 30 13
16 30 14
16 30 15
16 30 16
16 30 17
16 30 18
16 30 19
16 30 20
16 30 21
16 30 22
16 30 23
16 30 24
16 30 25
16 30 26
16 30 27
16 30 28
16 30 29
16 30 30
16 30 31
16 30 32
16 30 33
16 30 34
16 30 35
16 30 36
16 30 37
16 30 38
16 30 39
16 30 40
16 30 41
16 30 42
16 30 43
16 30 44
16 31 10
16 31 11
16 31 12
16 31 13
16 31 14
16 31 15
16 31 16
16 31 17
16 31 18
16 31 19
16 31 20
16 31 21
16 31 22
16 31 23
16 31 24
16 31 25
16 31 26
16 31 27
16 31 28
16 31 29
16 31 30
16 31 31
16 31 32
16 31 33
16 31 34
16 31 35
16 31 36
16 31 37
16 31 38
16 31 39
16 31 40
16 31 41
16 31 42
16 31 43
16 32 11
16 32 12
16 32 13
16 32 14
16 32 15
16 32 16
16 32 17
16 32 18
16 32 19
16 32 20
16 32 21
16 32 22
16 32 23
16 32 24
16 32 25
16 32 26
16 32 27
16 32 28
16 32 29
16 32 30
16 32 31
16 32 32
16 32 33
16 32 34
16 32 35
16 32 36
16 32 37
16 32 38
16 32 39
16 32 40
16 32 41
16 32 42
16 39 10
16 40 8
16 40 9
16 40 10
16 41 8
16 41 9
16 41 10
16 42 7
16 42 8
16 42 9
16 43 7
16 43 8
16 43 9
16 44 6
16 44 7
16 44 8
16 44 9
16 45 5
16 45 6
16 45 7
16 45 8
16 45 9
16 46 5
16 46 6
16 46 7
16 46 8
16 47 5
16 47 6
16 47 7
16 47 8
16 48 5
16 48 6
16 48 7
16 49 5
16 49 6
16 50 6
17 0 4
17 0 5
17 0 6
17 1 3
17 1 4
17 1 5
17 1 6
17 1 7
17 2 4
17 2 5
17 2 6
17 2 7
17 3 4
17 3 5
17 3 6
17 3 7
17 4 4
17 4 5
17 4 6
17 4 7
17 5 4
17 5 5
17 5 6
17 5 7
17 6 5
17 6 6
17 6 7
17 7 5
17 7 6
17 7 7
17 7 32
17 7 33
17 7 34
17 8 5
17 8 6
17 8 7
17 8 8
17 8 9
17 8 32
17 8 33
17 8 34
17 8 35
17 9 5
17 9 6
17 9 7
17 9 8
17 9 9
17 9 32
17 9 33
17 9 34
17 9 35
17 10 5
17 10 6
17 10 7
17 10 8
17 11 6
17 11 7
17 11 8
17 12 6
17 12 7
17 12 8
17 13 6
17 13 7
17 13 8
17 14 7
17 14 8
17 15 7
17 15 8
17 16 8
17 17 8
17 29 9
17 29 10
17 29 11
17 29 12
17 29 42
17 29 43
17 29 44
17 29 45
17 30 10
17 30 11
17 30 12
17 30 13
17 30 14
17 30 15
17 30 16
17 30 17
17 30 18
17 30 19
17 30 20
17 30 21
17 30 22
17 30 23
17 30 24
17 30 25
17 30 26
17 30 27
17 30 28
17 30 29
17 30 30
17 30 31
17 30 32
17 30 33
17 30 34
17 30 35
17 30 36
17 30 37
17 30 38
17 30 39
17 30 40
17 30 41
17 30 42
17 30 43
17 30 44
17 30 45
17 31 10
17 31 11
17 31 12
17 31 13
17 31 14
17 31 15
17 31 16
17 31 17
17 31 18
17 31 19
17 31 20
17 31 21
17 31 22
17 31 23
17 31 24
17 31 25
17 31 26
17 31 27
17 31 28
17 31 29
17 31 30
17 31 31
17 31 32
17 31 33
17 31 34
17 31 35
17 31 36
17 31 37
17 31 38
17 31 39
17 31 40
17 31 41
17 31 42
17 31 43
17 31 44
17 32 11
17 32 12
17 32 13
17 32 14
17 32 15
17 32 16
17 32 17
17 32 18
17 32 19
17 32 20
17 32 21
17 32 22
17 32 23
17 32 24
17 32 25
17 32 26
17 32 27
17 32 28
17 32 29
17 32 30
17 32 31
17 32 32
17 32 33
17 32 34
17 32 35
17 32 36
17 32 37
17 32 38
17 32 39
17 32 40
17 32 41
17 32 42
17 42 7
17 42 8
17 43 7
17 43 8
17 44 6
17 44 7
17 44 8
17 45 6
17 45 7
17 45 8
17 46 5
17 46 6
17 46 7
17 47 4
17 47 5
17 47 6
17 47 7
17 48 4
17 48 5
17 48 6
17 48 7
17 49 3
17 49 4
17 49 5
17 49 6
17 49 7
17 50 3
17 50 4
17 50 5
17 50 6
17 51 3
17 51 4
17 51 5
17 52 3
17 52 4
17 52 5
17 53 4
18 0 4
18 0 5
18 0 6
18 1 4
18 1 5
18 1 6
18 2 4
18 2 5
18 2 6
18 3 4
18 3 5
18 3 6
18 4 4
18 4 5
18 4 6
18 4 7
18 5 5
18 5 6
18 5 7
18 6 5
18 6 6
18 6 7
18 7 5
18 7 6
18 7 7
18 7 32
18 7 33
18 7 34
18 8 6
18 8 7
18 8 8
18 8 9
18 8 10
18 8 32
18 8 33
18 8 34
18 8 35
18 8 36
18 9 6
18 9 7
18 9 8
18 9 9
18 9 10
18 9 32
18 9 33
18 9 34
18 9 35
18 10 7
18 29 9
18 29 10
18 29 11
18 29 12
18 29 43
18 29 44
18 29 45
18 29 46
18 30 10
18 30 11
18 30 12
18 30 13
18 30 14
18 30 15
18 30 16
18 30 17
18 30 18
18 30 19
18 30 20
18 30 21
18 30 22
18 30 23
18 30 24
18 30 25
18 30 26
18 30 27
18 30 28
18 30 29
18 30 30
18 30 31
18 30 32
18 30 33
18 30 34
18 30 35
18 30 36
18 30 37
18 30 38
18 30 39
18 30 40
18 30 41
18 30 42
18 30 43
18 30 44
18 30 45
18 30 46
18 31 11
18 31 12
18 31 13
18 31 14
18 31 15
18 31 16
18 31 17
18 31 18
18 31 19
18 31 20
18 31 21
18 31 22
18 31 23
18 31 24
18 31 25
18 31 26
18 31 27
18 31 28
18 31 29
18 31 30
18 31 31
18 31 32
18 31 33
18 31 34
18 31 35
18 31 36
18 31 37
18 31 38
18 31 39
18 31 40
18 31 41
18 31 42
18 31 43
18 31 44
18 31 45
18 32 11
18 32 12
18 32 13
18 32 14
18 32 15
18 32 16
18 32 17
18 32 18
18 32 19
18 32 20
18 32 21
18 32 22
18 32 23
18 32 24
18 32 25
18 32 26
18 32 27
18 32 28
18 32 29
18 32 30
18 32 31
18 32 32
18 32 33
18 32 34
18 32 35
18 32 36
18 32 37
18 32 38
18 32 39
18 32 40
18 32 41
18 32 42
18 32 43
18 45 6
18 45 7
18 46 6
18 46 7
18 47 5
18 47 6
18 47 7
18 48 4
18 48 5
18 48 6
18 49 4
18 49 5
18 49 6
18 50 3
18 50 4
18 50 5
18 50 6
18 51 3
18 51 4
18 51 5
18 51 6
18 52 2
18 52 3
18 52 4
18 52 5
18 53 2
18 53 3
18 53 4
18 53 5
18 54 2
18 54 3
18 54 4
18 55 2
18 55 3
18 55 4
18 56 3
19 0 4
19 0 5
19 1 4
19 1 5
19 2 5
19 3 5
19 4 5
19 7 33
19 7 34
19 7 35
19 8 7
19 8 8
19 8 9
19 8 10
19 8 33
19 8 34
19 8 35
19 8 36
19 9 7
19 9 8
19 9 9
19 9 10
19 9 33
19 9 34
19 9 35
19 9 36
19 29 10
19 29 11
19 29 12
19 29 13
19 29 44
19 29 45
19 29 46
19 30 10
19 30 11
19 30 12
19 30 13
19 30 14
19 30 15
19 30 16
19 30 17
19 30 18
19 30 19
19 30 20
19 30 21
19 30 22
19 30 23
19 30 24
19 30 25
19 30 26
19 30 27
19 30 28
19 30 29
19 30 30
19 30 31
19 30 32
19 30 33
19 30 34
19 30 35
19 30 36
19 30 37
19 30 38
19 30 39
19 30 40
19 30 41
19 30 42
19 30 43
19 30 44
19 30 45
19 30 46
19 31 11
19 31 12
19 31 13
19 31 14
19 31 15
19 31 16
19 31 17
19 31 18
19 31 19
19 31 20
19 31 21
19 31 22
19 31 23
19 31 24
19 31 25
19 31 26
19 31 27
19 31 28
19 31 29
19 31 30
19 31 31
19 31 32
19 31 33
19 31 34
19 31 35
19 31 36
19 31 37
19 31 38
19 31 39
19 31 40
19 31 41
19 31 42
19 31 43
19 31 44
19 31 45
19 31 46
19 32 12
19 32 13
19 32 14
19 32 15
19 32 16
19 32 17
19 32 18
19 32 19
19 32 20
19 32 21
19 32 22
19 32 23
19 32 24
19 32 25
19 32 26
19 32 27
19 32 28
19 32 29
19 32 30
19 32 31
19 32 32
19 32 33
19 32 34
19 32 35
19 32 36
19 32 37
19 32 38
19 32 39
19 32 40
19 32 41
19 32 42
19 32 43
19 32 44
19 48 5
19 49 4
19 49 5
19 49 6
19 49 7
19 50 4
19 50 5
19 50 6
19 50 7
19 51 3
19 51 4
19 51 5
19 51 6
19 52 2
19 52 3
19 52 4
19 52 5
19 52 6
19 53 2
19 53 3
19 53 4
19 53 5
19 54 1
19 54 2
19 54 3
19 54 4
19 54 5
19 55 1
19 55 2
19 55 3
19 55 4
19 56 1
19 56 2
19 56 3
19 56 4
19 57 1
19 57 2
19 57 3
20 7 34
20 7 35
20 7 36
20 8 8
20 8 9
20 8 10
20 8 11
20 8 34
20 8 35
20 8 36
20 8 37
20 9 8
20 9 9
20 9 10
20 9 11
20 9 34
20 9 35
20 9 36
20 9 37
20 29 11
20 29 12
20 29 13
20 29 14
20 29 45
20 29 46
20 29 47
20 30 11
20 30 12
20 30 13
20 30 14
20 30 15
20 30 16
20 30 17
20 30 18
20 30 19
20 30 20
20 30 21
20 30 22
20 30 23
20 30 24
20 30 25
20 30 26
20 30 27
20 30 28
20 30 29
20 30 30
20 30 31
20 30 32
20 30 33
20 30 34
20 30 35
20 30 36
20 30 37
20 30 38
20 30 39
20 30 40
20 30 41
20 30 42
20 30 43
20 30 44
20 30 45
20 30 46
20 30 47
20 31 11
20 31 12
20 31 13
20 31 14
20 31 15
20 31 16
20 31 17
20 31 18
20 31 19
20 31 20
20 31 21
20 31 22
20 31 23
20 31 24
20 31 25
20 31 26
20 31 27
20 31 28
20 31 29
20 31 30
20 31 31
20 31 32
20 31 33
20 31 34
20 31 35
20 31 36
20 31 37
20 31 38
20 31 39
20 31 40
20 31 41
20 31 42
20 31 43
20 31 44
20 31 45
20 31 46
20 32 13
20 32 14
20 32 15
20 32 16
20 32 17
20 32 18
20 32 19
20 32 20
20 32 21
20 32 22
20 32 23
20 32 24
20 32 25
20 32 26
20 32 27
20 32 28
20 32 29
20 32 30
20 32 31
20 32 32
20 32 33
20 32 34
20 32 35
20 32 36
20 32 37
20 32 38
20 32 39
20 32 40
20 32 41
20 32 42
20 32 43
20 32 44
20 32 45
20 49 5
20 49 6
20 49 7
20 50 5
20 50 6
20 50 7
20 51 4
20 51 5
20 51 6
20 52 3
20 52 4
20 52 5
20 52 6
20 53 2
20 53 3
20 53 4
20 53 5
20 53 6
20 54 2
20 54 3
20 54 4
20 54 5
20 55 1
20 55 2
20 55 3
20 55 4
20 55 5
20 56 0
20 56 1
20 56 2
20 56 3
20 56 4
20 57 1
20 57 2
20 57 3
20 57 4
20 58 1
20 58 2
20 58 3
21 7 34
21 7 35
21 7 36
21 8 8
21 8 9
21 8 10
21 8 11
21 8 12
21 8 34
21 8 35
21 8 36
21 8 37
21 8 38
21 9 8
21 9 9
21 9 10
21 9 11
21 9 12
21 9 34
21 9 35
21 9 36
21 9 37
21 9 38
21 29 11
21 29 12
21 29 13
21 29 14
21 29 45
21 29 46
21 29 47
21 30 12
21 30 13
21 30 14
21 30 15
21 30 16
21 30 17
21 30 18
21 30 19
21 30 20
21 30 21
21 30 22
21 30 23
21 30 24
21 30 25
21 30 26
21 30 27
21 30 28
21 30 29
21 30 30
21 30 31
21 30 32
21 30 33
21 30 34
21 30 35
21 30 36
21 30 37
21 30 38
21 30 39
21 30 40
21 30 41
21 30 42
21 30 43
21 30 44
21 30 45
21 30 46
21 30 47
21 31 12
21 31 13
21 31 14
21 31 15
21 31 16
21 31 17
21 31 18
21 31 19
21 31 20
21 31 21
21 31 22
21 31 23
21 31 24
21 31 25
21 31 26
21 31 27
21 31 28
21 31 29
21 31 30
21 31 31
21 31 32
21 31 33
21 31 34
21 31 35
21 31 36
21 31 37
21 31 38
21 31 39
21 31 40
21 31 41
21 31 42
21 31 43
21 31 44
21 31 45
21 31 46
21 31 47
21 32 13
21 32 14
21 32 15
21 32 16
21 32 17
21 32 18
21 32 19
21 32 20
21 32 21
21 32 22
21 32 23
21 32 24
21 32 25
21 32 26
21 32 27
21 32 28
21 32 29
21 32 30
21 32 31
21 32 32
21 32 33
21 32 34
21 32 35
21 32 36
21 32 37
21 32 38
21 32 39
21 32 40
21 32 41
21 32 42
21 32 43
21 32 44
21 32 45
21 49 6
21 49 7
21 49 8
21 50 5
21 50 6
21 50 7
21 50 8
21 51 4
21 51 5
21 51 6
21 51 7
21 52 4
21 52 5
21 52 6
21 53 4
21 53 5
21 53 6
21 54 2
21 54 3
21 54 4
21 54 5
21 54 6
21 55 2
21 55 3
21 55 4
21 55 5
21 56 1
21 56 2
21 56 3
21 56 4
21 56 5
21 57 1
21 57 2
21 57 3
21 57 4
21 58 1
21 58 2
21 58 3
21 58 4
21 59 1
21 59 2
21 59 3
22 7 35
22 7 36
22 7 37
22 8 9
22 8 10
22 8 11
22 8 12
22 8 35
22 8 36
22 8 37
22 8 38
22 8 39
22 9 9
22 9 10
22 9 11
22 9 12
22 9 35
22 9 36
22 9 37
22 9 38
22 29 12
22 29 13
22 29 14
22 29 15
22 29 46
22 29 47
22 30 13
22 30 14
22 30 15
22 30 16
22 30 17
22 30 18
22 30 19
22 30 20
22 30 21
22 30 22
22 30 23
22 30 24
22 30 25
22 30 26
22 30 27
22 30 28
22 30 29
22 30 30
22 30 31
22 30 32
22 30 33
22 30 34
22 30 35
22 30 36
22 30 37
22 30 38
22 30 39
22 30 40
22 30 41
22 30 42
22 30 43
22 30 44
22 30 45
22 30 46
22 30 47
22 31 13
22 31 14
22 31 15
22 31 16
22 31 17
22 31 18
22 31 19
22 31 20
22 31 21
22 31 22
22 31 23
22 31 24
22 31 25
22 31 26
22 31 27
22 31 28
22 31 29
22 31 30
22 31 31
22 31 32
22 31 33
22 31 34
22 31 35
22 31 36
22 31 37
22 31 38
22 31 39
22 31 40
22 31 41
22 31 42
22 31 43
22 31 44
22 31 45
22 31 46
22 31 47
22 32 14
22 32 15
22 32 16
22 32 17
22 32 18
22 32 19
22 32 20
22 32 21
22 32 22
22 32 23
22 32 24
22 32 25
22 32 26
22 32 27
22 32 28
22 32 29
22 32 30
22 32 31
22 32 32
22 32 33
22 32 34
22 32 35
22 32 36
22 32 37
22 32 38
22 32 39
22 32 40
22 32 41
22 32 42
22 32 43
22 32 44
22 32 45
22 32 46
22 49 6
22 49 7
22 49 8
22 49 9
22 50 5
22 50 6
22 50 7
22 50 8
22 50 9
22 51 5
22 51 6
22 51 7
22 51 8
22 52 4
22 52 5
22 52 6
22 52 7
22 53 4
22 53 5
22 53 6
22 53 7
22 54 4
22 54 5
22 54 6
22 55 3
22 55 4
22 55 5
22 55 6
22 56 2
22 56 3
22 56 4
22 56 5
22 57 1
22 57 2
22 57 3
22 57 4
22 57 5
22 58 1
22 58 2
22 58 3
22 58 4
22 59 1
22 59 2
22 59 3
22 59 4
22 60 3
23 7 36
23 7 37
23 7 38
23 8 10
23 8 11
23 8 12
23 8 13
23 8 36
23 8 37
23 8 38
23 8 39
23 9 10
23 9 11
23 9 12
23 9 13
23 9 36
23 9 37
23 9 38
23 9 39
23 29 13
23 29 14
23 29 15
23 29 16
23 29 46
23 29 47
23 30 13
23 30 14
23 30 15
23 30 16
23 30 17
23 30 18
23 30 19
23 30 20
23 30 21
23 30 22
23 30 23
23 30 24
23 30 25
23 30 26
23 30 27
23 30 28
23 30 29
23 30 30
23 30 31
23 30 32
23 30 33
23 30 34
23 30 35
23 30 36
23 30 37
23 30 38
23 30 39
23 30 40
23 30 41
23 30 42
23 30 43
23 30 44
23 30 45
23 30 46
23 30 47
23 31 14
23 31 15
23 31 16
23 31 17
23 31 18
23 31 19
23 31 20
23 31 21
23 31 22
23 31 23
23 31 24
23 31 25
23 31 26
23 31 27
23 31 28
23 31 29
23 31 30
23 31 31
23 31 32
23 31 33
23 31 34
23 31 35
23 31 36
23 31 37
23 31 38
23 31 39
23 31 40
23 31 41
23 31 42
23 31 43
23 31 44
23 31 45
23 31 46
23 31 47
23 32 15
23 32 16
23 32 17
23 32 18
23 32 19
23 32 20
23 32 21
23 32 22
23 32 23
23 32 24
23 32 25
23 32 26
23 32 27
23 32 28
23 32 29
23 32 30
23 32 31
23 32 32
23 32 33
23 32 34
23 32 35
23 32 36
23 32 37
23 32 38
23 32 39
23 32 40
23 32 41
23 32 42
23 32 43
23 32 44
23 32 45
23 32 46
23 49 7
23 49 8
23 49 9
23 50 6
23 50 7
23 50 8
23 50 9
23 51 5
23 51 6
23 51 7
23 51 8
23 52 5
23 52 6
23 52 7
23 52 8
23 53 4
23 53 5
23 53 6
23 53 7
23 54 4
23 54 5
23 54 6
23 54 7
23 55 4
23 55 5
23 55 6
23 56 3
23 56 4
23 56 5
23 56 6
23 57 1
23 57 2
23 57 3
23 57 4
23 57 5
23 58 1
23 58 2
23 58 3
23 58 4
23 58 5
23 59 1
23 59 2
23 59 3
23 59 4
23 60 1
23 60 2
23 60 3
23 60 4
24 7 37
24 7 38
24 7 39
24 8 10
24 8 11
24 8 12
24 8 13
24 8 14
24 8 37
24 8 38
24 8 39
24 8 40
24 9 10
24 9 11
24 9 12
24 9 13
24 9 14
24 9 37
24 9 38
24 9 39
24 9 40
24 29 13
24 29 14
24 29 15
24 29 16
24 29 46
24 29 47
24 30 14
24 30 15
24 30 16
24 30 17
24 30 18
24 30 19
24 30 20
24 30 21
24 30 22
24 30 23
24 30 24
24 30 25
24 30 26
24 30 27
24 30 28
24 30 29
24 30 30
24 30 31
24 30 32
24 30 33
24 30 34
24 30 35
24 30 36
24 30 37
24 30 38
24 30 39
24 30 40
24 30 41
24 30 42
24 30 43
24 30 44
24 30 45
24 30 46
24 30 47
24 31 14
24 31 15
24 31 16
24 31 17
24 31 18
24 31 19
24 31 20
24 31 21
24 31 22
24 31 23
24 31 24
24 31 25
24 31 26
24 31 27
24 31 28
24 31 29
24 31 30
24 31 31
24 31 32
24 31 33
24 31 34
24 31 35
24 31 36
24 31 37
24 31 38
24 31 39
24 31 40
24 31 41
24 31 42
24 31 43
24 31 44
24 31 45
24 31 46
24 31 47
24 32 15
24 32 16
24 32 17
24 32 18
24 32 19
24 32 20
24 32 21
24 32 22
24 32 23
24 32 24
24 32 25
24 32 26
24 32 27
24 32 28
24 32 29
24 32 30
24 32 31
24 32 32
24 32 33
24 32 34
24 32 35
24 32 36
24 32 37
24 32 38
24 32 39
24 32 40
24 32 41
24 32 42
24 32 43
24 32 44
24 32 45
24 32 46
24 49 8
24 49 9
24 49 10
24 50 6
24 50 7
24 50 8
24 50 9
24 50 10
24 51 6
24 51 7
24 51 8
24 51 9
24 52 6
24 52 7
24 52 8
24 52 9
24 53 5
24 53 6
24 53 7
24 53 8
24 54 4
24 54 5
24 54 6
24 54 7
24 55 4
24 55 5
24 55 6
24 55 7
24 56 4
24 56 5
24 56 6
24 56 7
24 57 3
24 57 4
24 57 5
24 57 6
24 58 2
24 58 3
24 58 4
24 58 5
24 58 6
24 59 1
24 59 2
24 59 3
24 59 4
24 59 5
24 60 2
24 60 3
24 60 4
24 60 5
25 0 46
25 1 46
25 7 38
25 7 39
25 8 11
25 8 12
25 8 13
25 8 14
25 8 15
25 8 38
25 8 39
25 8 40
25 8 41
25 9 11
25 9 12
25 9 13
25 9 14
25 9 15
25 9 38
25 9 39
25 9 40
25 9 41
25 29 14
25 29 15
25 29 16
25 29 17
25 29 45
25 29 46
25 29 47
25 30 15
25 30 16
25 30 17
25 30 18
25 30 19
25 30 20
25 30 21
25 30 22
25 30 23
25 30 24
25 30 25
25 30 26
25 30 27
25 30 28
25 30 29
25 30 30
25 30 31
25 30 32
25 30 33
25 30 34
25 30 35
25 30 36
25 30 37
25 30 38
25 30 39
25 30 40
25 30 41
25 30 42
25 30 43
25 30 44
25 30 45
25 30 46
25 30 47
25 31 15
25 31 16
25 31 17
25 31 18
25 31 19
25 31 20
25 31 21
25 31 22
25 31 23
25 31 24
25 31 25
25 31 26
25 31 27
25 31 28
25 31 29
25 31 30
25 31 31
25 31 32
25 31 33
25 31 34
25 31 35
25 31 36
25 31 37
25 31 38
25 31 39
25 31 40
25 31 41
25 31 42
25 31 43
25 31 44
25 31 45
25 31 46
25 32 16
25 32 17
25 32 18
25 32 19
25 32 20
25 32 21
25 32 22
25 32 23
25 32 24
25 32 25
25 32 26
25 32 27
25 32 28
25 32 29
25 32 30
25 32 31
25 32 32
25 32 33
25 32 34
25 32 35
25 32 36
25 32 37
25 32 38
25 32 39
25 32 40
25 32 41
25 32 42
25 32 43
25 32 44
25 32 45
25 49 8
25 49 9
25 49 10
25 49 11
25 50 7
25 50 8
25 50 9
25 50 10
25 50 11
25 51 7
25 51 8
25 51 9
25 51 10
25 52 6
25 52 7
25 52 8
25 52 9
25 53 6
25 53 7
25 53 8
25 54 5
25 54 6
25 54 7
25 54 8
25 55 5
25 55 6
25 55 7
25 56 4
25 56 5
25 56 6
25 56 7
25 57 4
25 57 5
25 57 6
25 58 2
25 58 3
25 58 4
25 58 5
25 58 6
25 59 2
25 59 3
25 59 4
25 59 5
25 59 6
25 60 2
25 60 3
25 60 4
25 60 5
26 0 44
26 0 45
26 0 46
26 1 44
26 1 45
26 1 46
26 2 44
26 2 45
26 2 46
26 3 44
26 3 45
26 3 46
26 4 45
26 7 38
26 7 39
26 7 40
26 8 12
26 8 13
26 8 14
26 8 15
26 8 16
26 8 38
26 8 39
26 8 40
26 8 41
26 8 42
26 9 12
26 9 13
26 9 14
26 9 15
26 9 16
26 9 38
26 9 39
26 9 40
26 9 41
26 29 15
26 29 16
26 29 17
26 29 18
26 29 44
26 29 45
26 29 46
26 30 15
26 30 16
26 30 17
26 30 18
26 30 19
26 30 20
26 30 21
26 30 22
26 30 23
26 30 24
26 30 25
26 30 26
26 30 27
26 30 28
26 30 29
26 30 30
26 30 31
26 30 32
26 30 33
26 30 34
26 30 35
26 30 36
26 30 37
26 30 38
26 30 39
26 30 40
26 30 41
26 30 42
26 30 43
26 30 44
26 30 45
26 30 46
26 31 16
26 31 17
26 31 18
26 31 19
26 31 20
26 31 21
26 31 22
26 31 23
26 31 24
26 31 25
26 31 26
26 31 27
26 31 28
26 31 29
26 31 30
26 31 31
26 31 32
26 31 33
26 31 34
26 31 35
26 31 36
26 31 37
26 31 38
26 31 39
26 31 40
26 31 41
26 31 42
26 31 43
26 31 44
26 31 45
26 32 17
26 32 18
26 32 19
26 32 20
26 32 21
26 32 22
26 32 23
26 32 24
26 32 25
26 32 26
26 32 27
26 32 28
26 32 29
26 32 30
26 32 31
26 32 32
26 32 33
26 32 34
26 32 35
26 32 36
26 32 37
26 32 38
26 32 39
26 32 40
26 32 41
26 32 42
26 32 43
26 32 44
26 49 9
26 49 10
26 49 11
26 49 12
26 50 8
26 50 9
26 50 10
26 50 11
26 50 12
26 51 8
26 51 9
26 51 10
26 52 6
26 52 7
26 52 8
26 52 9
26 52 10
26 53 6
26 53 7
26 53 8
26 53 9
26 54 6
26 54 7
26 54 8
26 54 9
26 55 6
26 55 7
26 55 8
26 56 5
26 56 6
26 56 7
26 56 8
26 57 4
26 57 5
26 57 6
26 57 7
26 58 3
26 58 4
26 58 5
26 58 6
26 58 7
26 59 3
26 59 4
26 59 5
26 59 6
26 59 7
26 60 3
26 60 4
26 60 5
26 60 6
27 0 44
27 0 45
27 0 46
27 1 44
27 1 45
27 1 46
27 2 43
27 2 44
27 2 45
27 2 46
27 3 43
27 3 44
27 3 45
27 3 46
27 4 43
27 4 44
27 4 45
27 5 43
27 5 44
27 5 45
27 6 43
27 6 44
27 7 39
27 7 40
27 7 41
27 7 43
27 8 13
27 8 14
27 8 15
27 8 16
27 8 39
27 8 40
27 8 41
27 8 42
27 9 13
27 9 14
27 9 15
27 9 16
27 9 39
27 9 40
27 9 41
27 9 42
27 29 16
27 29 17
27 29 18
27 29 19
27 29 42
27 29 43
27 29 44
27 29 45
27 30 16
27 30 17
27 30 18
27 30 19
27 30 20
27 30 21
27 30 22
27 30 23
27 30 24
27 30 25
27 30 26
27 30 27
27 30 28
27 30 29
27 30 30
27 30 31
27 30 32
27 30 33
27 30 34
27 30 35
27 30 36
27 30 37
27 30 38
27 30 39
27 30 40
27 30 41
27 30 42
27 30 43
27 30 44
27 30 45
27 31 17
27 31 18
27 31 19
27 31 20
27 31 21
27 31 22
27 31 23
27 31 24
27 31 25
27 31 26
27 31 27
27 31 28
27 31 29
27 31 30
27 31 31
27 31 32
27 31 33
27 31 34
27 31 35
27 31 36
27 31 37
27 31 38
27 31 39
27 31 40
27 31 41
27 31 42
27 31 43
27 31 44
27 32 18
27 32 19
27 32 20
27 32 21
27 32 22
27 32 23
27 32 24
27 32 25
27 32 26
27 32 27
27 32 28
27 32 29
27 32 30
27 32 31
27 32 32
27 32 33
27 32 34
27 32 35
27 32 36
27 32 37
27 32 38
27 32 39
27 32 40
27 32 41
27 32 42
27 48 11
27 49 10
27 49 11
27 49 12
27 49 13
27 50 9
27 50 10
27 50 11
27 50 12
27 51 8
27 51 9
27 51 10
27 51 11
27 52 7
27 52 8
27 52 9
27 52 10
27 52 11
27 53 7
27 53 8
27 53 9
27 53 10
27 54 6
27 54 7
27 54 8
27 54 9
27 55 6
27 55 7
27 55 8
27 55 9
27 56 5
27 56 6
27 56 7
27 56 8
27 57 5
27 57 6
27 57 7
27 57 8
27 58 4
27 58 5
27 58 6
27 58 7
27 59 3
27 59 4
27 59 5
27 59 6
27 59 7
27 60 3
27 60 4
27 60 5
27 60 6
27 60 7
28 0 44
28 1 44
28 1 45
28 1 46
28 2 44
28 2 45
28 3 43
28 3 44
28 3 45
28 4 42
28 4 43
28 4 44
28 4 45
28 5 42
28 5 43
28 5 44
28 6 42
28 6 43
28 6 44
28 7 40
28 7 41
28 7 42
28 7 43
28 7 44
28 8 14
28 8 15
28 8 16
28 8 17
28 8 40
28 8 41
28 8 42
28 8 43
28 8 44
28 9 14
28 9 15
28 9 16
28 9 17
28 9 40
28 9 41
28 9 42
28 9 43
28 10 42
28 29 16
28 29 17
28 29 18
28 29 19
28 29 41
28 29 42
28 29 43
28 29 44
28 30 17
28 30 18
28 30 19
28 30 20
28 30 21
28 30 22
28 30 23
28 30 24
28 30 25
28 30 26
28 30 27
28 30 28
28 30 29
28 30 30
28 30 31
28 30 32
28 30 33
28 30 34
28 30 35
28 30 36
28 30 37
28 30 38
28 30 39
28 30 40
28 30 41
28 30 42
28 30 43
28 30 44
28 31 17
28 31 18
28 31 19
28 31 20
28 31 21
28 31 22
28 31 23
28 31 24
28 31 25
28 31 26
28 31 27
28 31 28
28 31 29
28 31 30
28 31 31
28 31 32
28 31 33
28 31 34
28 31 35
28 31 36
28 31 37
28 31 38
28 31 39
28 31 40
28 31 41
28 31 42
28 32 18
28 32 19
28 32 20
28 32 21
28 32 22
28 32 23
28 32 24
28 32 25
28 32 26
28 32 27
28 32 28
28 32 29
28 32 30
28 32 31
28 32 32
28 32 33
28 32 34
28 32 35
28 32 36
28 32 37
28 32 38
28 32 39
28 32 40
28 32 41
28 48 11
28 48 12
28 49 10
28 49 11
28 49 12
28 49 13
28 50 10
28 50 11
28 50 12
28 50 13
28 51 9
28 51 10
28 51 11
28 51 12
28 52 8
28 52 9
28 52 10
28 52 11
28 53 8
28 53 9
28 53 10
28 53 11
28 54 7
28 54 8
28 54 9
28 54 10
28 55 6
28 55 7
28 55 8
28 55 9
28 56 6
28 56 7
28 56 8
28 56 9
28 57 6
28 57 7
28 57 8
28 57 9
28 58 4
28 58 5
28 58 6
28 58 7
28 58 8
28 59 4
28 59 5
28 59 6
28 59 7
28 59 8
28 60 4
28 60 5
28 60 6
28 60 7
29 3 43
29 3 44
29 4 43
29 4 44
29 5 42
29 5 43
29 5 44
29 6 42
29 6 43
29 6 44
29 7 40
29 7 41
29 7 42
29 7 43
29 8 14
29 8 15
29 8 16
29 8 17
29 8 18
29 8 40
29 8 41
29 8 42
29 8 43
29 9 14
29 9 15
29 9 16
29 9 17
29 9 18
29 9 40
29 9 41
29 9 42
29 9 43
29 10 40
29 10 41
29 10 42
29 10 43
29 11 40
29 11 41
29 11 42
29 12 40
29 12 41
29 13 40
29 13 41
29 29 17
29 29 18
29 29 19
29 29 20
29 29 39
29 29 40
29 29 41
29 29 42
29 30 18
29 30 19
29 30 20
29 30 21
29 30 22
29 30 23
29 30 24
29 30 25
29 30 26
29 30 27
29 30 28
29 30 29
29 30 30
29 30 31
29 30 32
29 30 33
29 30 34
29 30 35
29 30 36
29 30 37
29 30 38
29 30 39
29 30 40
29 30 41
29 30 42
29 31 18
29 31 19
29 31 20
29 31 21
29 31 22
29 31 23
29 31 24
29 31 25
29 31 26
29 31 27
29 31 28
29 31 29
29 31 30
29 31 31
29 31 32
29 31 33
29 31 34
29 31 35
29 31 36
29 31 37
29 31 38
29 31 39
29 31 40
29 31 41
29 32 19
29 32 20
29 32 21
29 32 22
29 32 23
29 32 24
29 32 25
29 32 26
29 32 27
29 32 28
29 32 29
29 32 30
29 32 31
29 32 32
29 32 33
29 32 34
29 32 35
29 32 36
29 32 37
29 32 38
29 32 39
29 32 40
29 48 12
29 48 13
29 49 11
29 49 12
29 49 13
29 49 14
29 50 10
29 50 11
29 50 12
29 50 13
29 50 14
29 51 10
29 51 11
29 51 12
29 51 13
29 52 9
29 52 10
29 52 11
29 52 12
29 53 8
29 53 9
29 53 10
29 53 11
29 53 12
29 54 8
29 54 9
29 54 10
29 54 11
29 55 7
29 55 8
29 55 9
29 55 10
29 56 7
29 56 8
29 56 9
29 56 10
29 57 7
29 57 8
29 57 9
29 58 5
29 58 6
29 58 7
29 58 8
29 58 9
29 59 5
29 59 6
29 59 7
29 59 8
29 59 9
29 60 5
29 60 6
29 60 7
29 60 8
30 6 42
30 7 41
30 7 42
30 7 43
30 8 15
30 8 16
30 8 17
30 8 18
30 8 41
30 8 42
30 8 43
30 9 15
30 9 16
30 9 17
30 9 18
30 9 40
30 9 41
30 9 42
30 10 40
30 10 41
30 10 42
30 11 39
30 11 40
30 11 41
30 11 42
30 12 39
30 12 40
30 12 41
30 12 42
30 13 39
30 13 40
30 13 41
30 14 39
30 14 40
30 14 41
30 15 39
30 15 40
30 16 39
30 16 40
30 29 18
30 29 19
30 29 20
30 29 21
30 29 38
30 29 39
30 29 40
30 29 41
30 30 18
30 30 19
30 30 20
30 30 21
30 30 22
30 30 23
30 30 24
30 30 25
30 30 26
30 30 27
30 30 28
30 30 29
30 30 30
30 30 31
30 30 32
30 30 33
30 30 34
30 30 35
30 30 36
30 30 37
30 30 38
30 30 39
30 30 40
30 30 41
30 31 19
30 31 20
30 31 21
30 31 22
30 31 23
30 31 24
30 31 25
30 31 26
30 31 27
30 31 28
30 31 29
30 31 30
30 31 31
30 31 32
30 31 33
30 31 34
30 31 35
30 31 36
30 31 37
30 31 38
30 31 39
30 31 40
30 32 20
30 32 21
30 32 22
30 32 23
30 32 24
30 32 25
30 32 26
30 32 27
30 32 28
30 32 29
30 32 30
30 32 31
30 32 32
30 32 33
30 32 34
30 32 35
30 32 36
30 32 37
30 32 38
30 48 12
30 48 13
30 49 12
30 49 13
30 49 14
30 49 15
30 50 11
30 50 12
30 50 13
30 50 14
30 51 10
30 51 11
30 51 12
30 51 13
30 51 14
30 52 10
30 52 11
30 52 12
30 52 13
30 53 9
30 53 10
30 53 11
30 53 12
30 54 8
30 54 9
30 54 10
30 54 11
30 54 12
30 55 8
30 55 9
30 55 10
30 55 11
30 56 8
30 56 9
30 56 10
30 57 7
30 57 8
30 57 9
30 57 10
30 58 6
30 58 7
30 58 8
30 58 9
30 59 6
30 59 7
30 59 8
30 59 9
30 60 6
30 60 7
30 60 8
30 60 9
31 8 16
31 8 17
31 8 18
31 8 19
31 9 16
31 9 17
31 9 18
31 9 19
31 9 41
31 9 42
31 10 40
31 10 41
31 10 42
31 11 39
31 11 40
31 11 41
31 12 39
31 12 40
31 12 41
31 13 38
31 13 39
31 13 40
31 13 41
31 14 38
31 14 39
31 14 40
31 15 37
31 15 38
31 15 39
31 15 40
31 16 37
31 16 38
31 16 39
31 16 40
31 17 37
31 17 38
31 17 39
31 18 37
31 18 38
31 18 39
31 19 38
31 29 19
31 29 20
31 29 21
31 29 22
31 29 36
31 29 37
31 29 38
31 29 39
31 29 40
31 30 19
31 30 20
31 30 21
31 30 22
31 30 23
31 30 24
31 30 25
31 30 26
31 30 27
31 30 28
31 30 29
31 30 30
31 30 31
31 30 32
31 30 33
31 30 34
31 30 35
31 30 36
31 30 37
31 30 38
31 30 39
31 30 40
31 31 20
31 31 21
31 31 22
31 31 23
31 31 24
31 31 25
31 31 26
31 31 27
31 31 28
31 31 29
31 31 30
31 31 31
31 31 32
31 31 33
31 31 34
31 31 35
31 31 36
31 31 37
31 31 38
31 32 21
31 32 22
31 32 23
31 32 24
31 32 25
31 32 26
31 32 27
31 32 28
31 32 29
31 32 30
31 32 31
31 32 32
31 32 33
31 32 34
31 32 35
31 32 36
31 32 37
31 48 13
31 48 14
31 49 13
31 49 14
31 49 15
31 49 16
31 50 12
31 50 13
31 50 14
31 50 15
31 51 11
31 51 12
31 51 13
31 51 14
31 51 15
31 52 11
31 52 12
31 52 13
31 52 14
31 53 10
31 53 11
31 53 12
31 53 13
31 54 9
31 54 10
31 54 11
31 54 12
31 54 13
31 55 9
31 55 10
31 55 11
31 55 12
31 56 8
31 56 9
31 56 10
31 56 11
31 57 8
31 57 9
31 57 10
31 58 7
31 58 8
31 58 9
31 58 10
31 59 6
31 59 7
31 59 8
31 59 9
31 59 10
31 60 6
31 60 7
31 60 8
31 60 9
31 60 10
32 8 16
32 8 17
32 8 18
32 8 19
32 8 20
32 9 16
32 9 17
32 9 18
32 9 19
32 9 20
32 13 39
32 13 40
32 14 38
32 14 39
32 14 40
32 15 38
32 15 39
32 15 40
32 16 37
32 16 38
32 16 39
32 17 36
32 17 37
32 17 38
32 17 39
32 18 36
32 18 37
32 18 38
32 18 39
32 19 36
32 19 37
32 19 38
32 19 39
32 20 36
32 20 37
32 20 38
32 21 36
32 21 37
32 21 38
32 22 37
32 29 19
32 29 20
32 29 21
32 29 22
32 29 35
32 29 36
32 29 37
32 29 38
32 30 20
32 30 21
32 30 22
32 30 23
32 30 24
32 30 25
32 30 26
32 30 27
32 30 28
32 30 29
32 30 30
32 30 31
32 30 32
32 30 33
32 30 34
32 30 35
32 30 36
32 30 37
32 30 38
32 31 20
32 31 21
32 31 22
32 31 23
32 31 24
32 31 25
32 31 26
32 31 27
32 31 28
32 31 29
32 31 30
32 31 31
32 31 32
32 31 33
32 31 34
32 31 35
32 31 36
32 31 37
32 32 21
32 32 22
32 32 23
32 32 24
32 32 25
32 32 26
32 32 27
32 32 28
32 32 29
32 32 30
32 32 31
32 32 32
32 32 33
32 32 34
32 32 35
32 32 36
32 48 14
32 48 15
32 49 14
32 49 15
32 49 16
32 50 13
32 50 14
32 50 15
32 50 16
32 51 12
32 51 13
32 51 14
32 51 15
32 52 12
32 52 13
32 52 14
32 52 15
32 53 11
32 53 12
32 53 13
32 53 14
32 54 10
32 54 11
32 54 12
32 54 13
32 55 10
32 55 11
32 55 12
32 56 9
32 56 10
32 56 11
32 56 12
32 57 8
32 57 9
32 57 10
32 57 11
32 58 8
32 58 9
32 58 10
32 58 11
32 59 7
32 59 8
32 59 9
32 59 10
32 59 11
32 60 7
32 60 8
32 60 9
32 60 10
33 8 17
33 8 18
33 8 19
33 8 20
33 9 17
33 9 18
33 9 19
33 9 20
33 15 38
33 16 37
33 16 38
33 16 39
33 17 36
33 17 37
33 17 38
33 18 36
33 18 37
33 18 38
33 19 35
33 19 36
33 19 37
33 19 38
33 20 35
33 20 36
33 20 37
33 20 38
33 21 34
33 21 35
33 21 36
33 21 37
33 21 38
33 22 34
33 22 35
33 22 36
33 22 37
33 23 34
33 23 35
33 23 36
33 23 37
33 24 34
33 24 35
33 24 36
33 25 34
33 25 35
33 26 35
33 29 20
33 29 21
33 29 22
33 29 23
33 29 34
33 29 35
33 29 36
33 29 37
33 30 20
33 30 21
33 30 22
33 30 23
33 30 24
33 30 25
33 30 26
33 30 27
33 30 28
33 30 29
33 30 30
33 30 31
33 30 32
33 30 33
33 30 34
33 30 35
33 30 36
33 30 37
33 31 21
33 31 22
33 31 23
33 31 24
33 31 25
33 31 26
33 31 27
33 31 28
33 31 29
33 31 30
33 31 31
33 31 32
33 31 33
33 31 34
33 31 35
33 31 36
33 32 22
33 32 23
33 32 24
33 32 25
33 32 26
33 32 27
33 32 28
33 32 29
33 32 30
33 32 31
33 32 32
33 32 33
33 32 34
33 48 14
33 48 15
33 49 14
33 49 15
33 49 16
33 49 17
33 50 14
33 50 15
33 50 16
33 50 17
33 51 12
33 51 13
33 51 14
33 51 15
33 51 16
33 52 12
33 52 13
33 52 14
33 52 15
33 52 16
33 53 12
33 53 13
33 53 14
33 53 15
33 54 10
33 54 11
33 54 12
33 54 13
33 54 14
33 55 10
33 55 11
33 55 12
33 55 13
33 56 10
33 56 11
33 56 12
33 56 13
33 57 9
33 57 10
33 57 11
33 57 12
33 58 8
33 58 9
33 58 10
33 58 11
33 58 12
33 59 8
33 59 9
33 59 10
33 59 11
33 59 12
33 60 8
33 60 9
33 60 10
33 60 11
34 8 18
34 8 19
34 8 20
34 8 21
34 9 18
34 9 19
34 9 20
34 9 21
34 19 36
34 19 37
34 19 38
34 20 35
34 20 36
34 20 37
34 21 35
34 21 36
34 21 37
34 22 34
34 22 35
34 22 36
34 22 37
34 23 34
34 23 35
34 23 36
34 24 33
34 24 34
34 24 35
34 24 36
34 25 33
34 25 34
34 25 35
34 25 36
34 26 33
34 26 34
34 26 35
34 27 33
34 27 34
34 27 35
34 28 33
34 28 34
34 29 21
34 29 22
34 29 23
34 29 24
34 29 33
34 29 34
34 29 35
34 29 36
34 30 21
34 30 22
34 30 23
34 30 24
34 30 25
34 30 26
34 30 27
34 30 28
34 30 29
34 30 30
34 30 31
34 30 32
34 30 33
34 30 34
34 30 35
34 30 36
34 31 22
34 31 23
34 31 24
34 31 25
34 31 26
34 31 27
34 31 28
34 31 29
34 31 30
34 31 31
34 31 32
34 31 33
34 31 34
34 32 23
34 32 24
34 32 25
34 32 26
34 32 27
34 32 28
34 32 29
34 32 30
34 32 31
34 32 32
34 32 33
34 49 15
34 49 16
34 49 17
34 49 18
34 50 14
34 50 15
34 50 16
34 50 17
34 50 18
34 51 14
34 51 15
34 51 16
34 51 17
34 52 13
34 52 14
34 52 15
34 52 16
34 53 12
34 53 13
34 53 14
34 53 15
34 54 11
34 54 12
34 54 13
34 54 14
34 54 15
34 55 11
34 55 12
34 55 13
34 55 14
34 56 10
34 56 11
34 56 12
34 56 13
34 57 10
34 57 11
34 57 12
34 57 13
34 58 9
34 58 10
34 58 11
34 58 12
34 59 8
34 59 9
34 59 10
34 59 11
34 59 12
34 60 8
34 60 9
34 60 10
34 60 11
34 60 12
35 8 18
35 8 19
35 8 20
35 8 21
35 8 22
35 9 18
35 9 19
35 9 20
35 9 21
35 9 22
35 21 36
35 22 35
35 22 36
35 23 34
35 23 35
35 23 36
35 24 33
35 24 34
35 24 35
35 24 36
35 25 33
35 25 34
35 25 35
35 26 32
35 26 33
35 26 34
35 26 35
35 27 32
35 27 33
35 27 34
35 27 35
35 28 32
35 28 33
35 28 34
35 28 35
35 29 21
35 29 22
35 29 23
35 29 24
35 29 31
35 29 32
35 29 33
35 29 34
35 30 22
35 30 23
35 30 24
35 30 25
35 30 26
35 30 27
35 30 28
35 30 29
35 30 30
35 30 31
35 30 32
35 30 33
35 30 34
35 31 22
35 31 23
35 31 24
35 31 25
35 31 26
35 31 27
35 31 28
35 31 29
35 31 30
35 31 31
35 31 32
35 31 33
35 32 23
35 32 24
35 32 25
35 32 26
35 32 27
35 32 28
35 32 29
35 32 30
35 32 31
35 49 16
35 49 17
35 49 18
35 49 19
35 50 15
35 50 16
35 50 17
35 50 18
35 50 19
35 51 14
35 51 15
35 51 16
35 51 17
35 51 18
35 52 14
35 52 15
35 52 16
35 52 17
35 53 13
35 53 14
35 53 15
35 53 16
35 54 12
35 54 13
35 54 14
35 54 15
35 54 16
35 55 12
35 55 13
35 55 14
35 55 15
35 56 11
35 56 12
35 56 13
35 56 14
35 57 10
35 57 11
35 57 12
35 57 13
35 57 14
35 58 10
35 58 11
35 58 12
35 58 13
35 59 9
35 59 10
35 59 11
35 59 12
35 59 13
35 60 9
35 60 10
35 60 11
35 60 12
35 60 13
36 8 19
36 8 20
36 8 21
36 8 22
36 8 23
36 9 19
36 9 20
36 9 21
36 9 22
36 9 23
36 25 33
36 25 34
36 25 35
36 26 33
36 26 34
36 26 35
36 27 32
36 27 33
36 27 34
36 28 32
36 28 33
36 28 34
36 29 22
36 29 23
36 29 24
36 29 25
36 29 30
36 29 31
36 29 32
36 29 33
36 29 34
36 30 23
36 30 24
36 30 25
36 30 26
36 30 27
36 30 28
36 30 29
36 30 30
36 30 31
36 30 32
36 30 33
36 30 34
36 31 23
36 31 24
36 31 25
36 31 26
36 31 27
36 31 28
36 31 29
36 31 30
36 31 31
36 31 32
36 31 33
36 32 24
36 32 25
36 32 26
36 32 27
36 32 28
36 32 29
36 32 30
36 32 31
36 32 32
36 32 33
36 33 30
36 33 31
36 33 32
36 34 30
36 34 31
36 49 17
36 49 18
36 49 19
36 50 16
36 50 17
36 50 18
36 50 19
36 51 15
36 51 16
36 51 17
36 51 18
36 52 14
36 52 15
36 52 16
36 52 17
36 52 18
36 53 14
36 53 15
36 53 16
36 53 17
36 54 13
36 54 14
36 54 15
36 54 16
36 55 12
36 55 13
36 55 14
36 55 15
36 56 12
36 56 13
36 56 14
36 56 15
36 57 11
36 57 12
36 57 13
36 57 14
36 58 10
36 58 11
36 58 12
36 58 13
36 58 14
36 59 10
36 59 11
36 59 12
36 59 13
36 59 14
36 60 10
36 60 11
36 60 12
36 60 13
37 8 20
37 8 21
37 8 22
37 8 23
37 8 24
37 9 20
37 9 21
37 9 22
37 9 23
37 9 24
37 26 30
37 26 33
37 27 30
37 27 31
37 27 32
37 27 33
37 28 30
37 28 31
37 28 32
37 28 33
37 29 23
37 29 24
37 29 25
37 29 26
37 29 27
37 29 28
37 29 29
37 29 30
37 29 31
37 29 32
37 29 33
37 30 23
37 30 24
37 30 25
37 30 26
37 30 27
37 30 28
37 30 29
37 30 30
37 30 31
37 30 32
37 30 33
37 31 24
37 31 25
37 31 26
37 31 27
37 31 28
37 31 29
37 31 30
37 31 31
37 31 32
37 32 25
37 32 26
37 32 27
37 32 28
37 32 29
37 32 30
37 32 31
37 32 32
37 33 29
37 33 30
37 33 31
37 33 32
37 34 29
37 34 30
37 34 31
37 34 32
37 35 29
37 35 30
37 35 31
37 36 29
37 36 30
37 36 31
37 37 29
37 37 30
37 38 30
37 49 18
37 49 19
37 49 20
37 50 16
37 50 17
37 50 18
37 50 19
37 50 20
37 51 16
37 51 17
37 51 18
37 51 19
37 52 15
37 52 16
37 52 17
37 52 18
37 52 19
37 53 14
37 53 15
37 53 16
37 53 17
37 53 18
37 54 14
37 54 15
37 54 16
37 54 17
37 55 13
37 55 14
37 55 15
37 55 16
37 55 17
37 56 12
37 56 13
37 56 14
37 56 15
37 56 16
37 57 12
37 57 13
37 57 14
37 57 15
37 58 11
37 58 12
37 58 13
37 58 14
37 58 15
37 59 10
37 59 11
37 59 12
37 59 13
37 59 14
37 59 15
37 60 10
37 60 11
37 60 12
37 60 13
37 60 14
38 8 21
38 8 22
38 8 23
38 8 24
38 9 21
38 9 22
38 9 23
38 9 24
38 20 28
38 21 28
38 22 28
38 23 28
38 23 29
38 24 28
38 24 29
38 25 28
38 25 29
38 25 30
38 26 28
38 26 29
38 26 30
38 27 28
38 27 29
38 27 30
38 27 32
38 27 33
38 28 28
38 28 29
38 28 30
38 28 31
38 28 32
38 28 33
38 29 24
38 29 25
38 29 26
38 29 27
38 29 28
38 29 29
38 29 30
38 29 31
38 29 32
38 29 33
38 30 24
38 30 25
38 30 26
38 30 27
38 30 28
38 30 29
38 30 30
38 30 31
38 30 32
38 31 25
38 31 26
38 31 27
38 31 28
38 31 29
38 31 30
38 31 31
38 31 32
38 32 28
38 32 29
38 32 30
38 32 31
38 32 32
38 33 28
38 33 29
38 33 30
38 33 31
38 33 32
38 34 29
38 34 30
38 34 31
38 35 28
38 35 29
38 35 30
38 35 31
38 36 28
38 36 29
38 36 30
38 36 31
38 37 28
38 37 29
38 37 30
38 38 28
38 38 29
38 38 30
38 39 28
38 39 29
38 40 28
38 49 18
38 49 19
38 49 20
38 49 21
38 50 17
38 50 18
38 50 19
38 50 20
38 50 21
38 51 17
38 51 18
38 51 19
38 51 20
38 52 16
38 52 17
38 52 18
38 52 19
38 53 15
38 53 16
38 53 17
38 53 18
38 54 14
38 54 15
38 54 16
38 54 17
38 54 18
38 55 14
38 55 15
38 55 16
38 55 17
38 56 13
38 56 14
38 56 15
38 56 16
38 56 17
38 57 13
38 57 14
38 57 15
38 57 16
38 58 12
38 58 13
38 58 14
38 58 15
38 58 16
38 59 11
38 59 12
38 59 13
38 59 14
38 59 15
38 60 11
38 60 12
38 60 13
38 60 14
38 60 15
39 8 21
39 8 22
39 8 23
39 8 24
39 8 25
39 9 21
39 9 22
39 9 23
39 9 24
39 9 25
39 14 27
39 15 27
39 16 26
39 16 27
39 17 26
39 17 27
39 17 28
39 18 26
39 18 27
39 18 28
39 19 26
39 19 27
39 19 28
39 20 26
39 20 27
39 20 28
39 20 29
39 21 26
39 21 27
39 21 28
39 21 29
39 22 26
39 22 27
39 22 28
39 22 29
39 23 27
39 23 28
39 23 29
39 24 27
39 24 28
39 24 29
39 25 27
39 25 28
39 25 29
39 26 27
39 26 28
39 26 29
39 26 30
39 27 27
39 27 28
39 27 29
39 27 30
39 28 28
39 28 29
39 28 30
39 28 31
39 29 25
39 29 26
39 29 27
39 29 28
39 29 29
39 29 30
39 29 31
39 30 25
39 30 26
39 30 27
39 30 28
39 30 29
39 30 30
39 30 31
39 31 28
39 31 29
39 31 30
39 32 29
39 32 30
39 33 29
39 33 30
39 34 29
39 34 30
39 34 31
39 35 28
39 35 29
39 35 30
39 36 28
39 36 29
39 36 30
39 37 27
39 37 28
39 37 29
39 37 30
39 38 27
39 38 28
39 38 29
39 39 26
39 39 27
39 39 28
39 39 29
39 40 26
39 40 27
39 40 28
39 40 29
39 41 26
39 41 27
39 41 28
39 42 26
39 42 27
39 42 28
39 43 27
39 49 19
39 49 20
39 49 21
39 50 18
39 50 19
39 50 20
39 50 21
39 51 18
39 51 19
39 51 20
39 51 21
39 52 16
39 52 17
39 52 18
39 52 19
39 52 20
39 53 16
39 53 17
39 53 18
39 53 19
39 54 16
39 54 17
39 54 18
39 54 19
39 55 15
39 55 16
39 55 17
39 55 18
39 56 14
39 56 15
39 56 16
39 56 17
39 57 14
39 57 15
39 57 16
39 57 17
39 58 12
39 58 13
39 58 14
39 58 15
39 58 16
39 58 17
39 59 12
39 59 13
39 59 14
39 59 15
39 59 16
39 60 12
39 60 13
39 60 14
39 60 15
40 8 22
40 8 23
40 8 24
40 8 25
40 8 26
40 9 22
40 9 23
40 9 24
40 9 25
40 9 26
40 10 25
40 10 26
40 11 25
40 11 26
40 12 25
40 12 26
40 12 27
40 13 25
40 13 26
40 13 27
40 14 25
40 14 26
40 14 27
40 15 25
40 15 26
40 15 27
40 15 28
40 16 25
40 16 26
40 16 27
40 16 28
40 17 25
40 17 26
40 17 27
40 17 28
40 18 25
40 18 26
40 18 27
40 18 28
40 19 26
40 19 27
40 19 28
40 20 26
40 20 27
40 20 28
40 21 26
40 21 27
40 21 28
40 21 29
40 22 26
40 22 27
40 22 28
40 22 29
40 23 27
40 23 28
40 23 29
40 24 27
40 24 28
40 24 29
40 25 27
40 25 28
40 25 29
40 26 28
40 26 29
40 27 28
40 27 29
40 28 29
40 29 29
40 29 30
40 30 29
40 30 30
40 37 28
40 37 29
40 38 27
40 38 28
40 38 29
40 39 27
40 39 28
40 39 29
40 40 26
40 40 27
40 40 28
40 40 29
40 41 26
40 41 27
40 41 28
40 42 25
40 42 26
40 42 27
40 42 28
40 43 25
40 43 26
40 43 27
40 44 25
40 44 26
40 44 27
40 45 25
40 45 26
40 46 25
40 46 26
40 49 20
40 49 21
40 49 22
40 49 23
40 50 19
40 50 20
40 50 21
40 50 22
40 50 23
40 51 18
40 51 19
40 51 20
40 51 21
40 51 22
40 52 17
40 52 18
40 52 19
40 52 20
40 52 21
40 53 17
40 53 18
40 53 19
40 53 20
40 54 16
40 54 17
40 54 18
40 54 19
40 54 20
40 55 16
40 55 17
40 55 18
40 55 19
40 56 15
40 56 16
40 56 17
40 56 18
40 56 19
40 57 15
40 57 16
40 57 17
40 57 18
40 58 13
40 58 14
40 58 15
40 58 16
40 58 17
40 59 13
40 59 14
40 59 15
40 59 16
40 59 17
40 60 13
40 60 14
40 60 15
40 60 16
41 0 24
41 1 24
41 2 23
41 2 24
41 3 23
41 3 24
41 3 25
41 4 23
41 4 24
41 4 25
41 5 23
41 5 24
41 5 25
41 6 23
41 6 24
41 6 25
41 6 26
41 7 23
41 7 24
41 7 25
41 7 26
41 8 23
41 8 24
41 8 25
41 8 26
41 9 23
41 9 24
41 9 25
41 9 26
41 10 24
41 10 25
41 10 26
41 11 24
41 11 25
41 11 26
41 11 27
41 12 24
41 12 25
41 12 26
41 12 27
41 13 24
41 13 25
41 13 26
41 13 27
41 14 25
41 14 26
41 14 27
41 15 25
41 15 26
41 15 27
41 16 25
41 16 26
41 16 27
41 17 25
41 17 26
41 17 27
41 17 28
41 18 26
41 18 27
41 18 28
41 19 26
41 19 27
41 19 28
41 20 26
41 20 27
41 20 28
41 21 27
41 21 28
41 22 27
41 22 28
41 23 27
41 23 28
41 24 28
41 40 26
41 40 27
41 40 28
41 41 26
41 41 27
41 41 28
41 42 25
41 42 26
41 42 27
41 43 25
41 43 26
41 43 27
41 44 24
41 44 25
41 44 26
41 44 27
41 45 24
41 45 25
41 45 26
41 45 27
41 46 23
41 46 24
41 46 25
41 46 26
41 47 23
41 47 24
41 47 25
41 47 26
41 48 23
41 48 24
41 48 25
41 49 20
41 49 21
41 49 22
41 49 23
41 49 24
41 50 20
41 50 21
41 50 22
41 50 23
41 50 24
41 51 19
41 51 20
41 51 21
41 51 22
41 51 23
41 52 18
41 52 19
41 52 20
41 52 21
41 52 22
41 53 18
41 53 19
41 53 20
41 53 21
41 54 17
41 54 18
41 54 19
41 54 20
41 55 16
41 55 17
41 55 18
41 55 19
41 55 20
41 56 16
41 56 17
41 56 18
41 56 19
41 57 16
41 57 17
41 57 18
41 57 19
41 58 14
41 58 15
41 58 16
41 58 17
41 58 18
41 59 14
41 59 15
41 59 16
41 59 17
41 60 14
41 60 15
41 60 16
41 60 17
42 0 22
42 0 23
42 0 24
42 1 22
42 1 23
42 1 24
42 1 25
42 2 22
42 2 23
42 2 24
42 2 25
42 3 22
42 3 23
42 3 24
42 3 25
42 4 22
42 4 23
42 4 24
42 4 25
42 5 23
42 5 24
42 5 25
42 6 23
42 6 24
42 6 25
42 7 23
42 7 24
42 7 25
42 7 26
42 8 23
42 8 24
42 8 25
42 8 26
42 9 24
42 9 25
42 9 26
42 10 24
42 10 25
42 10 26
42 11 24
42 11 25
42 11 26
42 12 25
42 12 26
42 13 25
42 13 26
42 13 27
42 14 26
42 14 27
42 15 26
42 15 27
42 16 26
42 16 27
42 17 26
42 17 27
42 18 27
42 42 26
42 43 25
42 43 26
42 43 27
42 44 24
42 44 25
42 44 26
42 45 24
42 45 25
42 45 26
42 46 23
42 46 24
42 46 25
42 46 26
42 47 23
42 47 24
42 47 25
42 48 22
42 48 23
42 48 24
42 48 25
42 49 22
42 49 23
42 49 24
42 49 25
42 50 21
42 50 22
42 50 23
42 50 24
42 51 20
42 51 21
42 51 22
42 51 23
42 51 24
42 52 19
42 52 20
42 52 21
42 52 22
42 52 23
42 53 19
42 53 20
42 53 21
42 53 22
42 53 23
42 54 18
42 54 19
42 54 20
42 54 21
42 54 22
42 55 18
42 55 19
42 55 20
42 55 21
42 56 17
42 56 18
42 56 19
42 56 20
42 57 16
42 57 17
42 57 18
42 57 19
42 58 15
42 58 16
42 58 17
42 58 18
42 58 19
42 59 14
42 59 15
42 59 16
42 59 17
42 59 18
42 60 14
42 60 15
42 60 16
42 60 17
42 60 18
43 0 22
43 0 23
43 0 24
43 1 22
43 1 23
43 1 24
43 2 22
43 2 23
43 2 24
43 3 22
43 3 23
43 3 24
43 3 25
43 4 22
43 4 23
43 4 24
43 4 25
43 5 23
43 5 24
43 5 25
43 6 23
43 6 24
43 6 25
43 7 23
43 7 24
43 7 25
43 8 24
43 8 25
43 9 24
43 9 25
43 10 25
43 11 25
43 12 25
43 46 24
43 46 25
43 47 23
43 47 24
43 47 25
43 48 22
43 48 23
43 48 24
43 48 25
43 49 22
43 49 23
43 49 24
43 50 21
43 50 22
43 50 23
43 50 24
43 51 21
43 51 22
43 51 23
43 51 24
43 52 20
43 52 21
43 52 22
43 52 23
43 53 20
43 53 21
43 53 22
43 53 23
43 54 19
43 54 20
43 54 21
43 54 22
43 55 18
43 55 19
43 55 20
43 55 21
43 55 22
43 56 18
43 56 19
43 56 20
43 56 21
43 57 17
43 57 18
43 57 19
43 57 20
43 58 16
43 58 17
43 58 18
43 58 19
43 58 20
43 59 15
43 59 16
43 59 17
43 59 18
43 59 19
43 60 15
43 60 16
43 60 17
43 60 18
44 0 22
44 1 22
44 1 23
44 1 24
44 2 23
44 2 24
44 3 23
44 3 24
44 4 24
44 49 22
44 49 23
44 50 22
44 50 23
44 50 24
44 51 21
44 51 22
44 51 23
44 52 20
44 52 21
44 52 22
44 52 23
44 53 20
44 53 21
44 53 22
44 54 20
44 54 21
44 54 22
44 55 19
44 55 20
44 55 21
44 55 22
44 56 18
44 56 19
44 56 20
44 56 21
44 56 22
44 57 17
44 57 18
44 57 19
44 57 20
44 57 21
44 58 16
44 58 17
44 58 18
44 58 19
44 58 20
44 59 16
44 59 17
44 59 18
44 59 19
44 60 16
44 60 17
44 60 18
45 52 21
45 52 22
45 53 20
45 53 21
45 53 22
45 54 20
45 54 21
45 54 22
45 55 19
45 55 20
45 55 21
45 56 18
45 56 19
45 56 20
45 56 21
45 57 17
45 57 18
45 57 19
45 57 20
45 57 21
45 58 17
45 58 18
45 58 19
45 58 20
45 59 17
45 59 18
45 59 19
