0 42 8
0 42 9
0 43 8
0 43 9
0 44 8
0 44 9
1 41 8
1 41 9
1 42 7
1 42 8
1 42 9
1 43 7
1 43 8
1 43 9
1 44 8
1 44 9
2 40 8
2 41 7
2 41 8
2 41 9
2 42 7
2 42 8
2 42 9
2 43 7
2 43 8
2 43 9
2 44 7
2 44 8
3 39 8
3 40 7
3 40 8
3 40 9
3 41 7
3 41 8
3 41 9
3 42 7
3 42 8
3 42 9
3 43 7
3 43 8
4 39 7
4 39 8
4 39 9
4 40 7
4 40 8
4 40 9
4 41 7
4 41 8
4 41 9
4 42 7
4 42 8
5 38 7
5 38 8
5 39 7
5 39 8
5 39 9
5 39 10
5 40 7
5 40 8
5 40 9
5 41 7
5 41 8
5 41 9
5 42 8
6 37 7
6 37 8
6 38 7
6 38 8
6 38 9
6 38 10
6 38 11
6 39 7
6 39 8
6 39 9
6 39 10
6 39 11
6 39 12
6 39 13
6 40 7
6 40 8
6 40 9
6 40 10
6 40 11
6 40 12
6 40 13
6 40 14
6 41 8
6 47 32
6 47 33
6 48 32
6 48 33
7 36 7
7 36 8
7 37 7
7 37 8
7 37 9
7 38 7
7 38 8
7 38 9
7 38 10
7 38 11
7 38 12
7 39 7
7 39 8
7 39 9
7 39 10
7 39 11
7 39 12
7 39 13
7 39 14
7 39 15
7 40 8
7 40 9
7 40 10
7 40 11
7 40 12
7 40 13
7 40 14
7 40 15
7 40 16
7 40 17
7 40 18
7 41 14
7 46 32
7 46 33
7 47 32
7 47 33
7 47 34
7 48 32
7 48 33
7 48 34
8 35 7
8 35 8
8 36 7
8 36 8
8 36 9
8 37 7
8 37 8
8 38 7
8 38 8
8 39 7
8 39 8
8 39 9
8 39 10
8 39 11
8 39 12
8 39 13
8 39 14
8 39 15
8 39 16
8 39 17
8 40 10
8 40 11
8 40 12
8 40 13
8 40 14
8 40 15
8 40 16
8 40 17
8 40 18
8 40 19
8 40 20
8 41 13
8 41 14
8 41 15
8 41 16
8 41 17
8 41 18
8 41 19
8 41 20
8 41 21
8 45 32
8 45 33
8 46 32
8 46 33
8 46 34
8 47 32
8 47 33
8 47 34
8 48 32
8 48 33
8 48 34
8 49 32
8 49 33
9 34 7
9 35 7
9 35 8
9 36 6
9 36 7
9 36 8
9 37 7
9 37 8
9 38 7
9 38 8
9 40 13
9 40 14
9 40 15
9 40 16
9 40 17
9 40 18
9 40 19
9 40 20
9 40 21
9 40 22
9 41 14
9 41 15
9 41 16
9 41 17
9 41 18
9 41 19
9 41 20
9 41 21
9 41 22
9 41 23
9 41 24
9 42 18
9 42 19
9 42 20
9 42 21
9 42 22
9 42 23
9 42 24
9 42 25
9 45 32
9 45 33
9 45 34
9 46 32
9 46 33
9 46 34
9 47 32
9 47 33
9 47 34
9 48 32
9 48 33
10 34 6
10 34 7
10 34 8
10 35 6
10 35 7
10 35 8
10 36 6
10 36 7
10 36 8
10 37 7
10 37 8
10 40 19
10 40 20
10 40 21
10 40 22
10 41 17
10 41 18
10 41 19
10 41 20
10 41 21
10 41 22
10 41 23
10 41 24
10 41 25
10 41 26
10 41 27
10 42 18
10 42 19
10 42 20
10 42 21
10 42 22
10 42 23
10 42 24
10 42 25
10 42 26
10 42 27
10 42 28
10 43 25
10 43 26
10 43 27
10 43 28
10 43 29
10 44 32
10 44 33
10 44 34
10 45 32
10 45 33
10 45 34
10 46 32
10 46 33
10 46 34
10 47 32
10 47 33
11 33 6
11 33 7
11 33 8
11 34 6
11 34 7
11 34 8
11 35 6
11 35 7
11 35 8
11 36 6
11 36 7
11 36 8
11 37 7
11 41 21
11 41 23
11 41 24
11 41 25
11 41 26
11 41 27
11 42 21
11 42 22
11 42 23
11 42 24
11 42 25
11 42 26
11 42 27
11 42 28
11 42 29
11 42 30
11 42 31
11 43 23
11 43 24
11 43 25
11 43 26
11 43 27
11 43 28
11 43 29
11 43 30
11 43 31
11 43 32
11 43 33
11 44 32
11 44 33
11 44 34
11 45 32
11 45 33
11 45 34
11 46 32
11 46 33
12 32 6
12 32 7
12 32 8
12 33 6
12 33 7
12 33 8
12 34 6
12 34 7
12 34 8
12 35 6
12 35 7
12 35 8
12 36 7
12 42 24
12 42 25
12 42 26
12 42 27
12 42 28
12 42 29
12 42 30
12 42 31
12 42 32
12 42 33
12 43 25
12 43 26
12 43 27
12 43 28
12 43 29
12 43 30
12 43 31
12 43 32
12 43 33
12 43 34
12 44 28
12 44 29
12 44 30
12 44 31
12 44 32
12 44 33
12 44 34
12 45 32
12 45 33
13 31 6
13 31 7
13 32 6
13 32 7
13 32 8
13 33 6
13 33 7
13 33 8
13 34 6
13 34 7
13 34 8
13 35 7
13 41 32
13 42 32
13 42 33
13 43 28
13 43 29
13 43 30
13 43 31
13 43 32
13 43 33
13 44 30
13 44 31
13 44 32
13 44 33
13 45 32
14 30 7
14 31 6
14 31 7
14 31 8
14 32 6
14 32 7
14 32 8
14 33 6
14 33 7
14 33 8
14 34 6
14 34 7
14 40 32
14 41 31
14 41 32
14 41 33
14 42 31
14 42 32
14 42 33
14 43 31
14 43 32
14 43 33
14 44 32
15 29 6
15 29 7
15 30 6
15 30 7
15 30 8
15 31 6
15 31 7
15 31 8
15 32 6
15 32 7
15 32 8
15 33 6
15 33 7
15 39 32
15 40 31
15 40 32
15 40 33
15 41 31
15 41 32
15 41 33
15 42 31
15 42 32
15 42 33
15 43 31
15 43 32
16 29 6
16 29 7
16 29 8
16 30 6
16 30 7
16 30 8
16 31 6
16 31 7
16 31 8
16 32 6
16 32 7
16 38 32
16 39 31
16 39 32
16 39 33
16 40 31
16 40 32
16 40 33
16 41 31
16 41 32
16 41 33
16 42 31
16 42 32
17 28 6
17 28 7
17 28 8
17 29 6
17 29 7
17 29 8
17 30 6
17 30 7
17 30 8
17 31 6
17 31 7
17 32 7
17 38 31
17 38 32
17 38 33
17 39 31
17 39 32
17 39 33
17 40 31
17 40 32
17 40 33
17 41 31
17 41 32
17 41 33
17 54 1
17 55 1
17 56 1
17 56 2
18 25 9
18 26 8
18 26 9
18 26 10
18 26 11
18 26 12
18 26 13
18 27 6
18 27 7
18 27 8
18 27 9
18 27 10
18 27 11
18 27 12
18 27 13
18 28 6
18 28 7
18 28 8
18 29 6
18 29 7
18 30 6
18 30 7
18 31 6
18 31 7
18 37 31
18 37 32
18 38 31
18 38 32
18 38 33
18 39 31
18 39 32
18 39 33
18 40 31
18 40 32
18 40 33
18 48 2
18 48 3
18 49 2
18 49 3
18 50 1
18 50 2
18 50 3
18 51 1
18 51 2
18 51 3
18 52 1
18 52 2
18 52 3
18 53 1
18 53 2
18 53 3
18 54 1
18 54 2
18 55 0
18 55 1
18 55 2
18 56 1
18 56 2
19 25 5
19 25 6
19 25 8
19 25 9
19 25 10
19 25 11
19 26 5
19 26 6
19 26 7
19 26 8
19 26 9
19 26 10
19 26 11
19 26 12
19 26 13
19 26 14
19 27 5
19 27 6
19 27 7
19 27 8
19 27 9
19 27 10
19 27 11
19 27 12
19 27 13
19 27 14
19 27 15
19 27 16
19 27 17
19 28 6
19 28 7
19 28 14
19 28 15
19 28 16
19 28 17
19 29 6
19 29 7
19 30 6
19 30 7
19 36 31
19 36 32
19 37 31
19 37 32
19 37 33
19 38 31
19 38 32
19 38 33
19 39 31
19 39 32
19 39 33
19 40 4
19 40 32
19 41 3
19 41 4
19 42 3
19 42 4
19 43 2
19 43 3
19 43 4
19 44 2
19 44 3
19 44 4
19 45 2
19 45 3
19 45 4
19 46 2
19 46 3
19 46 4
19 47 2
19 47 3
19 47 4
19 48 1
19 48 2
19 48 3
19 48 4
19 48 5
19 49 1
19 49 2
19 49 3
19 49 4
19 49 5
19 49 6
19 50 1
19 50 2
19 50 3
19 50 4
19 50 5
19 50 6
19 50 7
19 51 1
19 51 2
19 51 3
19 52 1
19 52 2
19 52 3
19 53 1
19 53 2
19 53 3
19 54 1
19 54 2
19 55 0
19 55 1
19 55 2
19 56 0
19 56 1
19 56 2
19 57 1
20 25 5
20 25 6
20 25 7
20 25 8
20 25 9
20 25 10
20 25 11
20 25 12
20 26 5
20 26 6
20 26 7
20 26 8
20 26 9
20 26 10
20 26 11
20 26 12
20 26 13
20 26 14
20 26 15
20 26 16
20 27 5
20 27 6
20 27 7
20 27 8
20 27 9
20 27 10
20 27 11
20 27 12
20 27 13
20 27 14
20 27 15
20 27 16
20 27 17
20 27 18
20 27 19
20 28 4
20 28 5
20 28 6
20 28 7
20 28 13
20 28 14
20 28 15
20 28 16
20 28 17
20 28 18
20 28 19
20 28 20
20 28 21
20 29 4
20 29 5
20 29 6
20 29 7
20 29 19
20 29 20
20 29 21
20 33 4
20 33 5
20 34 4
20 34 5
20 35 4
20 35 5
20 35 31
20 35 32
20 36 3
20 36 4
20 36 5
20 36 31
20 36 32
20 36 33
20 37 3
20 37 4
20 37 5
20 37 31
20 37 32
20 37 33
20 38 3
20 38 4
20 38 5
20 38 31
20 38 32
20 39 3
20 39 4
20 39 5
20 39 31
20 39 32
20 40 3
20 40 4
20 40 5
20 41 3
20 41 4
20 42 2
20 42 3
20 42 4
20 43 2
20 43 3
20 43 4
20 44 2
20 44 3
20 44 4
20 45 2
20 45 3
20 45 4
20 46 2
20 46 3
20 46 4
20 47 2
20 47 3
20 48 2
20 48 3
20 48 4
20 48 5
20 48 6
20 49 1
20 49 2
20 49 3
20 49 4
20 49 5
20 49 6
20 49 7
20 49 8
20 49 9
20 50 1
20 50 2
20 50 3
20 50 4
20 50 5
20 50 6
20 50 7
20 50 8
20 50 9
20 50 10
20 50 11
20 51 1
20 51 2
20 52 1
20 52 2
20 53 1
20 53 2
20 54 1
20 54 2
20 55 1
20 55 2
20 56 1
21 24 6
21 25 5
21 25 6
21 25 7
21 25 8
21 25 9
21 25 10
21 25 11
21 25 12
21 25 13
21 26 5
21 26 6
21 26 7
21 26 8
21 26 9
21 26 10
21 26 11
21 26 12
21 26 13
21 26 14
21 26 15
21 26 16
21 26 17
21 27 4
21 27 5
21 27 6
21 27 7
21 27 8
21 27 9
21 27 10
21 27 11
21 27 12
21 27 13
21 27 14
21 27 15
21 27 16
21 27 17
21 27 18
21 27 19
21 27 20
21 27 21
21 28 4
21 28 5
21 28 6
21 28 7
21 28 15
21 28 16
21 28 17
21 28 18
21 28 19
21 28 20
21 28 21
21 28 22
21 28 23
21 28 24
21 29 4
21 29 5
21 29 6
21 29 7
21 29 19
21 29 20
21 29 21
21 29 22
21 29 23
21 29 24
21 29 25
21 30 4
21 30 5
21 30 6
21 31 4
21 31 5
21 31 6
21 32 4
21 32 5
21 32 6
21 33 4
21 33 5
21 33 6
21 34 4
21 34 5
21 34 6
21 34 31
21 34 32
21 35 3
21 35 4
21 35 5
21 35 31
21 35 32
21 35 33
21 36 3
21 36 4
21 36 5
21 36 31
21 36 32
21 36 33
21 37 3
21 37 4
21 37 5
21 37 31
21 37 32
21 38 3
21 38 4
21 38 5
21 38 31
21 38 32
21 39 3
21 39 4
21 39 5
21 40 3
21 40 4
21 40 5
21 41 3
21 41 4
21 42 3
21 42 4
21 43 2
21 43 3
21 43 4
21 44 2
21 44 3
21 45 2
21 45 3
21 46 2
21 46 3
21 47 2
21 47 3
21 48 2
21 48 3
21 49 2
21 49 3
21 49 4
21 49 5
21 49 6
21 49 7
21 49 8
21 49 9
21 49 10
21 49 11
21 49 12
21 50 3
21 50 4
21 50 5
21 50 6
21 50 7
21 50 8
21 50 9
21 50 10
21 50 11
21 50 12
21 50 13
21 51 7
21 51 8
21 51 9
21 51 10
21 51 11
21 51 12
21 51 13
21 51 14
22 19 6
22 19 7
22 20 6
22 20 7
22 21 6
22 21 7
22 22 6
22 22 7
22 23 5
22 23 6
22 23 7
22 24 5
22 24 6
22 24 7
22 25 5
22 25 6
22 25 7
22 26 5
22 26 6
22 26 7
22 26 8
22 26 9
22 26 10
22 26 11
22 26 12
22 26 13
22 26 14
22 26 15
22 26 16
22 26 17
22 26 18
22 27 5
22 27 6
22 27 7
22 27 8
22 27 9
22 27 10
22 27 11
22 27 12
22 27 13
22 27 14
22 27 15
22 27 16
22 27 17
22 27 18
22 27 19
22 27 20
22 27 21
22 27 22
22 27 23
22 28 4
22 28 5
22 28 6
22 28 7
22 28 8
22 28 9
22 28 10
22 28 11
22 28 12
22 28 13
22 28 14
22 28 15
22 28 16
22 28 17
22 28 18
22 28 19
22 28 20
22 28 21
22 28 22
22 28 23
22 28 24
22 28 25
22 29 4
22 29 5
22 29 6
22 29 7
22 29 19
22 29 20
22 29 21
22 29 22
22 29 23
22 29 24
22 29 25
22 29 26
22 29 27
22 29 28
22 30 4
22 30 5
22 30 6
22 30 24
22 30 25
22 30 26
22 30 27
22 30 28
22 31 4
22 31 5
22 31 6
22 32 4
22 32 5
22 32 6
22 33 4
22 33 5
22 33 6
22 33 31
22 34 4
22 34 5
22 34 31
22 34 32
22 35 4
22 35 5
22 35 31
22 35 32
22 36 3
22 36 4
22 36 5
22 36 31
22 36 32
22 37 3
22 37 4
22 37 31
22 37 32
22 38 3
22 38 4
22 39 3
22 39 4
22 40 3
22 40 4
22 41 3
22 41 4
22 42 3
22 49 11
22 49 12
22 50 7
22 50 8
22 50 9
22 50 10
22 50 11
22 50 12
22 50 13
22 50 14
22 50 15
22 50 16
22 51 7
22 51 8
22 51 9
22 51 10
22 51 11
22 51 12
22 51 13
22 51 14
22 51 15
22 51 16
22 51 17
22 52 14
22 52 15
22 52 16
22 52 17
22 52 18
23 12 7
23 13 7
23 13 8
23 14 7
23 14 8
23 15 7
23 15 8
23 16 7
23 16 8
23 17 6
23 17 7
23 17 8
23 18 6
23 18 7
23 18 8
23 19 6
23 19 7
23 19 8
23 20 6
23 20 7
23 20 8
23 21 6
23 21 7
23 21 8
23 22 5
23 22 6
23 22 7
23 23 5
23 23 6
23 23 7
23 24 5
23 24 6
23 24 7
23 25 5
23 25 6
23 25 7
23 26 5
23 26 6
23 26 7
23 27 5
23 27 6
23 27 7
23 27 8
23 27 9
23 27 10
23 27 11
23 27 12
23 27 13
23 27 14
23 27 15
23 27 16
23 27 17
23 27 18
23 27 19
23 27 20
23 27 21
23 27 22
23 27 23
23 28 5
23 28 6
23 28 7
23 28 8
23 28 9
23 28 10
23 28 11
23 28 12
23 28 13
23 28 14
23 28 15
23 28 16
23 28 17
23 28 18
23 28 19
23 28 20
23 28 21
23 28 22
23 28 23
23 28 24
23 28 25
23 28 26
23 28 27
23 29 5
23 29 6
23 29 7
23 29 8
23 29 9
23 29 10
23 29 11
23 29 12
23 29 13
23 29 14
23 29 15
23 29 16
23 29 17
23 29 18
23 29 19
23 29 20
23 29 21
23 29 22
23 29 23
23 29 24
23 29 25
23 29 26
23 29 27
23 29 28
23 29 29
23 30 4
23 30 5
23 30 6
23 30 24
23 30 25
23 30 26
23 30 27
23 30 28
23 30 29
23 30 30
23 31 4
23 31 5
23 31 30
23 32 4
23 32 5
23 33 4
23 33 5
23 33 31
23 33 32
23 34 4
23 34 5
23 34 30
23 34 31
23 34 32
23 35 5
23 35 30
23 35 31
23 35 32
23 36 31
23 36 32
23 50 13
23 50 14
23 50 15
23 50 16
23 50 17
23 51 11
23 51 12
23 51 13
23 51 14
23 51 15
23 51 16
23 51 17
23 51 18
23 51 19
23 51 20
23 52 12
23 52 13
23 52 14
23 52 15
23 52 16
23 52 17
23 52 18
23 52 19
23 52 20
23 52 21
23 52 22
23 53 19
23 53 20
23 53 21
23 53 22
24 5 8
24 5 9
24 6 8
24 6 9
24 7 8
24 7 9
24 8 8
24 8 9
24 9 8
24 9 9
24 9 10
24 10 7
24 10 8
24 10 9
24 10 10
24 10 11
24 10 12
24 11 7
24 11 8
24 11 9
24 12 7
24 12 8
24 12 9
24 13 7
24 13 8
24 13 9
24 14 7
24 14 8
24 14 9
24 15 7
24 15 8
24 16 6
24 16 7
24 16 8
24 17 6
24 17 7
24 17 8
24 18 6
24 18 7
24 18 8
24 19 6
24 19 7
24 19 8
24 20 6
24 20 7
24 20 8
24 21 6
24 21 7
24 22 6
24 22 7
24 23 5
24 23 6
24 23 7
24 24 5
24 24 6
24 25 5
24 25 6
24 26 5
24 26 6
24 27 5
24 27 6
24 27 12
24 27 13
24 27 15
24 28 6
24 28 7
24 28 8
24 28 9
24 28 10
24 28 11
24 28 12
24 28 13
24 28 14
24 28 15
24 28 16
24 28 17
24 28 18
24 28 19
24 28 20
24 28 21
24 28 22
24 28 23
24 28 24
24 28 25
24 28 26
24 28 27
24 28 28
24 29 5
24 29 6
24 29 7
24 29 8
24 29 9
24 29 10
24 29 11
24 29 12
24 29 13
24 29 14
24 29 15
24 29 16
24 29 17
24 29 18
24 29 19
24 29 20
24 29 21
24 29 22
24 29 23
24 29 24
24 29 25
24 29 26
24 29 27
24 29 28
24 29 29
24 29 30
24 30 5
24 30 6
24 30 26
24 30 27
24 30 28
24 30 29
24 30 30
24 30 31
24 31 5
24 31 6
24 31 29
24 31 30
24 31 31
24 32 31
24 32 32
24 33 30
24 33 31
24 33 32
24 34 30
24 34 31
24 34 32
24 35 30
24 35 31
24 35 32
24 51 15
24 51 16
24 51 17
24 51 18
24 51 19
24 51 20
24 51 21
24 51 22
24 52 14
24 52 15
24 52 16
24 52 17
24 52 18
24 52 19
24 52 20
24 52 21
24 52 22
24 52 23
24 52 24
24 53 17
24 53 18
24 53 19
24 53 20
24 53 21
24 53 22
24 53 23
24 53 24
24 53 25
24 53 26
24 56 26
24 56 27
24 57 26
24 57 27
24 58 26
24 58 27
24 59 25
24 59 26
24 59 27
24 60 25
24 60 26
24 60 27
24 61 25
24 61 26
25 1 11
25 2 10
25 2 11
25 2 12
25 3 9
25 3 10
25 3 11
25 4 8
25 4 9
25 4 10
25 4 11
25 5 8
25 5 9
25 5 10
25 5 11
25 5 12
25 6 8
25 6 9
25 6 10
25 6 11
25 6 12
25 6 13
25 7 8
25 7 9
25 7 10
25 7 11
25 7 12
25 7 13
25 7 14
25 8 8
25 8 9
25 8 10
25 8 11
25 8 12
25 8 13
25 8 14
25 8 15
25 9 8
25 9 9
25 9 10
25 9 11
25 9 12
25 9 13
25 9 14
25 9 15
25 10 7
25 10 8
25 10 9
25 10 10
25 10 11
25 10 12
25 10 13
25 10 14
25 10 15
25 10 16
25 11 7
25 11 8
25 11 9
25 11 10
25 11 11
25 11 12
25 11 13
25 11 14
25 11 15
25 11 16
25 12 7
25 12 8
25 12 9
25 13 7
25 13 8
25 13 9
25 14 7
25 14 8
25 15 7
25 15 8
25 16 6
25 16 7
25 16 8
25 17 6
25 17 7
25 17 8
25 18 6
25 18 7
25 19 6
25 19 7
25 20 7
25 28 6
25 28 7
25 28 8
25 28 9
25 28 10
25 28 11
25 28 12
25 28 13
25 28 14
25 28 15
25 28 16
25 28 17
25 28 18
25 28 19
25 28 20
25 28 21
25 28 22
25 28 23
25 28 24
25 28 25
25 28 26
25 28 27
25 28 28
25 29 5
25 29 6
25 29 7
25 29 8
25 29 9
25 29 10
25 29 11
25 29 12
25 29 13
25 29 14
25 29 15
25 29 16
25 29 17
25 29 18
25 29 19
25 29 20
25 29 21
25 29 22
25 29 23
25 29 24
25 29 25
25 29 26
25 29 27
25 29 28
25 29 29
25 29 30
25 30 5
25 30 6
25 30 7
25 30 8
25 30 9
25 30 10
25 30 11
25 30 12
25 30 13
25 30 14
25 30 15
25 30 16
25 30 17
25 30 18
25 30 19
25 30 20
25 30 21
25 30 22
25 30 23
25 30 24
25 30 25
25 30 26
25 30 27
25 30 28
25 30 29
25 30 30
25 30 31
25 31 4
25 31 5
25 31 6
25 31 29
25 31 30
25 31 31
25 32 4
25 32 5
25 32 30
25 32 31
25 32 32
25 33 30
25 33 31
25 33 32
25 34 30
25 34 31
25 34 32
25 48 27
25 49 27
25 49 28
25 50 27
25 50 28
25 51 27
25 51 28
25 52 18
25 52 19
25 52 20
25 52 21
25 52 22
25 52 23
25 52 24
25 52 25
25 52 26
25 52 27
25 52 28
25 53 19
25 53 20
25 53 21
25 53 22
25 53 23
25 53 24
25 53 25
25 53 26
25 53 27
25 53 28
25 54 22
25 54 23
25 54 24
25 54 25
25 54 26
25 54 27
25 54 28
25 55 26
25 55 27
25 56 26
25 56 27
25 56 28
25 57 26
25 57 27
25 58 25
25 58 26
25 58 27
25 59 25
25 59 26
25 59 27
25 60 25
25 60 26
25 60 27
25 61 25
25 61 26
26 0 13
26 1 10
26 1 11
26 1 12
26 1 13
26 1 14
26 1 15
26 2 9
26 2 10
26 2 11
26 2 12
26 2 13
26 2 14
26 2 15
26 3 9
26 3 10
26 3 11
26 3 12
26 3 13
26 3 14
26 4 9
26 4 10
26 4 11
26 4 12
26 4 13
26 4 14
26 4 15
26 5 8
26 5 9
26 5 10
26 5 11
26 5 12
26 5 13
26 5 14
26 5 15
26 5 16
26 5 17
26 6 8
26 6 9
26 6 10
26 6 11
26 6 12
26 6 13
26 6 14
26 6 15
26 6 16
26 6 17
26 7 8
26 7 9
26 7 10
26 7 11
26 7 12
26 7 13
26 7 14
26 7 15
26 7 16
26 7 17
26 7 18
26 8 8
26 8 9
26 8 10
26 8 11
26 8 12
26 8 13
26 8 14
26 8 15
26 8 16
26 8 17
26 8 18
26 9 8
26 9 9
26 9 10
26 9 11
26 9 12
26 9 13
26 9 14
26 9 15
26 9 16
26 9 17
26 9 18
26 9 19
26 10 7
26 10 8
26 10 9
26 10 10
26 10 11
26 10 12
26 10 13
26 10 14
26 10 15
26 10 16
26 10 17
26 10 18
26 10 19
26 11 7
26 11 8
26 11 9
26 11 10
26 11 11
26 11 12
26 11 13
26 11 14
26 11 15
26 11 16
26 11 17
26 11 18
26 11 19
26 12 8
26 12 14
26 12 15
26 12 16
26 12 17
26 12 18
26 12 19
26 13 8
26 29 5
26 29 6
26 29 7
26 29 8
26 29 9
26 29 10
26 29 11
26 29 12
26 29 13
26 29 14
26 29 15
26 29 16
26 29 17
26 29 18
26 29 19
26 29 20
26 29 21
26 29 22
26 29 23
26 29 24
26 29 25
26 29 26
26 29 27
26 29 28
26 29 29
26 29 30
26 30 5
26 30 6
26 30 7
26 30 8
26 30 9
26 30 10
26 30 11
26 30 12
26 30 13
26 30 14
26 30 15
26 30 16
26 30 17
26 30 18
26 30 19
26 30 20
26 30 21
26 30 22
26 30 23
26 30 24
26 30 25
26 30 26
26 30 27
26 30 28
26 30 29
26 30 30
26 30 31
26 31 4
26 31 5
26 31 6
26 31 7
26 31 8
26 31 9
26 31 10
26 31 11
26 31 12
26 31 13
26 31 14
26 31 15
26 31 16
26 31 17
26 31 18
26 31 19
26 31 20
26 31 21
26 31 22
26 31 23
26 31 24
26 31 25
26 31 26
26 31 27
26 31 28
26 31 29
26 31 30
26 31 31
26 31 32
26 32 4
26 32 5
26 32 30
26 32 31
26 32 32
26 33 4
26 33 30
26 33 31
26 33 32
26 34 31
26 41 29
26 42 28
26 42 29
26 43 28
26 43 29
26 44 28
26 44 29
26 45 27
26 45 28
26 45 29
26 46 27
26 46 28
26 46 29
26 47 27
26 47 28
26 47 29
26 48 27
26 48 28
26 48 29
26 49 27
26 49 28
26 49 29
26 50 27
26 50 28
26 51 26
26 51 27
26 51 28
26 52 24
26 52 25
26 52 26
26 52 27
26 52 28
26 53 22
26 53 23
26 53 24
26 53 25
26 53 26
26 53 27
26 53 28
26 54 23
26 54 24
26 54 25
26 54 26
26 54 27
26 54 28
26 55 26
26 55 27
26 55 28
26 56 26
26 56 27
26 57 25
26 57 26
26 57 27
26 58 26
26 58 27
26 59 25
26 59 26
26 59 27
26 60 25
26 60 26
26 61 25
26 61 26
27 0 12
27 0 13
27 1 11
27 1 12
27 1 13
27 1 14
27 1 15
27 1 16
27 1 17
27 2 10
27 2 11
27 2 12
27 2 13
27 2 14
27 2 15
27 2 16
27 2 17
27 2 18
27 2 19
27 3 9
27 3 10
27 3 11
27 3 12
27 3 13
27 3 14
27 3 15
27 3 16
27 3 17
27 3 18
27 3 19
27 4 9
27 4 10
27 4 11
27 4 12
27 4 13
27 4 14
27 4 15
27 4 16
27 4 17
27 4 18
27 4 19
27 5 9
27 5 10
27 5 11
27 5 12
27 5 13
27 5 14
27 5 15
27 5 16
27 5 17
27 5 18
27 5 19
27 5 20
27 6 9
27 6 10
27 6 11
27 6 12
27 6 13
27 6 14
27 6 15
27 6 16
27 6 17
27 6 18
27 6 19
27 6 20
27 6 21
27 7 12
27 7 13
27 7 14
27 7 15
27 7 16
27 7 17
27 7 18
27 7 19
27 7 20
27 7 21
27 7 22
27 8 13
27 8 14
27 8 15
27 8 16
27 8 17
27 8 18
27 8 19
27 8 20
27 8 21
27 9 14
27 9 15
27 9 16
27 9 17
27 9 18
27 9 19
27 9 20
27 9 21
27 9 22
27 10 14
27 10 15
27 10 16
27 10 17
27 10 18
27 10 19
27 10 20
27 10 21
27 10 22
27 11 14
27 11 15
27 11 16
27 11 17
27 11 18
27 11 19
27 11 20
27 11 21
27 11 22
27 11 23
27 12 15
27 12 16
27 12 17
27 12 18
27 12 19
27 12 20
27 12 21
27 12 22
27 12 23
27 13 19
27 13 20
27 13 21
27 13 22
27 13 23
27 29 31
27 30 5
27 30 6
27 30 7
27 30 8
27 30 9
27 30 10
27 30 11
27 30 12
27 30 13
27 30 14
27 30 15
27 30 16
27 30 17
27 30 18
27 30 19
27 30 20
27 30 21
27 30 22
27 30 23
27 30 24
27 30 25
27 30 26
27 30 27
27 30 28
27 30 29
27 30 30
27 30 31
27 30 32
27 31 4
27 31 5
27 31 6
27 31 7
27 31 8
27 31 9
27 31 10
27 31 11
27 31 12
27 31 13
27 31 14
27 31 15
27 31 16
27 31 17
27 31 18
27 31 19
27 31 20
27 31 21
27 31 22
27 31 23
27 31 24
27 31 25
27 31 26
27 31 27
27 31 28
27 31 29
27 31 30
27 31 31
27 31 32
27 32 3
27 32 4
27 32 5
27 32 6
27 32 7
27 32 8
27 32 9
27 32 10
27 32 11
27 32 12
27 32 13
27 32 14
27 32 15
27 32 16
27 32 17
27 32 18
27 32 19
27 32 20
27 32 21
27 32 22
27 32 23
27 32 24
27 32 25
27 32 26
27 32 27
27 32 28
27 32 29
27 32 30
27 32 31
27 32 32
27 33 3
27 33 4
27 33 29
27 33 30
27 33 31
27 33 32
27 34 29
27 34 30
27 34 31
27 34 32
27 35 29
27 35 30
27 35 31
27 36 29
27 36 30
27 36 31
27 37 29
27 37 30
27 38 29
27 38 30
27 39 28
27 39 29
27 39 30
27 40 28
27 40 29
27 40 30
27 41 28
27 41 29
27 41 30
27 42 28
27 42 29
27 42 30
27 43 28
27 43 29
27 44 27
27 44 28
27 44 29
27 45 27
27 45 28
27 45 29
27 46 27
27 46 28
27 46 29
27 47 27
27 47 28
27 47 29
27 48 27
27 48 28
27 48 29
27 49 27
27 49 28
27 49 29
27 50 27
27 50 28
27 51 27
27 51 28
27 52 26
27 52 27
27 52 28
27 53 26
27 53 27
27 54 26
27 54 27
27 55 26
27 55 27
27 56 26
28 1 13
28 1 14
28 1 15
28 1 16
28 1 17
28 1 18
28 1 19
28 2 11
28 2 12
28 2 13
28 2 14
28 2 15
28 2 16
28 2 17
28 2 18
28 2 19
28 2 20
28 2 21
28 2 22
28 3 12
28 3 13
28 3 14
28 3 15
28 3 16
28 3 17
28 3 18
28 3 19
28 3 20
28 3 21
28 3 22
28 3 23
28 4 13
28 4 14
28 4 15
28 4 16
28 4 17
28 4 18
28 4 19
28 4 20
28 4 21
28 4 22
28 4 23
28 5 14
28 5 15
28 5 16
28 5 17
28 5 18
28 5 19
28 5 20
28 5 21
28 5 22
28 5 23
28 6 14
28 6 16
28 6 17
28 6 18
28 6 19
28 6 20
28 6 21
28 6 22
28 6 23
28 6 24
28 7 16
28 7 17
28 7 18
28 7 19
28 7 20
28 7 21
28 7 22
28 7 23
28 7 24
28 8 17
28 8 18
28 8 19
28 8 20
28 8 21
28 8 22
28 8 23
28 8 24
28 8 25
28 9 17
28 9 18
28 9 19
28 9 20
28 9 21
28 9 22
28 9 23
28 9 24
28 9 25
28 10 17
28 10 18
28 10 19
28 10 20
28 10 21
28 10 22
28 10 23
28 10 24
28 10 25
28 11 18
28 11 19
28 11 20
28 11 21
28 11 22
28 11 23
28 11 24
28 11 25
28 11 26
28 12 18
28 12 19
28 12 20
28 12 21
28 12 22
28 12 23
28 12 24
28 12 25
28 12 26
28 13 19
28 13 20
28 13 21
28 13 22
28 13 23
28 13 24
28 13 25
28 13 26
28 27 30
28 27 31
28 28 30
28 28 31
28 29 30
28 29 31
28 30 7
28 30 8
28 30 9
28 30 10
28 30 11
28 30 12
28 30 13
28 30 14
28 30 15
28 30 16
28 30 17
28 30 18
28 30 21
28 30 22
28 30 23
28 30 24
28 30 25
28 30 26
28 30 27
28 30 28
28 30 29
28 30 30
28 30 31
28 30 32
28 31 4
28 31 5
28 31 6
28 31 7
28 31 8
28 31 9
28 31 10
28 31 11
28 31 12
28 31 13
28 31 14
28 31 15
28 31 16
28 31 17
28 31 18
28 31 19
28 31 20
28 31 21
28 31 22
28 31 23
28 31 24
28 31 25
28 31 26
28 31 27
28 31 28
28 31 29
28 31 30
28 31 31
28 31 32
28 32 4
28 32 5
28 32 6
28 32 7
28 32 8
28 32 9
28 32 10
28 32 11
28 32 12
28 32 13
28 32 14
28 32 15
28 32 16
28 32 17
28 32 18
28 32 19
28 32 20
28 32 21
28 32 22
28 32 23
28 32 24
28 32 25
28 32 26
28 32 27
28 32 28
28 32 29
28 32 30
28 32 31
28 33 3
28 33 4
28 33 5
28 33 29
28 33 30
28 33 31
28 33 32
28 34 3
28 34 4
28 34 29
28 34 30
28 34 31
28 35 29
28 35 30
28 35 31
28 36 29
28 36 30
28 36 31
28 37 29
28 37 30
28 38 28
28 38 29
28 38 30
28 39 28
28 39 29
28 39 30
28 40 28
28 40 29
28 40 30
28 41 28
28 41 29
28 41 30
28 42 28
28 42 29
28 42 30
28 43 28
28 43 29
28 44 28
28 44 29
28 45 28
28 46 27
28 46 28
28 47 27
28 47 28
28 48 27
28 48 28
28 49 27
28 49 28
29 2 15
29 2 16
29 2 17
29 2 18
29 2 19
29 2 20
29 2 21
29 2 22
29 2 23
29 2 24
29 3 15
29 3 16
29 3 17
29 3 18
29 3 19
29 3 20
29 3 21
29 3 22
29 3 23
29 3 24
29 3 25
29 3 26
29 4 16
29 4 17
29 4 18
29 4 19
29 4 20
29 4 21
29 4 22
29 4 23
29 4 24
29 4 25
29 4 26
29 4 27
29 5 18
29 5 19
29 5 20
29 5 21
29 5 22
29 5 23
29 5 24
29 5 25
29 5 26
29 6 19
29 6 20
29 6 21
29 6 22
29 6 23
29 6 24
29 6 25
29 6 26
29 6 27
29 7 20
29 7 21
29 7 22
29 7 23
29 7 24
29 7 25
29 7 26
29 7 27
29 8 20
29 8 21
29 8 22
29 8 23
29 8 24
29 8 25
29 8 26
29 8 27
29 8 28
29 9 20
29 9 21
29 9 22
29 9 23
29 9 24
29 9 25
29 9 26
29 9 27
29 9 28
29 10 21
29 10 22
29 10 23
29 10 24
29 10 25
29 10 26
29 10 27
29 10 28
29 10 29
29 11 21
29 11 22
29 11 23
29 11 24
29 11 25
29 11 26
29 11 27
29 11 28
29 11 29
29 12 21
29 12 22
29 12 23
29 12 24
29 12 25
29 12 26
29 12 27
29 12 28
29 12 29
29 13 22
29 13 23
29 13 24
29 13 25
29 13 26
29 13 27
29 13 28
29 13 29
29 13 30
29 14 24
29 14 25
29 14 26
29 14 27
29 14 28
29 14 29
29 14 30
29 20 32
29 21 31
29 21 32
29 22 31
29 22 32
29 23 31
29 23 32
29 24 31
29 24 32
29 25 31
29 25 32
29 26 30
29 26 31
29 26 32
29 27 30
29 27 31
29 27 32
29 28 30
29 28 31
29 28 32
29 29 30
29 29 31
29 29 32
29 30 30
29 30 31
29 30 32
29 31 4
29 31 5
29 31 6
29 31 7
29 31 8
29 31 9
29 31 10
29 31 11
29 31 12
29 31 13
29 31 14
29 31 15
29 31 16
29 31 17
29 31 18
29 31 19
29 31 20
29 31 21
29 31 22
29 31 23
29 31 24
29 31 25
29 31 26
29 31 27
29 31 28
29 31 29
29 31 30
29 31 31
29 32 3
29 32 4
29 32 5
29 32 6
29 32 7
29 32 8
29 32 9
29 32 10
29 32 11
29 32 12
29 32 13
29 32 14
29 32 15
29 32 16
29 32 17
29 32 18
29 32 19
29 32 20
29 32 21
29 32 22
29 32 23
29 32 24
29 32 25
29 32 26
29 32 27
29 32 28
29 32 29
29 32 30
29 32 31
29 33 3
29 33 4
29 33 5
29 33 6
29 33 7
29 33 8
29 33 9
29 33 10
29 33 11
29 33 12
29 33 13
29 33 14
29 33 15
29 33 16
29 33 17
29 33 18
29 33 19
29 33 20
29 33 21
29 33 22
29 33 23
29 33 24
29 33 25
29 33 26
29 33 27
29 33 28
29 33 29
29 33 30
29 33 31
29 34 3
29 34 4
29 34 29
29 34 30
29 34 31
29 35 2
29 35 3
29 35 29
29 35 30
29 35 31
29 36 29
29 36 30
29 36 31
29 37 29
29 37 30
29 38 29
29 38 30
29 39 28
29 39 29
29 40 28
29 40 29
29 41 28
29 41 29
29 42 29
30 2 21
30 2 22
30 2 23
30 2 24
30 3 19
30 3 20
30 3 21
30 3 22
30 3 23
30 3 24
30 3 25
30 3 26
30 3 27
30 3 28
30 4 19
30 4 20
30 4 21
30 4 22
30 4 23
30 4 24
30 4 25
30 4 26
30 4 27
30 4 28
30 4 29
30 4 30
30 5 21
30 5 22
30 5 23
30 5 24
30 5 25
30 5 26
30 5 27
30 5 28
30 5 29
30 5 30
30 5 31
30 6 22
30 6 23
30 6 24
30 6 25
30 6 26
30 6 27
30 6 28
30 6 29
30 7 23
30 7 24
30 7 25
30 7 26
30 7 27
30 7 28
30 7 29
30 7 30
30 8 23
30 8 24
30 8 25
30 8 26
30 8 27
30 8 28
30 8 29
30 8 30
30 9 24
30 9 25
30 9 26
30 9 27
30 9 28
30 9 29
30 9 30
30 9 31
30 10 24
30 10 25
30 10 26
30 10 27
30 10 28
30 10 29
30 10 30
30 10 31
30 11 24
30 11 25
30 11 26
30 11 27
30 11 28
30 11 29
30 11 30
30 11 31
30 11 32
30 12 25
30 12 26
30 12 27
30 12 28
30 12 29
30 12 30
30 12 31
30 12 32
30 13 25
30 13 26
30 13 27
30 13 28
30 13 29
30 13 30
30 13 31
30 13 32
30 13 33
30 14 25
30 14 26
30 14 27
30 14 28
30 14 29
30 14 30
30 14 31
30 14 32
30 14 33
30 15 29
30 15 30
30 15 31
30 15 32
30 15 33
30 16 32
30 16 33
30 17 32
30 17 33
30 18 32
30 18 33
30 19 31
30 19 32
30 19 33
30 20 31
30 20 32
30 20 33
30 21 31
30 21 32
30 21 33
30 22 31
30 22 32
30 22 33
30 23 31
30 23 32
30 23 33
30 24 31
30 24 32
30 25 30
30 25 31
30 25 32
30 26 30
30 26 31
30 26 32
30 27 30
30 27 31
30 27 32
30 28 30
30 28 31
30 28 32
30 29 30
30 29 31
30 29 32
30 30 30
30 30 31
30 31 30
30 31 31
30 32 4
30 32 5
30 32 6
30 32 7
30 32 8
30 32 9
30 32 10
30 32 11
30 32 12
30 32 13
30 32 14
30 32 15
30 32 16
30 32 17
30 32 18
30 32 19
30 32 20
30 32 21
30 32 22
30 32 23
30 32 24
30 32 25
30 32 26
30 32 27
30 32 28
30 32 29
30 32 30
30 33 3
30 33 4
30 33 5
30 33 6
30 33 7
30 33 8
30 33 9
30 33 10
30 33 11
30 33 12
30 33 13
30 33 14
30 33 15
30 33 16
30 33 17
30 33 18
30 33 19
30 33 20
30 33 21
30 33 22
30 33 23
30 33 24
30 33 25
30 33 26
30 33 27
30 33 28
30 33 29
30 33 30
30 34 2
30 34 3
30 34 4
30 34 5
30 34 6
30 34 7
30 34 8
30 34 9
30 34 10
30 34 11
30 34 12
30 34 13
30 34 14
30 34 15
30 34 16
30 34 17
30 34 18
30 34 19
30 34 20
30 34 21
30 34 22
30 34 23
30 34 24
30 34 25
30 34 26
30 34 27
30 34 28
30 34 29
30 34 30
30 35 2
30 35 3
30 35 28
30 35 29
30 35 30
31 3 23
31 3 24
31 3 25
31 3 26
31 3 27
31 3 28
31 3 29
31 4 22
31 4 23
31 4 24
31 4 25
31 4 26
31 4 27
31 4 28
31 4 29
31 4 30
31 4 31
31 4 32
31 5 23
31 5 24
31 5 25
31 5 26
31 5 27
31 5 28
31 5 29
31 5 30
31 5 31
31 5 32
31 5 33
31 6 25
31 6 26
31 6 27
31 6 28
31 6 29
31 6 30
31 6 31
31 6 32
31 6 33
31 7 26
31 7 27
31 7 28
31 7 29
31 7 30
31 7 31
31 7 32
31 7 33
31 7 34
31 8 26
31 8 27
31 8 28
31 8 29
31 8 30
31 8 31
31 8 32
31 8 33
31 8 34
31 9 27
31 9 28
31 9 29
31 9 30
31 9 31
31 9 32
31 9 33
31 9 34
31 10 27
31 10 28
31 10 29
31 10 30
31 10 31
31 10 32
31 10 33
31 10 34
31 11 28
31 11 29
31 11 30
31 11 31
31 11 32
31 11 33
31 11 34
31 12 28
31 12 29
31 12 30
31 12 31
31 12 32
31 12 33
31 12 34
31 13 28
31 13 29
31 13 30
31 13 31
31 13 32
31 13 33
31 13 34
31 14 29
31 14 30
31 14 31
31 14 32
31 14 33
31 14 34
31 15 29
31 15 30
31 15 31
31 15 32
31 15 33
31 15 34
31 16 32
31 16 33
31 16 34
31 17 32
31 17 33
31 17 34
31 18 32
31 18 33
31 19 31
31 19 32
31 19 33
31 20 31
31 20 32
31 20 33
31 21 31
31 21 32
31 21 33
31 22 31
31 22 32
31 23 31
31 23 32
31 24 31
31 24 32
31 25 31
31 26 30
31 26 31
31 27 31
31 33 3
31 33 4
31 33 5
31 33 6
31 33 7
31 33 8
31 33 9
31 33 10
31 33 11
31 33 12
31 33 13
31 33 14
31 33 15
31 33 16
31 33 17
31 33 18
31 33 19
31 33 20
31 33 21
31 33 22
31 33 23
31 33 24
31 33 25
31 33 26
31 33 27
31 33 28
31 34 2
31 34 3
31 34 4
31 34 5
31 34 6
31 34 7
31 34 8
31 34 9
31 34 10
31 34 11
31 34 12
31 34 13
31 34 14
31 34 15
31 34 16
31 34 17
31 34 18
31 34 19
31 34 20
31 34 21
31 34 22
31 34 23
31 34 24
31 34 25
31 34 26
31 34 27
31 34 28
31 34 29
31 35 2
31 35 3
31 35 9
31 35 10
31 35 11
31 35 23
31 35 24
31 35 25
31 35 27
31 35 28
31 35 29
31 36 2
31 36 3
31 36 28
31 36 29
32 4 27
32 4 28
32 4 29
32 4 30
32 4 31
32 4 32
32 5 26
32 5 27
32 5 28
32 5 29
32 5 30
32 5 31
32 5 32
32 5 33
32 6 28
32 6 29
32 6 30
32 6 31
32 6 32
32 6 33
32 6 34
32 7 28
32 7 29
32 7 30
32 7 31
32 7 32
32 7 33
32 7 34
32 8 29
32 8 30
32 8 31
32 8 32
32 8 33
32 8 34
32 9 30
32 9 31
32 9 32
32 9 33
32 9 34
32 10 30
32 10 31
32 10 32
32 10 33
32 10 34
32 11 30
32 11 31
32 11 32
32 11 33
32 11 34
32 12 30
32 12 31
32 12 32
32 12 33
32 12 34
32 13 31
32 13 32
32 13 33
32 13 34
32 14 31
32 14 32
32 14 33
32 14 34
32 15 31
32 15 32
32 15 33
32 16 32
32 16 33
32 17 32
32 17 33
32 18 32
32 19 32
32 20 31
32 20 32
32 21 32
32 33 3
32 33 4
32 33 5
32 33 6
32 33 7
32 33 8
32 33 9
32 33 10
32 33 11
32 33 12
32 33 13
32 33 14
32 33 15
32 33 16
32 33 17
32 33 18
32 33 19
32 33 20
32 33 21
32 33 22
32 33 23
32 33 24
32 33 25
32 33 26
32 33 27
32 33 28
32 34 2
32 34 3
32 34 4
32 34 5
32 34 6
32 34 7
32 34 8
32 34 9
32 34 10
32 34 11
32 34 12
32 34 13
32 34 14
32 34 15
32 34 16
32 34 17
32 34 18
32 34 19
32 34 20
32 34 21
32 34 22
32 34 23
32 34 24
32 34 25
32 34 26
32 34 27
32 34 28
32 35 2
32 35 3
32 35 4
32 35 5
32 35 6
32 35 7
32 35 8
32 35 9
32 35 10
32 35 11
32 35 12
32 35 13
32 35 14
32 35 15
32 35 16
32 35 17
32 35 18
32 35 19
32 35 20
32 35 21
32 35 22
32 35 23
32 35 24
32 35 25
32 35 26
32 35 27
32 35 28
32 35 29
32 36 1
32 36 2
32 36 3
32 36 27
32 36 28
32 36 29
32 37 1
32 37 2
32 37 28
33 5 30
33 5 31
33 5 32
33 5 33
33 6 30
33 6 31
33 6 32
33 6 33
33 7 31
33 7 32
33 7 33
33 7 34
33 8 32
33 8 33
33 8 34
33 9 32
33 9 33
33 9 34
33 10 32
33 10 33
33 10 34
33 11 32
33 11 33
33 11 34
33 12 33
33 13 33
33 34 2
33 34 3
33 34 4
33 34 5
33 34 6
33 34 7
33 34 8
33 34 9
33 34 10
33 34 11
33 34 12
33 34 13
33 34 14
33 34 15
33 34 16
33 34 17
33 34 18
33 34 19
33 34 20
33 34 21
33 34 22
33 34 23
33 34 24
33 34 25
33 34 26
33 34 27
33 35 2
33 35 3
33 35 4
33 35 5
33 35 6
33 35 7
33 35 8
33 35 9
33 35 10
33 35 11
33 35 12
33 35 13
33 35 14
33 35 15
33 35 16
33 35 17
33 35 18
33 35 19
33 35 20
33 35 21
33 35 22
33 35 23
33 35 24
33 35 25
33 35 26
33 35 27
33 35 28
33 36 1
33 36 2
33 36 3
33 36 4
33 36 5
33 36 6
33 36 7
33 36 8
33 36 9
33 36 10
33 36 11
33 36 12
33 36 13
33 36 14
33 36 15
33 36 16
33 36 17
33 36 18
33 36 19
33 36 20
33 36 21
33 36 22
33 36 23
33 36 24
33 36 25
33 36 26
33 36 27
33 36 28
33 37 1
33 37 2
33 37 27
33 37 28
33 38 1
33 38 2
33 38 28
34 35 2
34 35 3
34 35 4
34 35 5
34 35 6
34 35 7
34 35 8
34 35 9
34 35 10
34 35 11
34 35 12
34 35 13
34 35 14
34 35 15
34 35 16
34 35 17
34 35 18
34 35 19
34 35 20
34 35 21
34 35 22
34 35 23
34 35 24
34 35 25
34 35 26
34 35 27
34 36 1
34 36 2
34 36 3
34 36 4
34 36 5
34 36 6
34 36 7
34 36 8
34 36 9
34 36 10
34 36 11
34 36 12
34 36 13
34 36 14
34 36 15
34 36 16
34 36 17
34 36 18
34 36 19
34 36 20
34 36 21
34 36 22
34 36 23
34 36 24
34 36 25
34 36 26
34 36 27
34 37 1
34 37 2
34 37 3
34 37 4
34 37 5
34 37 6
34 37 7
34 37 8
34 37 9
34 37 10
34 37 11
34 37 12
34 37 13
34 37 14
34 37 15
34 37 16
34 37 17
34 37 18
34 37 19
34 37 20
34 37 21
34 37 22
34 37 23
34 37 24
34 37 25
34 37 26
34 37 27
34 37 28
34 38 1
34 38 2
34 38 26
34 38 27
34 38 28
34 39 1
34 39 2
35 35 3
35 35 4
35 35 9
35 35 10
35 35 11
35 35 13
35 35 14
35 35 15
35 35 16
35 35 17
35 35 18
35 35 23
35 35 24
35 35 25
35 35 27
35 36 2
35 36 3
35 36 4
35 36 5
35 36 6
35 36 7
35 36 8
35 36 9
35 36 10
35 36 11
35 36 12
35 36 13
35 36 14
35 36 15
35 36 16
35 36 17
35 36 18
35 36 19
35 36 20
35 36 21
35 36 22
35 36 23
35 36 24
35 36 25
35 36 26
35 36 27
35 37 1
35 37 2
35 37 3
35 37 4
35 37 5
35 37 6
35 37 7
35 37 8
35 37 9
35 37 10
35 37 11
35 37 12
35 37 13
35 37 14
35 37 15
35 37 16
35 37 17
35 37 18
35 37 19
35 37 20
35 37 21
35 37 22
35 37 23
35 37 24
35 37 25
35 37 26
35 37 27
35 38 1
35 38 2
35 38 3
35 38 4
35 38 26
35 38 27
35 38 28
35 39 1
35 39 2
35 39 3
35 39 4
35 39 26
35 39 27
36 36 3
36 36 4
36 36 5
36 36 6
36 36 7
36 36 8
36 36 9
36 36 10
36 36 11
36 36 12
36 36 13
36 36 14
36 36 15
36 36 16
36 36 17
36 36 18
36 36 19
36 36 20
36 36 21
36 36 22
36 36 23
36 36 24
36 36 25
36 36 26
36 37 2
36 37 3
36 37 4
36 37 5
36 37 6
36 37 7
36 37 8
36 37 9
36 37 10
36 37 11
36 37 12
36 37 13
36 37 14
36 37 15
36 37 16
36 37 17
36 37 18
36 37 19
36 37 20
36 37 21
36 37 22
36 37 23
36 37 24
36 37 25
36 37 26
36 37 27
36 38 2
36 38 3
36 38 4
36 38 5
36 38 6
36 38 7
36 38 8
36 38 9
36 38 10
36 38 11
36 38 12
36 38 13
36 38 14
36 38 15
36 38 16
36 38 17
36 38 18
36 38 19
36 38 20
36 38 21
36 38 22
36 38 23
36 38 24
36 38 25
36 38 26
36 38 27
36 39 1
36 39 2
36 39 3
36 39 4
36 39 5
36 39 6
36 39 7
36 39 8
36 39 26
36 39 27
36 40 2
36 40 3
36 40 4
36 40 5
36 40 6
36 40 7
36 40 8
36 40 26
36 40 27
37 37 3
37 37 4
37 37 5
37 37 6
37 37 7
37 37 8
37 37 9
37 37 10
37 37 11
37 37 12
37 37 13
37 37 14
37 37 15
37 37 16
37 37 17
37 37 18
37 37 19
37 37 20
37 37 21
37 37 22
37 37 23
37 37 24
37 37 25
37 37 26
37 38 2
37 38 3
37 38 4
37 38 5
37 38 6
37 38 7
37 38 8
37 38 9
37 38 10
37 38 11
37 38 12
37 38 13
37 38 14
37 38 15
37 38 16
37 38 17
37 38 18
37 38 19
37 38 20
37 38 21
37 38 22
37 38 23
37 38 24
37 38 25
37 38 26
37 39 3
37 39 4
37 39 5
37 39 6
37 39 7
37 39 8
37 39 9
37 39 10
37 39 11
37 39 12
37 39 13
37 39 14
37 39 15
37 39 16
37 39 17
37 39 18
37 39 19
37 39 20
37 39 21
37 39 22
37 39 23
37 39 24
37 39 25
37 39 26
37 39 27
37 40 4
37 40 5
37 40 6
37 40 7
37 40 8
37 40 9
37 40 10
37 40 11
37 40 12
37 40 25
37 40 26
37 40 27
37 41 8
37 41 9
37 41 10
37 41 11
38 38 5
38 38 6
38 38 7
38 38 8
38 38 9
38 38 10
38 38 11
38 38 12
38 38 13
38 38 14
38 38 15
38 38 16
38 38 17
38 38 18
38 38 19
38 38 20
38 38 21
38 38 22
38 38 23
38 38 24
38 38 25
38 38 26
38 39 6
38 39 7
38 39 8
38 39 9
38 39 10
38 39 11
38 39 12
38 39 13
38 39 14
38 39 15
38 39 16
38 39 17
38 39 18
38 39 19
38 39 20
38 39 21
38 39 22
38 39 23
38 39 24
38 39 25
38 39 26
38 40 6
38 40 7
38 40 8
38 40 9
38 40 10
38 40 11
38 40 12
38 40 13
38 40 14
38 40 15
38 40 16
38 40 17
38 40 18
38 40 19
38 40 20
38 40 21
38 40 22
38 40 23
38 40 24
38 40 25
38 40 26
38 41 8
38 41 9
38 41 10
38 41 11
38 41 12
38 41 13
38 41 14
38 41 15
38 41 25
38 41 26
38 42 14
38 42 15
39 38 12
39 38 13
39 38 14
39 38 15
39 38 16
39 38 17
39 38 18
39 38 19
39 38 20
39 38 21
39 38 22
39 38 23
39 38 24
39 38 25
39 39 9
39 39 10
39 39 11
39 39 12
39 39 13
39 39 14
39 39 15
39 39 16
39 39 17
39 39 18
39 39 19
39 39 20
39 39 21
39 39 22
39 39 23
39 39 24
39 39 25
39 40 10
39 40 11
39 40 12
39 40 13
39 40 14
39 40 15
39 40 16
39 40 17
39 40 18
39 40 19
39 40 20
39 40 21
39 40 22
39 40 23
39 40 24
39 40 25
39 40 26
39 41 10
39 41 11
39 41 12
39 41 13
39 41 14
39 41 15
39 41 16
39 41 17
39 41 18
39 41 19
39 41 24
39 41 25
39 41 26
39 42 13
39 42 14
39 42 15
39 42 16
39 42 17
39 42 18
39 42 19
39 42 24
39 42 25
39 42 26
40 39 15
40 39 16
40 39 17
40 39 18
40 39 19
40 39 20
40 39 21
40 39 22
40 39 23
40 39 24
40 40 13
40 40 14
40 40 15
40 40 16
40 40 17
40 40 18
40 40 19
40 40 20
40 40 21
40 40 22
40 40 23
40 40 24
40 40 25
40 41 14
40 41 15
40 41 16
40 41 17
40 41 18
40 41 19
40 41 20
40 41 21
40 41 22
40 41 23
40 41 24
40 41 25
40 42 15
40 42 16
40 42 17
40 42 18
40 42 19
40 42 20
40 42 21
40 42 22
40 42 23
40 42 24
40 42 25
40 43 18
40 43 19
40 43 20
40 43 21
40 43 22
40 43 23
40 43 24
41 40 17
41 40 18
41 40 19
41 40 20
41 40 21
41 40 22
41 40 23
41 40 24
41 41 17
41 41 18
41 41 19
41 41 20
41 41 21
41 41 22
41 41 23
41 41 24
41 42 17
41 42 18
41 42 19
41 42 20
41 42 21
41 42 22
41 42 23
41 42 24
41 43 19
41 43 20
41 43 21
41 43 22
41 43 23
41 43 24
42 41 21
42 41 22
42 41 23
42 42 21
42 42 22
42 42 23
42 43 21
42 43 22
