0 29 24
0 29 25
0 29 26
0 29 27
0 30 24
0 30 25
0 30 26
0 30 27
1 29 21
1 29 22
1 29 23
1 29 24
1 29 25
1 29 26
1 29 27
1 29 28
1 29 29
1 30 21
1 30 22
1 30 23
1 30 24
1 30 25
1 30 26
1 30 27
1 30 28
1 30 29
1 31 23
1 31 24
1 31 25
1 31 26
1 31 27
1 31 28
2 29 18
2 29 19
2 29 20
2 29 21
2 29 22
2 29 23
2 29 24
2 29 25
2 29 26
2 29 27
2 29 28
2 29 29
2 29 30
2 30 18
2 30 19
2 30 20
2 30 21
2 30 22
2 30 23
2 30 24
2 30 25
2 30 26
2 30 27
2 30 28
2 30 29
2 31 20
2 31 21
2 31 22
2 31 23
2 31 24
2 31 25
2 31 26
2 31 27
2 31 28
2 32 24
2 32 25
2 32 26
2 32 27
3 0 30
3 0 31
3 1 30
3 1 31
3 2 30
3 2 31
3 3 30
3 3 31
3 29 15
3 29 16
3 29 17
3 29 18
3 29 19
3 29 20
3 29 21
3 29 22
3 29 23
3 29 28
3 29 29
3 29 30
3 30 15
3 30 16
3 30 17
3 30 18
3 30 19
3 30 20
3 30 21
3 30 22
3 30 23
3 30 24
3 30 25
3 30 26
3 30 27
3 30 28
3 30 29
3 30 30
3 31 17
3 31 18
3 31 19
3 31 20
3 31 21
3 31 22
3 31 23
3 31 24
3 31 25
3 31 26
3 31 27
3 31 28
3 31 29
3 32 21
3 32 22
3 32 23
3 32 24
3 32 25
3 32 26
3 32 27
3 32 28
3 32 29
4 0 30
4 0 31
4 1 30
4 1 31
4 1 32
4 2 30
4 2 31
4 2 32
4 3 30
4 3 31
4 4 30
4 4 31
4 5 31
4 29 12
4 29 13
4 29 14
4 29 15
4 29 16
4 29 17
4 29 18
4 29 19
4 29 29
4 29 30
4 29 31
4 30 12
4 30 13
4 30 14
4 30 15
4 30 16
4 30 17
4 30 18
4 30 19
4 30 20
4 30 21
4 30 22
4 30 23
4 30 24
4 30 25
4 30 26
4 30 27
4 30 28
4 30 29
4 30 30
4 30 31
4 31 14
4 31 15
4 31 16
4 31 17
4 31 18
4 31 19
4 31 20
4 31 21
4 31 22
4 31 23
4 31 24
4 31 25
4 31 26
4 31 27
4 31 28
4 31 29
4 31 30
4 32 18
4 32 19
4 32 20
4 32 21
4 32 22
4 32 23
4 32 24
4 32 25
4 32 26
4 32 27
4 32 28
4 32 29
5 0 30
5 0 31
5 1 30
5 1 31
5 1 32
5 2 30
5 2 31
5 2 32
5 3 30
5 3 31
5 3 32
5 4 30
5 4 31
5 4 32
5 5 30
5 5 31
5 5 32
5 6 31
5 29 9
5 29 10
5 29 11
5 29 12
5 29 13
5 29 14
5 29 15
5 29 16
5 29 29
5 29 30
5 29 31
5 30 9
5 30 10
5 30 11
5 30 12
5 30 13
5 30 14
5 30 15
5 30 16
5 30 17
5 30 18
5 30 19
5 30 20
5 30 21
5 30 22
5 30 23
5 30 24
5 30 25
5 30 26
5 30 27
5 30 28
5 30 29
5 30 30
5 30 31
5 31 11
5 31 12
5 31 13
5 31 14
5 31 15
5 31 16
5 31 17
5 31 18
5 31 19
5 31 20
5 31 21
5 31 22
5 31 23
5 31 24
5 31 25
5 31 26
5 31 27
5 31 28
5 31 29
5 31 30
5 32 15
5 32 16
5 32 17
5 32 18
5 32 19
5 32 20
5 32 21
5 32 22
5 32 23
5 32 24
5 32 25
5 32 26
5 32 27
5 32 28
5 32 29
6 1 30
6 2 30
6 2 31
6 3 30
6 3 31
6 3 32
6 4 30
6 4 31
6 4 32
6 5 30
6 5 31
6 5 32
6 6 30
6 6 31
6 6 32
6 7 31
6 7 32
6 8 31
6 8 32
6 9 31
6 9 32
6 29 6
6 29 7
6 29 8
6 29 9
6 29 10
6 29 11
6 29 12
6 29 13
6 29 30
6 29 31
6 30 6
6 30 7
6 30 8
6 30 9
6 30 10
6 30 11
6 30 12
6 30 13
6 30 14
6 30 15
6 30 16
6 30 17
6 30 18
6 30 19
6 30 20
6 30 21
6 30 22
6 30 23
6 30 24
6 30 25
6 30 26
6 30 27
6 30 28
6 30 29
6 30 30
6 30 31
6 31 8
6 31 9
6 31 10
6 31 11
6 31 12
6 31 13
6 31 14
6 31 15
6 31 16
6 31 17
6 31 18
6 31 19
6 31 20
6 31 21
6 31 22
6 31 23
6 31 24
6 31 25
6 31 26
6 31 27
6 31 28
6 31 29
6 31 30
6 32 12
6 32 13
6 32 14
6 32 15
6 32 16
6 32 17
6 32 18
6 32 19
6 32 20
6 32 21
6 32 22
6 32 23
6 32 24
6 32 25
6 32 26
6 32 27
6 32 28
6 32 29
6 32 30
7 4 31
7 4 32
7 5 31
7 5 32
7 6 31
7 6 32
7 6 33
7 7 31
7 7 32
7 7 33
7 8 28
7 8 29
7 8 30
7 8 31
7 8 32
7 8 33
7 9 30
7 9 31
7 9 32
7 10 31
7 10 32
7 11 32
7 29 2
7 29 3
7 29 4
7 29 5
7 29 6
7 29 7
7 29 8
7 29 9
7 29 10
7 29 30
7 29 31
7 29 32
7 30 3
7 30 4
7 30 5
7 30 6
7 30 7
7 30 8
7 30 9
7 30 10
7 30 11
7 30 12
7 30 13
7 30 14
7 30 15
7 30 16
7 30 17
7 30 18
7 30 19
7 30 20
7 30 21
7 30 22
7 30 23
7 30 24
7 30 25
7 30 26
7 30 27
7 30 28
7 30 29
7 30 30
7 30 31
7 30 32
7 31 5
7 31 6
7 31 7
7 31 8
7 31 9
7 31 10
7 31 11
7 31 12
7 31 13
7 31 14
7 31 15
7 31 16
7 31 17
7 31 18
7 31 19
7 31 20
7 31 21
7 31 22
7 31 23
7 31 24
7 31 25
7 31 26
7 31 27
7 31 28
7 31 29
7 31 30
7 31 31
7 32 9
7 32 10
7 32 11
7 32 12
7 32 13
7 32 14
7 32 15
7 32 16
7 32 17
7 32 18
7 32 19
7 32 20
7 32 21
7 32 22
7 32 23
7 32 24
7 32 25
7 32 26
7 32 27
7 32 28
7 32 29
7 32 30
8 5 32
8 6 31
8 6 32
8 7 29
8 7 30
8 7 31
8 7 32
8 7 33
8 8 25
8 8 26
8 8 27
8 8 28
8 8 29
8 8 30
8 8 31
8 8 32
8 8 33
8 9 26
8 9 27
8 9 28
8 9 29
8 9 30
8 9 31
8 9 32
8 9 33
8 10 31
8 10 32
8 10 33
8 11 31
8 11 32
8 12 32
8 29 2
8 29 3
8 29 4
8 29 5
8 29 6
8 29 7
8 29 30
8 29 31
8 29 32
8 30 2
8 30 3
8 30 4
8 30 5
8 30 6
8 30 7
8 30 8
8 30 9
8 30 10
8 30 11
8 30 12
8 30 13
8 30 14
8 30 15
8 30 16
8 30 17
8 30 18
8 30 19
8 30 20
8 30 21
8 30 22
8 30 23
8 30 24
8 30 25
8 30 26
8 30 27
8 30 28
8 30 29
8 30 30
8 30 31
8 30 32
8 31 2
8 31 3
8 31 4
8 31 5
8 31 6
8 31 7
8 31 8
8 31 9
8 31 10
8 31 11
8 31 12
8 31 13
8 31 14
8 31 15
8 31 16
8 31 17
8 31 18
8 31 19
8 31 20
8 31 21
8 31 22
8 31 23
8 31 24
8 31 25
8 31 26
8 31 27
8 31 28
8 31 29
8 31 30
8 31 31
8 32 6
8 32 7
8 32 8
8 32 9
8 32 10
8 32 11
8 32 12
8 32 13
8 32 14
8 32 15
8 32 16
8 32 17
8 32 18
8 32 19
8 32 20
8 32 21
8 32 22
8 32 23
8 32 24
8 32 25
8 32 26
8 32 27
8 32 28
8 32 29
8 32 30
9 7 26
9 7 27
9 7 28
9 7 29
9 7 30
9 7 31
9 7 32
9 8 22
9 8 23
9 8 24
9 8 25
9 8 26
9 8 27
9 8 28
9 8 29
9 8 30
9 8 31
9 8 32
9 8 33
9 9 23
9 9 24
9 9 25
9 9 26
9 9 27
9 9 28
9 9 29
9 9 30
9 9 31
9 9 32
9 9 33
9 10 31
9 10 32
9 10 33
9 11 31
9 11 32
9 11 33
9 12 31
9 12 32
9 12 33
9 13 32
9 13 33
9 14 32
9 14 33
9 29 1
9 29 2
9 29 3
9 29 4
9 29 31
9 29 32
9 30 1
9 30 2
9 30 3
9 30 4
9 30 5
9 30 6
9 30 7
9 30 8
9 30 9
9 30 10
9 30 11
9 30 12
9 30 13
9 30 14
9 30 15
9 30 16
9 30 17
9 30 18
9 30 19
9 30 20
9 30 21
9 30 22
9 30 23
9 30 24
9 30 25
9 30 26
9 30 27
9 30 28
9 30 29
9 30 30
9 30 31
9 30 32
9 31 2
9 31 3
9 31 4
9 31 5
9 31 6
9 31 7
9 31 8
9 31 9
9 31 10
9 31 11
9 31 12
9 31 13
9 31 14
9 31 15
9 31 16
9 31 17
9 31 18
9 31 19
9 31 20
9 31 21
9 31 22
9 31 23
9 31 24
9 31 25
9 31 26
9 31 27
9 31 28
9 31 29
9 31 30
9 31 31
9 32 4
9 32 5
9 32 6
9 32 7
9 32 8
9 32 9
9 32 10
9 32 11
9 32 12
9 32 13
9 32 14
9 32 15
9 32 16
9 32 17
9 32 18
9 32 19
9 32 20
9 32 21
9 32 22
9 32 23
9 32 24
9 32 25
9 32 26
9 32 27
9 32 28
9 32 29
9 32 30
10 7 23
10 7 24
10 7 25
10 7 26
10 7 27
10 7 28
10 7 29
10 8 19
10 8 20
10 8 21
10 8 22
10 8 23
10 8 24
10 8 25
10 8 26
10 8 27
10 8 28
10 8 29
10 9 20
10 9 21
10 9 22
10 9 23
10 9 24
10 9 25
10 9 26
10 9 27
10 9 28
10 9 29
10 9 32
10 10 32
10 10 33
10 11 32
10 11 33
10 12 32
10 12 33
10 12 34
10 13 32
10 13 33
10 13 34
10 14 32
10 14 33
10 15 32
10 15 33
10 16 32
10 16 33
10 29 1
10 29 2
10 29 3
10 29 31
10 29 32
10 29 33
10 30 1
10 30 2
10 30 3
10 30 4
10 30 5
10 30 6
10 30 7
10 30 8
10 30 9
10 30 10
10 30 11
10 30 12
10 30 13
10 30 14
10 30 15
10 30 16
10 30 17
10 30 18
10 30 19
10 30 20
10 30 21
10 30 22
10 30 23
10 30 24
10 30 25
10 30 26
10 30 27
10 30 28
10 30 29
10 30 30
10 30 31
10 30 32
10 30 33
10 31 2
10 31 3
10 31 4
10 31 5
10 31 6
10 31 7
10 31 8
10 31 9
10 31 10
10 31 11
10 31 12
10 31 13
10 31 14
10 31 15
10 31 16
10 31 17
10 31 18
10 31 19
10 31 20
10 31 21
10 31 22
10 31 23
10 31 24
10 31 25
10 31 26
10 31 27
10 31 28
10 31 29
10 31 30
10 31 31
10 31 32
10 32 3
10 32 4
10 32 5
10 32 6
10 32 7
10 32 8
10 32 9
10 32 10
10 32 11
10 32 12
10 32 13
10 32 14
10 32 15
10 32 16
10 32 17
10 32 18
10 32 19
10 32 20
10 32 21
10 32 22
10 32 23
10 32 24
10 32 25
10 32 26
10 32 27
10 32 28
10 32 29
10 32 30
10 32 31
11 7 20
11 7 21
11 7 22
11 7 23
11 7 24
11 7 25
11 7 26
11 7 27
11 8 16
11 8 17
11 8 18
11 8 19
11 8 20
11 8 21
11 8 22
11 8 23
11 8 24
11 8 25
11 8 26
11 8 27
11 9 17
11 9 18
11 9 19
11 9 20
11 9 21
11 9 22
11 9 23
11 9 24
11 9 25
11 9 26
11 9 27
11 11 32
11 11 33
11 12 32
11 12 33
11 13 32
11 13 33
11 13 34
11 14 32
11 14 33
11 14 34
11 15 32
11 15 33
11 15 34
11 16 32
11 16 33
11 16 34
11 17 32
11 17 33
11 18 33
11 29 1
11 29 2
11 29 31
11 29 32
11 29 33
11 30 1
11 30 2
11 30 3
11 30 4
11 30 5
11 30 6
11 30 7
11 30 8
11 30 9
11 30 10
11 30 11
11 30 12
11 30 13
11 30 14
11 30 15
11 30 16
11 30 17
11 30 18
11 30 19
11 30 20
11 30 21
11 30 22
11 30 23
11 30 24
11 30 25
11 30 26
11 30 27
11 30 28
11 30 29
11 30 30
11 30 31
11 30 32
11 30 33
11 31 2
11 31 3
11 31 4
11 31 5
11 31 6
11 31 7
11 31 8
11 31 9
11 31 10
11 31 11
11 31 12
11 31 13
11 31 14
11 31 15
11 31 16
11 31 17
11 31 18
11 31 19
11 31 20
11 31 21
11 31 22
11 31 23
11 31 24
11 31 25
11 31 26
11 31 27
11 31 28
11 31 29
11 31 30
11 31 31
11 31 32
11 32 3
11 32 4
11 32 5
11 32 6
11 32 7
11 32 8
11 32 9
11 32 10
11 32 11
11 32 12
11 32 13
11 32 14
11 32 15
11 32 16
11 32 17
11 32 18
11 32 19
11 32 20
11 32 21
11 32 22
11 32 23
11 32 24
11 32 25
11 32 26
11 32 27
11 32 28
11 32 29
11 32 30
11 32 31
12 0 0
12 0 1
12 1 0
12 1 1
12 2 1
12 7 17
12 7 18
12 7 19
12 7 20
12 7 21
12 7 22
12 7 23
12 8 13
12 8 14
12 8 15
12 8 16
12 8 17
12 8 18
12 8 19
12 8 20
12 8 21
12 8 22
12 8 23
12 9 14
12 9 15
12 9 16
12 9 17
12 9 18
12 9 19
12 9 20
12 9 21
12 9 22
12 9 23
12 13 32
12 13 33
12 14 32
12 14 33
12 14 34
12 15 32
12 15 33
12 15 34
12 16 32
12 16 33
12 16 34
12 17 32
12 17 33
12 17 34
12 18 32
12 18 33
12 18 34
12 19 33
12 19 34
12 20 34
12 29 1
12 29 2
12 29 32
12 29 33
12 30 1
12 30 2
12 30 3
12 30 4
12 30 5
12 30 6
12 30 7
12 30 8
12 30 9
12 30 10
12 30 11
12 30 12
12 30 13
12 30 14
12 30 15
12 30 16
12 30 17
12 30 18
12 30 19
12 30 20
12 30 21
12 30 22
12 30 23
12 30 24
12 30 25
12 30 26
12 30 27
12 30 28
12 30 29
12 30 30
12 30 31
12 30 32
12 30 33
12 31 2
12 31 3
12 31 4
12 31 5
12 31 6
12 31 7
12 31 8
12 31 9
12 31 10
12 31 11
12 31 12
12 31 13
12 31 14
12 31 15
12 31 16
12 31 17
12 31 18
12 31 19
12 31 20
12 31 21
12 31 22
12 31 23
12 31 24
12 31 25
12 31 26
12 31 27
12 31 28
12 31 29
12 31 30
12 31 31
12 31 32
12 32 2
12 32 3
12 32 4
12 32 5
12 32 6
12 32 7
12 32 8
12 32 9
12 32 10
12 32 11
12 32 12
12 32 13
12 32 14
12 32 15
12 32 16
12 32 17
12 32 18
12 32 19
12 32 20
12 32 21
12 32 22
12 32 23
12 32 24
12 32 25
12 32 26
12 32 27
12 32 28
12 32 29
12 32 30
12 32 31
12 32 32
13 0 0
13 0 1
13 0 2
13 1 0
13 1 1
13 1 2
13 2 0
13 2 1
13 2 2
13 3 0
13 3 1
13 3 2
13 7 14
13 7 15
13 7 16
13 7 17
13 7 18
13 7 19
13 7 20
13 8 10
13 8 11
13 8 12
13 8 13
13 8 14
13 8 15
13 8 16
13 8 17
13 8 18
13 8 19
13 8 20
13 9 11
13 9 12
13 9 13
13 9 14
13 9 15
13 9 16
13 9 17
13 9 18
13 9 19
13 9 20
13 15 32
13 15 33
13 15 34
13 16 32
13 16 33
13 16 34
13 17 32
13 17 33
13 17 34
13 17 35
13 18 32
13 18 33
13 18 34
13 18 35
13 19 33
13 19 34
13 19 35
13 20 33
13 20 34
13 21 33
13 21 34
13 29 1
13 29 2
13 29 32
13 29 33
13 29 34
13 30 1
13 30 2
13 30 3
13 30 4
13 30 5
13 30 6
13 30 7
13 30 8
13 30 9
13 30 10
13 30 11
13 30 12
13 30 13
13 30 14
13 30 15
13 30 16
13 30 17
13 30 18
13 30 19
13 30 20
13 30 21
13 30 22
13 30 23
13 30 24
13 30 25
13 30 26
13 30 27
13 30 28
13 30 29
13 30 30
13 30 31
13 30 32
13 30 33
13 30 34
13 31 2
13 31 3
13 31 4
13 31 5
13 31 6
13 31 7
13 31 8
13 31 9
13 31 10
13 31 11
13 31 12
13 31 13
13 31 14
13 31 15
13 31 16
13 31 17
13 31 18
13 31 19
13 31 20
13 31 21
13 31 22
13 31 23
13 31 24
13 31 25
13 31 26
13 31 27
13 31 28
13 31 29
13 31 30
13 31 31
13 31 32
13 31 33
13 32 2
13 32 3
13 32 4
13 32 5
13 32 6
13 32 7
13 32 8
13 32 9
13 32 10
13 32 11
13 32 12
13 32 13
13 32 14
13 32 15
13 32 16
13 32 17
13 32 18
13 32 19
13 32 20
13 32 21
13 32 22
13 32 23
13 32 24
13 32 25
13 32 26
13 32 27
13 32 28
13 32 29
13 32 30
13 32 31
13 32 32
14 0 0
14 0 1
14 0 2
14 1 0
14 1 1
14 1 2
14 2 0
14 2 1
14 2 2
14 3 0
14 3 1
14 3 2
14 4 0
14 4 1
14 4 2
14 5 1
14 5 2
14 7 11
14 7 12
14 7 13
14 7 14
14 7 15
14 7 16
14 7 17
14 8 7
14 8 8
14 8 9
14 8 10
14 8 11
14 8 12
14 8 13
14 8 14
14 8 15
14 8 16
14 8 17
14 9 8
14 9 9
14 9 10
14 9 11
14 9 12
14 9 13
14 9 14
14 9 15
14 9 16
14 9 17
14 17 33
14 17 34
14 18 33
14 18 34
14 19 33
14 19 34
14 19 35
14 20 33
14 20 34
14 20 35
14 21 33
14 21 34
14 21 35
14 22 33
14 22 34
14 22 35
14 23 33
14 23 34
14 29 1
14 29 2
14 29 3
14 29 32
14 29 33
14 29 34
14 30 1
14 30 2
14 30 3
14 30 4
14 30 5
14 30 6
14 30 7
14 30 8
14 30 9
14 30 10
14 30 11
14 30 12
14 30 13
14 30 14
14 30 15
14 30 16
14 30 17
14 30 18
14 30 19
14 30 20
14 30 21
14 30 22
14 30 23
14 30 24
14 30 25
14 30 26
14 30 27
14 30 28
14 30 29
14 30 30
14 30 31
14 30 32
14 30 33
14 30 34
14 31 2
14 31 3
14 31 4
14 31 5
14 31 6
14 31 7
14 31 8
14 31 9
14 31 10
14 31 11
14 31 12
14 31 13
14 31 14
14 31 15
14 31 16
14 31 17
14 31 18
14 31 19
14 31 20
14 31 21
14 31 22
14 31 23
14 31 24
14 31 25
14 31 26
14 31 27
14 31 28
14 31 29
14 31 30
14 31 31
14 31 32
14 31 33
14 32 3
14 32 4
14 32 5
14 32 6
14 32 7
14 32 8
14 32 9
14 32 10
14 32 11
14 32 12
14 32 13
14 32 14
14 32 15
14 32 16
14 32 17
14 32 18
14 32 19
14 32 20
14 32 21
14 32 22
14 32 23
14 32 24
14 32 25
14 32 26
14 32 27
14 32 28
14 32 29
14 32 30
14 32 31
14 32 32
15 0 1
15 1 0
15 1 1
15 1 2
15 2 0
15 2 1
15 2 2
15 3 0
15 3 1
15 3 2
15 3 3
15 4 0
15 4 1
15 4 2
15 4 3
15 5 1
15 5 2
15 5 3
15 6 1
15 6 2
15 7 1
15 7 2
15 7 8
15 7 9
15 7 10
15 7 11
15 7 12
15 7 13
15 7 14
15 8 2
15 8 4
15 8 5
15 8 6
15 8 7
15 8 8
15 8 9
15 8 10
15 8 11
15 8 12
15 8 13
15 8 14
15 9 5
15 9 6
15 9 7
15 9 8
15 9 9
15 9 10
15 9 11
15 9 12
15 9 13
15 9 14
15 19 33
15 19 34
15 20 33
15 20 34
15 20 35
15 21 33
15 21 34
15 21 35
15 22 33
15 22 34
15 22 35
15 23 33
15 23 34
15 23 35
15 24 34
15 24 35
15 25 34
15 25 35
15 26 35
15 29 2
15 29 3
15 29 33
15 29 34
15 30 2
15 30 3
15 30 4
15 30 5
15 30 6
15 30 7
15 30 8
15 30 9
15 30 10
15 30 11
15 30 12
15 30 13
15 30 14
15 30 15
15 30 16
15 30 17
15 30 18
15 30 19
15 30 20
15 30 21
15 30 22
15 30 23
15 30 24
15 30 25
15 30 26
15 30 27
15 30 28
15 30 29
15 30 30
15 30 31
15 30 32
15 30 33
15 30 34
15 31 2
15 31 3
15 31 4
15 31 5
15 31 6
15 31 7
15 31 8
15 31 9
15 31 10
15 31 11
15 31 12
15 31 13
15 31 14
15 31 15
15 31 16
15 31 17
15 31 18
15 31 19
15 31 20
15 31 21
15 31 22
15 31 23
15 31 24
15 31 25
15 31 26
15 31 27
15 31 28
15 31 29
15 31 30
15 31 31
15 31 32
15 31 33
15 32 3
15 32 4
15 32 5
15 32 6
15 32 7
15 32 8
15 32 9
15 32 10
15 32 11
15 32 12
15 32 13
15 32 14
15 32 15
15 32 16
15 32 17
15 32 18
15 32 19
15 32 20
15 32 21
15 32 22
15 32 23
15 32 24
15 32 25
15 32 26
15 32 27
15 32 28
15 32 29
15 32 30
15 32 31
15 32 32
16 2 1
16 3 1
16 3 2
16 4 1
16 4 2
16 4 3
16 5 1
16 5 2
16 5 3
16 6 1
16 6 2
16 6 3
16 7 1
16 7 2
16 7 3
16 7 5
16 7 6
16 7 7
16 7 8
16 7 9
16 7 10
16 7 11
16 8 1
16 8 2
16 8 3
16 8 4
16 8 5
16 8 6
16 8 7
16 8 8
16 8 9
16 8 10
16 8 11
16 9 1
16 9 2
16 9 3
16 9 4
16 9 5
16 9 6
16 9 7
16 9 8
16 9 9
16 9 10
16 9 11
16 20 34
16 21 34
16 21 35
16 22 34
16 22 35
16 23 34
16 23 35
16 23 36
16 24 34
16 24 35
16 24 36
16 25 34
16 25 35
16 25 36
16 26 34
16 26 35
16 27 34
16 27 35
16 29 2
16 29 3
16 29 33
16 29 34
16 30 2
16 30 3
16 30 4
16 30 5
16 30 6
16 30 7
16 30 8
16 30 9
16 30 10
16 30 11
16 30 12
16 30 13
16 30 14
16 30 15
16 30 16
16 30 17
16 30 18
16 30 19
16 30 20
16 30 21
16 30 22
16 30 23
16 30 24
16 30 25
16 30 26
16 30 27
16 30 28
16 30 29
16 30 30
16 30 31
16 30 32
16 30 33
16 30 34
16 31 3
16 31 4
16 31 5
16 31 6
16 31 7
16 31 8
16 31 9
16 31 10
16 31 11
16 31 12
16 31 13
16 31 14
16 31 15
16 31 16
16 31 17
16 31 18
16 31 19
16 31 20
16 31 21
16 31 22
16 31 23
16 31 24
16 31 25
16 31 26
16 31 27
16 31 28
16 31 29
16 31 30
16 31 31
16 31 32
16 31 33
16 31 34
16 32 3
16 32 4
16 32 5
16 32 6
16 32 7
16 32 8
16 32 9
16 32 10
16 32 11
16 32 12
16 32 13
16 32 14
16 32 15
16 32 16
16 32 17
16 32 18
16 32 19
16 32 20
16 32 21
16 32 22
16 32 23
16 32 24
16 32 25
16 32 26
16 32 27
16 32 28
16 32 29
16 32 30
16 32 31
16 32 32
16 32 33
17 4 1
17 4 2
17 5 1
17 5 2
17 5 3
17 6 1
17 6 2
17 6 3
17 7 1
17 7 2
17 7 3
17 7 4
17 7 5
17 7 6
17 7 7
17 7 8
17 8 1
17 8 2
17 8 3
17 8 4
17 8 5
17 8 6
17 8 7
17 8 8
17 9 1
17 9 2
17 9 3
17 9 4
17 9 5
17 9 6
17 9 7
17 9 8
17 10 2
17 10 3
17 11 2
17 11 3
17 22 34
17 23 34
17 23 35
17 24 34
17 24 35
17 24 36
17 25 34
17 25 35
17 25 36
17 26 34
17 26 35
17 26 36
17 27 34
17 27 35
17 27 36
17 28 34
17 28 35
17 28 36
17 29 2
17 29 3
17 29 4
17 29 33
17 29 34
17 29 35
17 30 2
17 30 3
17 30 4
17 30 5
17 30 6
17 30 7
17 30 8
17 30 9
17 30 10
17 30 11
17 30 12
17 30 13
17 30 14
17 30 15
17 30 16
17 30 17
17 30 18
17 30 19
17 30 20
17 30 21
17 30 22
17 30 23
17 30 24
17 30 25
17 30 26
17 30 27
17 30 28
17 30 29
17 30 30
17 30 31
17 30 32
17 30 33
17 30 34
17 30 35
17 31 3
17 31 4
17 31 5
17 31 6
17 31 7
17 31 8
17 31 9
17 31 10
17 31 11
17 31 12
17 31 13
17 31 14
17 31 15
17 31 16
17 31 17
17 31 18
17 31 19
17 31 20
17 31 21
17 31 22
17 31 23
17 31 24
17 31 25
17 31 26
17 31 27
17 31 28
17 31 29
17 31 30
17 31 31
17 31 32
17 31 33
17 31 34
17 32 4
17 32 5
17 32 6
17 32 7
17 32 8
17 32 9
17 32 10
17 32 11
17 32 12
17 32 13
17 32 14
17 32 15
17 32 16
17 32 17
17 32 18
17 32 19
17 32 20
17 32 21
17 32 22
17 32 23
17 32 24
17 32 25
17 32 26
17 32 27
17 32 28
17 32 29
17 32 30
17 32 31
17 32 32
17 32 33
18 6 2
18 7 1
18 7 2
18 7 3
18 7 4
18 7 5
18 8 1
18 8 2
18 8 3
18 8 4
18 8 5
18 9 1
18 9 2
18 9 3
18 9 4
18 9 5
18 10 2
18 10 3
18 10 4
18 11 2
18 11 3
18 11 4
18 12 2
18 12 3
18 13 2
18 13 3
18 24 34
18 25 34
18 25 35
18 25 36
18 26 34
18 26 35
18 26 36
18 27 34
18 27 35
18 27 36
18 28 34
18 28 35
18 28 36
18 29 3
18 29 4
18 29 34
18 29 35
18 29 36
18 30 3
18 30 4
18 30 5
18 30 6
18 30 7
18 30 8
18 30 9
18 30 10
18 30 11
18 30 12
18 30 13
18 30 14
18 30 15
18 30 16
18 30 17
18 30 18
18 30 19
18 30 20
18 30 21
18 30 22
18 30 23
18 30 24
18 30 25
18 30 26
18 30 27
18 30 28
18 30 29
18 30 30
18 30 31
18 30 32
18 30 33
18 30 34
18 30 35
18 30 36
18 31 3
18 31 4
18 31 5
18 31 6
18 31 7
18 31 8
18 31 9
18 31 10
18 31 11
18 31 12
18 31 13
18 31 14
18 31 15
18 31 16
18 31 17
18 31 18
18 31 19
18 31 20
18 31 21
18 31 22
18 31 23
18 31 24
18 31 25
18 31 26
18 31 27
18 31 28
18 31 29
18 31 30
18 31 31
18 31 32
18 31 33
18 31 34
18 32 4
18 32 5
18 32 6
18 32 7
18 32 8
18 32 9
18 32 10
18 32 11
18 32 12
18 32 13
18 32 14
18 32 15
18 32 16
18 32 17
18 32 18
18 32 19
18 32 20
18 32 21
18 32 22
18 32 23
18 32 24
18 32 25
18 32 26
18 32 27
18 32 28
18 32 29
18 32 30
18 32 31
18 32 32
18 32 33
18 32 34
19 8 2
19 8 3
19 9 2
19 9 3
19 10 2
19 10 3
19 10 4
19 11 2
19 11 3
19 11 4
19 12 2
19 12 3
19 12 4
19 13 2
19 13 3
19 13 4
19 14 2
19 14 3
19 14 4
19 15 3
19 15 4
19 26 34
19 26 35
19 26 36
19 27 34
19 27 35
19 27 36
19 27 37
19 28 34
19 28 35
19 28 36
19 28 37
19 29 3
19 29 4
19 29 34
19 29 35
19 29 36
19 29 37
19 30 3
19 30 4
19 30 5
19 30 6
19 30 7
19 30 8
19 30 9
19 30 10
19 30 11
19 30 12
19 30 13
19 30 14
19 30 15
19 30 16
19 30 17
19 30 18
19 30 19
19 30 20
19 30 21
19 30 22
19 30 23
19 30 24
19 30 25
19 30 26
19 30 27
19 30 28
19 30 29
19 30 30
19 30 31
19 30 32
19 30 33
19 30 34
19 30 35
19 30 36
19 30 37
19 31 4
19 31 5
19 31 6
19 31 7
19 31 8
19 31 9
19 31 10
19 31 11
19 31 12
19 31 13
19 31 14
19 31 15
19 31 16
19 31 17
19 31 18
19 31 19
19 31 20
19 31 21
19 31 22
19 31 23
19 31 24
19 31 25
19 31 26
19 31 27
19 31 28
19 31 29
19 31 30
19 31 31
19 31 32
19 31 33
19 31 34
19 31 35
19 31 36
19 32 4
19 32 5
19 32 6
19 32 7
19 32 8
19 32 9
19 32 10
19 32 11
19 32 12
19 32 13
19 32 14
19 32 15
19 32 16
19 32 17
19 32 18
19 32 19
19 32 20
19 32 21
19 32 22
19 32 23
19 32 24
19 32 25
19 32 26
19 32 27
19 32 28
19 32 29
19 32 30
19 32 31
19 32 32
19 32 33
19 32 34
19 32 35
19 32 36
20 10 2
20 10 3
20 10 4
20 11 2
20 11 3
20 11 4
20 12 2
20 12 3
20 12 4
20 13 2
20 13 3
20 13 4
20 14 2
20 14 3
20 14 4
20 15 2
20 15 3
20 15 4
20 16 3
20 16 4
20 17 4
20 27 36
20 27 37
20 28 35
20 28 36
20 28 37
20 28 38
20 29 3
20 29 4
20 29 5
20 29 34
20 29 35
20 29 36
20 29 37
20 29 38
20 30 3
20 30 4
20 30 5
20 30 6
20 30 7
20 30 8
20 30 9
20 30 10
20 30 11
20 30 12
20 30 13
20 30 14
20 30 15
20 30 16
20 30 17
20 30 18
20 30 19
20 30 20
20 30 21
20 30 22
20 30 23
20 30 24
20 30 25
20 30 26
20 30 27
20 30 28
20 30 29
20 30 30
20 30 31
20 30 32
20 30 33
20 30 34
20 30 35
20 30 36
20 30 37
20 31 4
20 31 5
20 31 6
20 31 7
20 31 8
20 31 9
20 31 10
20 31 11
20 31 12
20 31 13
20 31 14
20 31 15
20 31 16
20 31 17
20 31 18
20 31 19
20 31 20
20 31 21
20 31 22
20 31 23
20 31 24
20 31 25
20 31 26
20 31 27
20 31 28
20 31 29
20 31 30
20 31 31
20 31 32
20 31 33
20 31 34
20 31 35
20 31 36
20 31 37
20 32 4
20 32 5
20 32 6
20 32 7
20 32 8
20 32 9
20 32 10
20 32 11
20 32 12
20 32 13
20 32 14
20 32 15
20 32 16
20 32 17
20 32 18
20 32 19
20 32 20
20 32 21
20 32 22
20 32 23
20 32 24
20 32 25
20 32 26
20 32 27
20 32 28
20 32 29
20 32 30
20 32 31
20 32 32
20 32 33
20 32 34
20 32 35
20 32 36
20 32 37
20 33 35
20 33 36
20 33 37
20 34 35
20 34 36
20 35 36
21 11 2
21 12 2
21 12 3
21 12 4
21 13 2
21 13 3
21 13 4
21 14 2
21 14 3
21 14 4
21 15 2
21 15 3
21 15 4
21 15 5
21 16 2
21 16 3
21 16 4
21 16 5
21 17 3
21 17 4
21 17 5
21 18 3
21 18 4
21 19 3
21 19 4
21 27 36
21 28 36
21 28 37
21 28 38
21 29 4
21 29 5
21 29 35
21 29 36
21 29 37
21 29 38
21 30 4
21 30 5
21 30 6
21 30 7
21 30 8
21 30 9
21 30 10
21 30 11
21 30 12
21 30 13
21 30 14
21 30 15
21 30 16
21 30 17
21 30 18
21 30 19
21 30 20
21 30 21
21 30 22
21 30 23
21 30 24
21 30 25
21 30 26
21 30 27
21 30 28
21 30 29
21 30 30
21 30 31
21 30 32
21 30 33
21 30 34
21 30 35
21 30 36
21 30 37
21 31 4
21 31 5
21 31 6
21 31 7
21 31 8
21 31 9
21 31 10
21 31 11
21 31 12
21 31 13
21 31 14
21 31 15
21 31 16
21 31 17
21 31 18
21 31 19
21 31 20
21 31 21
21 31 22
21 31 23
21 31 24
21 31 25
21 31 26
21 31 27
21 31 28
21 31 29
21 31 30
21 31 31
21 31 32
21 31 33
21 31 34
21 31 35
21 31 36
21 31 37
21 32 5
21 32 6
21 32 7
21 32 8
21 32 9
21 32 10
21 32 11
21 32 12
21 32 13
21 32 14
21 32 15
21 32 16
21 32 17
21 32 18
21 32 19
21 32 20
21 32 21
21 32 22
21 32 23
21 32 24
21 32 25
21 32 26
21 32 27
21 32 28
21 32 29
21 32 30
21 32 31
21 32 32
21 32 33
21 32 34
21 32 35
21 32 36
21 32 37
21 33 35
21 33 36
21 33 37
21 34 35
21 34 36
21 34 37
21 35 36
21 35 37
21 36 36
22 14 3
22 14 4
22 15 3
22 15 4
22 15 5
22 16 3
22 16 4
22 16 5
22 17 3
22 17 4
22 17 5
22 18 3
22 18 4
22 18 5
22 19 3
22 19 4
22 20 3
22 20 4
22 21 4
22 25 36
22 25 37
22 26 36
22 26 37
22 27 36
22 27 37
22 28 36
22 28 37
22 28 38
22 29 4
22 29 5
22 29 35
22 29 36
22 29 37
22 29 38
22 30 4
22 30 5
22 30 6
22 30 7
22 30 8
22 30 9
22 30 10
22 30 11
22 30 12
22 30 13
22 30 14
22 30 15
22 30 16
22 30 17
22 30 18
22 30 19
22 30 20
22 30 21
22 30 22
22 30 23
22 30 24
22 30 25
22 30 26
22 30 27
22 30 28
22 30 29
22 30 30
22 30 31
22 30 32
22 30 33
22 30 34
22 30 35
22 30 36
22 30 37
22 30 38
22 31 5
22 31 6
22 31 7
22 31 8
22 31 9
22 31 10
22 31 11
22 31 12
22 31 13
22 31 14
22 31 15
22 31 16
22 31 17
22 31 18
22 31 19
22 31 20
22 31 21
22 31 22
22 31 23
22 31 24
22 31 25
22 31 26
22 31 27
22 31 28
22 31 29
22 31 30
22 31 31
22 31 32
22 31 33
22 31 34
22 31 35
22 31 36
22 31 37
22 31 38
22 32 5
22 32 6
22 32 7
22 32 8
22 32 9
22 32 10
22 32 11
22 32 12
22 32 13
22 32 14
22 32 15
22 32 16
22 32 17
22 32 18
22 32 19
22 32 20
22 32 21
22 32 22
22 32 23
22 32 24
22 32 25
22 32 26
22 32 27
22 32 28
22 32 29
22 32 30
22 32 31
22 32 32
22 32 33
22 32 34
22 32 35
22 32 36
22 32 37
22 32 38
22 33 35
22 33 36
22 33 37
22 33 38
22 34 35
22 34 36
22 34 37
22 34 38
22 35 36
22 35 37
22 35 38
22 36 36
22 36 37
22 36 38
22 37 36
22 37 37
22 38 36
22 38 37
23 15 4
23 16 3
23 16 4
23 16 5
23 17 3
23 17 4
23 17 5
23 18 3
23 18 4
23 18 5
23 19 3
23 19 4
23 19 5
23 20 3
23 20 4
23 20 5
23 20 37
23 21 3
23 21 4
23 21 5
23 21 37
23 22 4
23 22 5
23 22 36
23 22 37
23 23 5
23 23 36
23 23 37
23 23 38
23 24 36
23 24 37
23 24 38
23 25 36
23 25 37
23 25 38
23 26 36
23 26 37
23 26 38
23 27 36
23 27 37
23 27 38
23 28 36
23 28 37
23 28 38
23 29 4
23 29 5
23 29 6
23 29 35
23 29 36
23 29 37
23 29 38
23 30 4
23 30 5
23 30 6
23 30 7
23 30 8
23 30 9
23 30 10
23 30 11
23 30 12
23 30 13
23 30 14
23 30 15
23 30 16
23 30 17
23 30 18
23 30 19
23 30 20
23 30 21
23 30 22
23 30 23
23 30 24
23 30 25
23 30 26
23 30 27
23 30 28
23 30 29
23 30 30
23 30 31
23 30 32
23 30 33
23 30 34
23 30 35
23 30 36
23 30 37
23 30 38
23 31 5
23 31 6
23 31 7
23 31 8
23 31 9
23 31 10
23 31 11
23 31 12
23 31 13
23 31 14
23 31 15
23 31 16
23 31 17
23 31 18
23 31 19
23 31 20
23 31 21
23 31 22
23 31 23
23 31 24
23 31 25
23 31 26
23 31 27
23 31 28
23 31 29
23 31 30
23 31 31
23 31 32
23 31 33
23 31 34
23 31 35
23 31 36
23 31 37
23 31 38
23 32 6
23 32 7
23 32 8
23 32 9
23 32 10
23 32 11
23 32 12
23 32 13
23 32 14
23 32 15
23 32 16
23 32 17
23 32 18
23 32 19
23 32 20
23 32 21
23 32 22
23 32 23
23 32 24
23 32 25
23 32 26
23 32 27
23 32 28
23 32 29
23 32 30
23 32 31
23 32 32
23 32 33
23 32 34
23 32 35
23 32 36
23 32 37
23 32 38
23 33 36
23 33 37
23 34 36
23 34 37
23 35 36
23 35 37
23 35 38
23 36 36
23 36 37
23 36 38
23 37 36
23 37 37
23 37 38
23 38 36
23 38 37
23 38 38
23 39 36
23 39 37
23 39 38
23 40 36
23 40 37
24 17 3
24 17 4
24 17 37
24 17 38
24 18 3
24 18 4
24 18 5
24 18 37
24 18 38
24 19 3
24 19 4
24 19 5
24 19 37
24 19 38
24 20 3
24 20 4
24 20 5
24 20 6
24 20 36
24 20 37
24 20 38
24 21 3
24 21 4
24 21 5
24 21 6
24 21 36
24 21 37
24 21 38
24 22 4
24 22 5
24 22 6
24 22 36
24 22 37
24 22 38
24 23 4
24 23 5
24 23 36
24 23 37
24 23 38
24 24 5
24 24 36
24 24 37
24 24 38
24 25 36
24 25 37
24 25 38
24 26 36
24 26 37
24 26 38
24 27 36
24 27 37
24 27 38
24 28 36
24 28 37
24 28 38
24 29 4
24 29 5
24 29 6
24 29 35
24 29 36
24 29 37
24 29 38
24 30 4
24 30 5
24 30 6
24 30 7
24 30 8
24 30 9
24 30 10
24 30 11
24 30 12
24 30 13
24 30 14
24 30 15
24 30 16
24 30 17
24 30 18
24 30 19
24 30 20
24 30 21
24 30 22
24 30 23
24 30 24
24 30 25
24 30 26
24 30 27
24 30 28
24 30 29
24 30 30
24 30 31
24 30 32
24 30 33
24 30 34
24 30 35
24 30 36
24 30 37
24 31 5
24 31 6
24 31 7
24 31 8
24 31 9
24 31 10
24 31 11
24 31 12
24 31 13
24 31 14
24 31 15
24 31 16
24 31 17
24 31 18
24 31 19
24 31 20
24 31 21
24 31 22
24 31 23
24 31 24
24 31 25
24 31 26
24 31 27
24 31 28
24 31 29
24 31 30
24 31 31
24 31 32
24 31 33
24 31 34
24 31 35
24 31 36
24 31 37
24 32 6
24 32 7
24 32 8
24 32 9
24 32 10
24 32 11
24 32 12
24 32 13
24 32 14
24 32 15
24 32 16
24 32 17
24 32 18
24 32 19
24 32 20
24 32 21
24 32 22
24 32 23
24 32 24
24 32 25
24 32 26
24 32 27
24 32 28
24 32 29
24 32 30
24 32 31
24 32 32
24 32 33
24 32 34
24 32 35
24 35 37
24 36 36
24 36 37
24 37 36
24 37 37
24 37 38
24 38 36
24 38 37
24 38 38
24 39 36
24 39 37
24 39 38
24 40 36
24 40 37
24 40 38
24 41 37
24 41 38
24 42 37
24 42 38
25 12 37
25 12 38
25 13 37
25 13 38
25 14 37
25 14 38
25 15 37
25 15 38
25 16 37
25 16 38
25 16 39
25 17 37
25 17 38
25 17 39
25 18 37
25 18 38
25 18 39
25 19 4
25 19 36
25 19 37
25 19 38
25 19 39
25 20 4
25 20 5
25 20 36
25 20 37
25 20 38
25 20 39
25 21 4
25 21 5
25 21 6
25 21 36
25 21 37
25 21 38
25 21 39
25 22 4
25 22 5
25 22 6
25 22 36
25 22 37
25 22 38
25 22 39
25 23 4
25 23 5
25 23 6
25 23 36
25 23 37
25 23 38
25 23 39
25 24 4
25 24 5
25 24 6
25 24 36
25 24 37
25 24 38
25 25 4
25 25 5
25 25 36
25 25 37
25 25 38
25 26 4
25 26 5
25 26 36
25 26 37
25 26 38
25 27 36
25 27 37
25 29 5
25 29 6
25 29 34
25 29 35
25 29 36
25 29 37
25 30 5
25 30 6
25 30 7
25 30 8
25 30 9
25 30 10
25 30 11
25 30 12
25 30 13
25 30 14
25 30 15
25 30 16
25 30 17
25 30 18
25 30 19
25 30 20
25 30 21
25 30 22
25 30 23
25 30 24
25 30 25
25 30 26
25 30 27
25 30 28
25 30 29
25 30 30
25 30 31
25 30 32
25 30 33
25 30 34
25 30 35
25 30 36
25 31 6
25 31 7
25 31 8
25 31 9
25 31 10
25 31 11
25 31 12
25 31 13
25 31 14
25 31 15
25 31 16
25 31 17
25 31 18
25 31 19
25 31 20
25 31 21
25 31 22
25 31 23
25 31 24
25 31 25
25 31 26
25 31 27
25 31 28
25 31 29
25 31 30
25 31 31
25 31 32
25 31 33
25 31 34
25 31 35
25 31 36
25 32 6
25 32 7
25 32 8
25 32 9
25 32 10
25 32 11
25 32 12
25 32 13
25 32 14
25 32 15
25 32 16
25 32 17
25 32 18
25 32 19
25 32 20
25 32 21
25 32 22
25 32 23
25 32 24
25 32 25
25 32 26
25 32 27
25 32 28
25 32 29
25 32 30
25 32 31
25 32 32
25 32 33
25 32 34
25 32 35
25 37 36
25 37 37
25 37 38
25 38 36
25 38 37
25 38 38
25 39 36
25 39 37
25 39 38
25 40 36
25 40 37
25 40 38
25 41 36
25 41 37
25 41 38
25 41 39
25 42 37
25 42 38
25 42 39
25 43 37
25 43 38
25 44 37
25 44 38
26 8 38
26 9 37
26 9 38
26 10 37
26 10 38
26 11 37
26 11 38
26 11 39
26 12 37
26 12 38
26 12 39
26 13 37
26 13 38
26 13 39
26 14 37
26 14 38
26 14 39
26 15 37
26 15 38
26 15 39
26 16 37
26 16 38
26 16 39
26 17 37
26 17 38
26 17 39
26 18 37
26 18 38
26 18 39
26 19 37
26 19 38
26 19 39
26 20 37
26 20 38
26 20 39
26 21 4
26 21 5
26 21 37
26 21 38
26 22 4
26 22 5
26 22 6
26 22 37
26 22 38
26 23 4
26 23 5
26 23 6
26 23 37
26 24 4
26 24 5
26 24 6
26 24 37
26 25 4
26 25 5
26 25 6
26 26 4
26 26 5
26 26 6
26 27 4
26 27 5
26 27 6
26 28 5
26 28 6
26 29 5
26 29 6
26 29 7
26 29 32
26 29 33
26 29 34
26 29 35
26 29 36
26 30 5
26 30 6
26 30 7
26 30 8
26 30 9
26 30 10
26 30 11
26 30 12
26 30 13
26 30 14
26 30 15
26 30 16
26 30 17
26 30 18
26 30 19
26 30 20
26 30 21
26 30 22
26 30 23
26 30 24
26 30 25
26 30 26
26 30 27
26 30 28
26 30 29
26 30 30
26 30 31
26 30 32
26 30 33
26 30 34
26 30 35
26 30 36
26 31 6
26 31 7
26 31 8
26 31 9
26 31 10
26 31 11
26 31 12
26 31 13
26 31 14
26 31 15
26 31 16
26 31 17
26 31 18
26 31 19
26 31 20
26 31 21
26 31 22
26 31 23
26 31 24
26 31 25
26 31 26
26 31 27
26 31 28
26 31 29
26 31 30
26 31 31
26 31 32
26 31 33
26 31 34
26 31 35
26 32 6
26 32 7
26 32 8
26 32 9
26 32 10
26 32 11
26 32 12
26 32 13
26 32 14
26 32 15
26 32 16
26 32 17
26 32 18
26 32 19
26 32 20
26 32 21
26 32 22
26 32 23
26 32 24
26 32 25
26 32 26
26 32 27
26 32 28
26 32 29
26 32 30
26 32 31
26 32 32
26 32 33
26 32 34
26 32 35
26 39 37
26 40 37
26 40 38
26 41 37
26 41 38
26 42 37
26 42 38
26 42 39
26 43 37
26 43 38
26 43 39
26 44 37
26 44 38
26 44 39
26 45 37
26 45 38
26 46 37
26 46 38
27 5 38
27 6 38
27 7 38
27 7 39
27 8 35
27 8 36
27 8 37
27 8 38
27 8 39
27 9 35
27 9 36
27 9 37
27 9 38
27 9 39
27 10 37
27 10 38
27 10 39
27 11 37
27 11 38
27 11 39
27 12 37
27 12 38
27 12 39
27 13 37
27 13 38
27 13 39
27 14 37
27 14 38
27 14 39
27 15 37
27 15 38
27 15 39
27 16 37
27 16 38
27 16 39
27 17 37
27 17 38
27 17 39
27 18 37
27 18 38
27 19 37
27 19 38
27 23 4
27 23 5
27 24 4
27 24 5
27 24 6
27 25 4
27 25 5
27 25 6
27 26 4
27 26 5
27 26 6
27 27 4
27 27 5
27 27 6
27 28 4
27 28 5
27 28 6
27 29 4
27 29 5
27 29 6
27 29 7
27 29 29
27 29 30
27 29 31
27 29 32
27 29 33
27 29 34
27 29 35
27 30 5
27 30 6
27 30 7
27 30 8
27 30 9
27 30 10
27 30 11
27 30 12
27 30 13
27 30 14
27 30 15
27 30 16
27 30 17
27 30 18
27 30 19
27 30 20
27 30 21
27 30 22
27 30 23
27 30 24
27 30 25
27 30 26
27 30 27
27 30 28
27 30 29
27 30 30
27 30 31
27 30 32
27 30 33
27 30 34
27 30 35
27 31 6
27 31 7
27 31 8
27 31 9
27 31 10
27 31 11
27 31 12
27 31 13
27 31 14
27 31 15
27 31 16
27 31 17
27 31 18
27 31 19
27 31 20
27 31 21
27 31 22
27 31 23
27 31 24
27 31 25
27 31 26
27 31 27
27 31 28
27 31 29
27 31 30
27 31 31
27 31 32
27 31 33
27 31 34
27 32 7
27 32 8
27 32 9
27 32 10
27 32 11
27 32 12
27 32 13
27 32 14
27 32 15
27 32 16
27 32 17
27 32 18
27 32 19
27 32 20
27 32 21
27 32 22
27 32 23
27 32 24
27 32 25
27 32 26
27 32 27
27 32 28
27 32 29
27 32 30
27 32 31
27 32 32
27 32 33
27 41 37
27 41 38
27 42 37
27 42 38
27 42 39
27 43 37
27 43 38
27 43 39
27 44 37
27 44 38
27 44 39
27 45 37
27 45 38
27 45 39
27 46 37
27 46 38
27 46 39
27 47 38
27 48 38
28 0 38
28 0 39
28 1 38
28 1 39
28 2 38
28 2 39
28 3 38
28 3 39
28 3 40
28 4 38
28 4 39
28 4 40
28 5 38
28 5 39
28 5 40
28 6 38
28 6 39
28 6 40
28 7 37
28 7 38
28 7 39
28 7 40
28 8 32
28 8 33
28 8 34
28 8 35
28 8 36
28 8 37
28 8 38
28 8 39
28 8 40
28 9 32
28 9 33
28 9 34
28 9 35
28 9 36
28 9 37
28 9 38
28 9 39
28 9 40
28 10 37
28 10 38
28 10 39
28 10 40
28 11 37
28 11 38
28 11 39
28 11 40
28 12 37
28 12 38
28 12 39
28 12 40
28 13 37
28 13 38
28 13 39
28 14 37
28 14 38
28 15 37
28 15 38
28 16 38
28 25 5
28 25 6
28 26 5
28 26 6
28 26 7
28 27 5
28 27 6
28 27 7
28 28 4
28 28 5
28 28 6
28 28 7
28 29 4
28 29 5
28 29 6
28 29 7
28 29 26
28 29 27
28 29 28
28 29 29
28 29 30
28 29 31
28 29 32
28 29 33
28 29 34
28 30 5
28 30 6
28 30 7
28 30 8
28 30 9
28 30 10
28 30 11
28 30 12
28 30 13
28 30 14
28 30 15
28 30 16
28 30 17
28 30 18
28 30 19
28 30 20
28 30 21
28 30 22
28 30 23
28 30 24
28 30 25
28 30 26
28 30 27
28 30 28
28 30 29
28 30 30
28 30 31
28 30 32
28 30 33
28 30 34
28 31 5
28 31 6
28 31 7
28 31 8
28 31 9
28 31 10
28 31 11
28 31 12
28 31 13
28 31 14
28 31 15
28 31 16
28 31 17
28 31 18
28 31 19
28 31 20
28 31 21
28 31 22
28 31 23
28 31 24
28 31 25
28 31 26
28 31 27
28 31 28
28 31 29
28 31 30
28 31 31
28 31 32
28 32 6
28 32 7
28 32 8
28 32 9
28 32 10
28 32 11
28 32 12
28 32 13
28 32 14
28 32 15
28 32 16
28 32 17
28 32 18
28 32 19
28 32 20
28 32 21
28 32 22
28 32 23
28 32 24
28 32 25
28 32 26
28 32 27
28 32 28
28 32 29
28 32 30
28 43 37
28 43 38
28 43 39
28 44 37
28 44 38
28 44 39
28 45 37
28 45 38
28 45 39
28 46 37
28 46 38
28 46 39
28 46 40
28 47 37
28 47 38
28 47 39
28 47 40
28 48 38
28 48 39
28 48 40
28 49 38
28 49 39
28 50 38
28 50 39
29 0 38
29 0 39
29 0 40
29 1 38
29 1 39
29 1 40
29 2 38
29 2 39
29 2 40
29 3 38
29 3 39
29 3 40
29 4 38
29 4 39
29 4 40
29 5 38
29 5 39
29 5 40
29 6 38
29 6 39
29 6 40
29 7 38
29 7 39
29 7 40
29 8 29
29 8 30
29 8 31
29 8 32
29 8 33
29 8 34
29 8 35
29 8 36
29 8 37
29 8 38
29 8 39
29 9 29
29 9 30
29 9 31
29 9 32
29 9 33
29 9 34
29 9 35
29 9 36
29 9 37
29 9 38
29 9 39
29 10 38
29 10 39
29 11 38
29 27 4
29 27 5
29 27 6
29 27 7
29 28 4
29 28 5
29 28 6
29 28 7
29 29 4
29 29 5
29 29 6
29 29 7
29 29 8
29 29 23
29 29 24
29 29 25
29 29 26
29 29 27
29 29 28
29 29 29
29 29 30
29 29 31
29 29 32
29 30 4
29 30 5
29 30 6
29 30 7
29 30 8
29 30 9
29 30 10
29 30 11
29 30 12
29 30 13
29 30 14
29 30 15
29 30 16
29 30 17
29 30 18
29 30 19
29 30 20
29 30 21
29 30 22
29 30 23
29 30 24
29 30 25
29 30 26
29 30 27
29 30 28
29 30 29
29 30 30
29 31 5
29 31 6
29 31 7
29 31 8
29 31 9
29 31 10
29 31 11
29 31 12
29 31 13
29 31 14
29 31 15
29 31 16
29 31 17
29 31 18
29 31 19
29 31 20
29 31 21
29 31 22
29 31 23
29 31 24
29 31 25
29 31 26
29 31 27
29 31 28
29 31 29
29 32 5
29 32 6
29 32 7
29 32 8
29 32 9
29 32 10
29 32 11
29 32 12
29 32 13
29 32 14
29 32 15
29 32 16
29 32 17
29 32 18
29 32 19
29 32 20
29 32 21
29 32 22
29 32 23
29 32 24
29 32 25
29 32 26
29 32 27
29 33 6
29 33 7
29 45 38
29 45 39
29 46 38
29 46 39
29 47 38
29 47 39
29 48 38
29 48 39
29 48 40
29 49 37
29 49 38
29 49 39
29 49 40
29 50 37
29 50 38
29 50 39
29 50 40
29 51 38
29 51 39
30 0 38
30 0 39
30 0 40
30 1 38
30 1 39
30 1 40
30 2 38
30 2 39
30 2 40
30 3 38
30 3 39
30 3 40
30 4 38
30 4 39
30 4 40
30 5 38
30 5 39
30 6 38
30 6 39
30 7 38
30 7 39
30 8 26
30 8 27
30 8 28
30 8 29
30 8 30
30 8 31
30 8 32
30 8 33
30 8 34
30 8 35
30 8 36
30 8 37
30 9 26
30 9 27
30 9 28
30 9 29
30 9 30
30 9 31
30 9 32
30 9 33
30 9 34
30 9 35
30 9 36
30 9 37
30 28 5
30 28 6
30 29 4
30 29 5
30 29 6
30 29 7
30 29 8
30 29 19
30 29 20
30 29 21
30 29 22
30 29 23
30 29 24
30 29 25
30 29 26
30 29 27
30 29 28
30 29 29
30 30 4
30 30 5
30 30 6
30 30 7
30 30 8
30 30 9
30 30 10
30 30 11
30 30 12
30 30 13
30 30 14
30 30 15
30 30 16
30 30 17
30 30 18
30 30 19
30 30 20
30 30 21
30 30 22
30 30 23
30 30 24
30 30 25
30 30 26
30 30 27
30 31 5
30 31 6
30 31 7
30 31 8
30 31 9
30 31 10
30 31 11
30 31 12
30 31 13
30 31 14
30 31 15
30 31 16
30 31 17
30 31 18
30 31 19
30 31 20
30 31 21
30 31 22
30 31 23
30 31 24
30 31 25
30 31 26
30 32 5
30 32 6
30 32 7
30 32 8
30 32 9
30 32 10
30 32 11
30 32 12
30 32 13
30 32 14
30 32 15
30 32 16
30 32 17
30 32 18
30 32 19
30 32 20
30 32 21
30 32 22
30 32 23
30 32 24
30 33 5
30 33 6
30 33 7
30 34 6
30 34 7
30 35 6
30 35 7
30 36 7
30 46 38
30 47 38
30 47 39
30 48 38
30 48 39
30 48 40
30 49 35
30 49 36
30 49 37
30 49 38
30 49 39
30 49 40
30 50 35
30 50 36
30 50 37
30 50 38
30 50 39
30 50 40
30 51 36
30 51 37
30 51 38
30 51 39
30 51 40
30 52 37
30 52 38
30 52 39
30 52 40
30 53 39
31 0 38
31 0 39
31 0 40
31 1 38
31 1 39
31 1 40
31 2 38
31 2 39
31 3 39
31 4 39
31 8 23
31 8 24
31 8 25
31 8 26
31 8 27
31 8 28
31 8 29
31 8 30
31 8 31
31 8 32
31 8 33
31 9 23
31 9 24
31 9 25
31 9 26
31 9 27
31 9 28
31 9 29
31 9 30
31 9 31
31 9 32
31 9 33
31 26 7
31 27 7
31 28 5
31 28 6
31 28 7
31 29 5
31 29 6
31 29 7
31 29 8
31 29 17
31 29 18
31 29 19
31 29 20
31 29 21
31 29 22
31 29 23
31 29 24
31 29 25
31 29 26
31 30 5
31 30 6
31 30 7
31 30 8
31 30 9
31 30 10
31 30 11
31 30 12
31 30 13
31 30 14
31 30 15
31 30 16
31 30 17
31 30 18
31 30 19
31 30 20
31 30 21
31 30 22
31 30 23
31 30 24
31 31 5
31 31 6
31 31 7
31 31 8
31 31 9
31 31 10
31 31 11
31 31 12
31 31 13
31 31 14
31 31 15
31 31 16
31 31 17
31 31 18
31 31 19
31 31 20
31 31 21
31 31 22
31 31 23
31 32 6
31 32 7
31 32 8
31 32 9
31 32 10
31 32 11
31 32 12
31 32 13
31 32 14
31 32 15
31 32 16
31 32 17
31 32 18
31 32 19
31 32 20
31 33 6
31 33 7
31 33 8
31 34 6
31 34 7
31 34 8
31 35 6
31 35 7
31 35 8
31 36 6
31 36 7
31 37 6
31 37 7
31 38 7
31 48 38
31 48 39
31 49 32
31 49 33
31 49 34
31 49 35
31 49 36
31 49 37
31 49 38
31 49 39
31 49 40
31 50 32
31 50 33
31 50 34
31 50 35
31 50 36
31 50 37
31 50 38
31 50 39
31 50 40
31 51 35
31 51 36
31 51 37
31 51 38
31 51 39
31 51 40
31 52 35
31 52 36
31 52 37
31 52 38
31 52 39
31 52 40
31 52 41
31 53 37
31 53 38
31 53 39
31 53 40
31 53 41
31 54 37
31 54 38
31 54 39
31 54 40
31 55 39
31 55 40
31 56 40
32 8 20
32 8 21
32 8 22
32 8 23
32 8 24
32 8 25
32 8 26
32 8 27
32 8 28
32 8 29
32 8 30
32 9 20
32 9 21
32 9 22
32 9 23
32 9 24
32 9 25
32 9 26
32 9 27
32 9 28
32 9 29
32 9 30
32 23 7
32 23 8
32 24 7
32 24 8
32 25 6
32 25 7
32 25 8
32 26 6
32 26 7
32 26 8
32 27 6
32 27 7
32 27 8
32 28 6
32 28 7
32 28 8
32 29 5
32 29 6
32 29 7
32 29 8
32 29 9
32 29 13
32 29 14
32 29 15
32 29 16
32 29 17
32 29 18
32 29 19
32 29 20
32 29 21
32 29 22
32 29 23
32 30 5
32 30 6
32 30 7
32 30 8
32 30 9
32 30 10
32 30 11
32 30 12
32 30 13
32 30 14
32 30 15
32 30 16
32 30 17
32 30 18
32 30 19
32 30 20
32 30 21
32 31 5
32 31 6
32 31 7
32 31 8
32 31 9
32 31 10
32 31 11
32 31 12
32 31 13
32 31 14
32 31 15
32 31 16
32 31 17
32 31 18
32 31 19
32 31 20
32 32 6
32 32 7
32 32 8
32 32 9
32 32 10
32 32 11
32 32 12
32 32 13
32 32 14
32 32 15
32 32 16
32 32 17
32 32 18
32 33 6
32 33 7
32 33 8
32 34 6
32 34 7
32 34 8
32 35 6
32 35 7
32 35 8
32 36 6
32 36 7
32 36 8
32 37 6
32 37 7
32 37 8
32 38 6
32 38 7
32 38 8
32 39 7
32 39 8
32 49 29
32 49 30
32 49 31
32 49 32
32 49 33
32 49 34
32 49 35
32 49 36
32 50 29
32 50 30
32 50 31
32 50 32
32 50 33
32 50 34
32 50 35
32 50 36
32 50 37
32 50 39
32 51 31
32 51 32
32 51 33
32 51 34
32 51 35
32 51 36
32 51 37
32 51 38
32 51 39
32 51 40
32 52 33
32 52 34
32 52 35
32 52 36
32 52 37
32 52 38
32 52 39
32 52 40
32 53 34
32 53 35
32 53 36
32 53 37
32 53 38
32 53 39
32 53 40
32 53 41
32 54 36
32 54 37
32 54 38
32 54 39
32 54 40
32 54 41
32 55 37
32 55 38
32 55 39
32 55 40
32 55 41
32 56 38
32 56 39
32 56 40
32 57 39
32 57 40
33 8 17
33 8 18
33 8 19
33 8 20
33 8 21
33 8 22
33 8 23
33 8 24
33 8 25
33 8 26
33 8 27
33 9 17
33 9 18
33 9 19
33 9 20
33 9 21
33 9 22
33 9 23
33 9 24
33 9 25
33 9 26
33 9 27
33 19 8
33 20 7
33 20 8
33 21 7
33 21 8
33 22 7
33 22 8
33 23 7
33 23 8
33 24 7
33 24 8
33 25 6
33 25 7
33 25 8
33 26 6
33 26 7
33 26 8
33 27 6
33 27 7
33 27 8
33 28 6
33 28 7
33 28 8
33 29 5
33 29 6
33 29 7
33 29 8
33 29 9
33 29 10
33 29 11
33 29 12
33 29 13
33 29 14
33 29 15
33 29 16
33 29 17
33 29 18
33 29 19
33 29 20
33 30 5
33 30 6
33 30 7
33 30 8
33 30 9
33 30 10
33 30 11
33 30 12
33 30 13
33 30 14
33 30 15
33 30 16
33 30 17
33 30 18
33 31 5
33 31 6
33 31 7
33 31 8
33 31 9
33 31 10
33 31 11
33 31 12
33 31 13
33 31 14
33 31 15
33 31 16
33 31 17
33 32 6
33 32 7
33 32 8
33 32 9
33 32 10
33 32 11
33 32 12
33 32 13
33 32 14
33 33 7
33 34 6
33 34 7
33 34 8
33 35 6
33 35 7
33 35 8
33 36 6
33 36 7
33 36 8
33 37 6
33 37 7
33 37 8
33 38 6
33 38 7
33 38 8
33 39 7
33 39 8
33 40 7
33 40 8
33 41 8
33 49 26
33 49 27
33 49 28
33 49 29
33 49 30
33 49 31
33 49 32
33 49 33
33 49 34
33 50 27
33 50 28
33 50 29
33 50 30
33 50 31
33 50 32
33 50 33
33 50 34
33 50 35
33 50 36
33 51 29
33 51 30
33 51 31
33 51 32
33 51 33
33 51 34
33 51 35
33 51 36
33 52 30
33 52 31
33 52 32
33 52 33
33 52 34
33 52 35
33 52 36
33 52 37
33 52 38
33 52 39
33 52 40
33 53 32
33 53 33
33 53 34
33 53 35
33 53 36
33 53 37
33 53 38
33 53 39
33 53 40
33 54 34
33 54 35
33 54 36
33 54 37
33 54 38
33 54 39
33 54 40
33 54 41
33 55 35
33 55 36
33 55 37
33 55 38
33 55 39
33 55 40
33 55 41
33 56 35
33 56 36
33 56 37
33 56 38
33 56 39
33 56 40
33 56 41
33 57 38
33 57 39
33 57 40
33 58 38
33 58 39
33 58 40
34 8 14
34 8 15
34 8 16
34 8 17
34 8 18
34 8 19
34 8 20
34 8 21
34 8 22
34 8 23
34 8 24
34 9 14
34 9 15
34 9 16
34 9 17
34 9 18
34 9 19
34 9 20
34 9 21
34 9 22
34 9 23
34 9 24
34 14 8
34 15 7
34 15 8
34 16 7
34 16 8
34 17 7
34 17 8
34 18 7
34 18 8
34 18 9
34 19 7
34 19 8
34 19 9
34 20 7
34 20 8
34 20 9
34 21 7
34 21 8
34 21 9
34 22 7
34 22 8
34 22 9
34 23 7
34 23 8
34 23 9
34 24 7
34 24 8
34 24 9
34 25 7
34 25 8
34 25 9
34 26 7
34 26 8
34 26 9
34 27 7
34 27 8
34 27 9
34 28 7
34 28 8
34 29 7
34 29 8
34 29 9
34 29 10
34 29 11
34 29 12
34 29 13
34 29 14
34 29 15
34 29 16
34 29 17
34 30 6
34 30 7
34 30 9
34 30 10
34 30 11
34 30 12
34 30 13
34 30 14
34 30 15
34 31 6
34 31 9
34 31 10
34 31 11
34 31 12
34 31 13
34 31 14
34 32 6
34 32 11
34 32 12
34 36 7
34 37 7
34 37 8
34 38 7
34 38 8
34 38 9
34 39 7
34 39 8
34 39 9
34 40 7
34 40 8
34 40 9
34 41 7
34 41 8
34 41 9
34 42 7
34 42 8
34 43 8
34 48 27
34 49 23
34 49 24
34 49 25
34 49 26
34 49 27
34 49 28
34 49 29
34 49 30
34 49 31
34 50 24
34 50 25
34 50 26
34 50 27
34 50 28
34 50 29
34 50 30
34 50 31
34 50 32
34 50 33
34 51 25
34 51 26
34 51 27
34 51 28
34 51 29
34 51 30
34 51 31
34 51 32
34 51 33
34 51 34
34 51 35
34 52 27
34 52 28
34 52 29
34 52 30
34 52 31
34 52 32
34 52 33
34 52 34
34 52 35
34 52 36
34 53 29
34 53 30
34 53 31
34 53 32
34 53 33
34 53 34
34 53 35
34 53 36
34 53 37
34 54 30
34 54 31
34 54 32
34 54 33
34 54 34
34 54 35
34 54 36
34 54 37
34 54 38
34 54 39
34 54 40
34 54 41
34 55 32
34 55 33
34 55 34
34 55 35
34 55 36
34 55 37
34 55 38
34 55 39
34 55 40
34 55 41
34 56 33
34 56 34
34 56 35
34 56 36
34 56 37
34 56 38
34 56 39
34 56 40
34 56 41
34 57 34
34 57 35
34 57 36
34 57 37
34 57 38
34 57 39
34 57 40
34 57 41
34 58 36
34 58 37
34 58 38
34 58 39
34 58 40
34 59 37
34 59 38
34 59 39
34 59 40
35 8 11
35 8 12
35 8 13
35 8 14
35 8 15
35 8 16
35 8 17
35 8 18
35 8 19
35 8 20
35 8 21
35 9 11
35 9 12
35 9 13
35 9 14
35 9 15
35 9 16
35 9 17
35 9 18
35 9 19
35 9 20
35 9 21
35 11 8
35 11 9
35 12 7
35 12 8
35 12 9
35 13 7
35 13 8
35 13 9
35 14 7
35 14 8
35 14 9
35 15 7
35 15 8
35 15 9
35 16 7
35 16 8
35 16 9
35 17 7
35 17 8
35 17 9
35 18 7
35 18 8
35 18 9
35 19 7
35 19 8
35 19 9
35 20 7
35 20 8
35 20 9
35 21 7
35 21 8
35 21 9
35 22 7
35 22 8
35 22 9
35 23 7
35 23 8
35 23 9
35 24 7
35 24 8
35 25 7
35 25 8
35 29 9
35 29 10
35 29 11
35 29 12
35 29 13
35 30 10
35 30 11
35 30 12
35 38 7
35 38 8
35 39 7
35 39 8
35 39 9
35 40 7
35 40 8
35 40 9
35 41 7
35 41 8
35 41 9
35 42 7
35 42 8
35 42 9
35 43 7
35 43 8
35 43 9
35 44 7
35 44 8
35 44 9
35 45 8
35 45 9
35 48 24
35 48 25
35 48 26
35 48 27
35 49 20
35 49 21
35 49 22
35 49 23
35 49 24
35 49 25
35 49 26
35 49 27
35 49 28
35 49 29
35 50 21
35 50 22
35 50 23
35 50 24
35 50 25
35 50 26
35 50 27
35 50 28
35 50 29
35 50 30
35 51 24
35 51 25
35 51 26
35 51 27
35 51 28
35 51 29
35 51 30
35 51 31
35 52 25
35 52 26
35 52 27
35 52 28
35 52 29
35 52 30
35 52 31
35 52 32
35 52 33
35 52 34
35 53 26
35 53 27
35 53 28
35 53 29
35 53 30
35 53 31
35 53 32
35 53 33
35 53 34
35 54 28
35 54 29
35 54 30
35 54 31
35 54 32
35 54 33
35 54 34
35 54 35
35 54 36
35 55 30
35 55 31
35 55 32
35 55 33
35 55 34
35 55 35
35 55 36
35 55 37
35 56 31
35 56 32
35 56 33
35 56 34
35 56 35
35 56 36
35 56 37
35 56 38
35 56 39
35 56 40
35 57 33
35 57 34
35 57 35
35 57 36
35 57 37
35 57 38
35 57 39
35 57 40
35 58 33
35 58 34
35 58 35
35 58 36
35 58 37
35 58 38
35 58 39
35 58 40
35 58 41
35 59 34
35 59 35
35 59 36
35 59 37
35 59 38
35 59 39
35 59 40
35 60 35
35 60 36
35 60 37
35 60 38
35 60 39
36 6 9
36 7 9
36 8 8
36 8 9
36 8 10
36 8 11
36 8 12
36 8 13
36 8 14
36 8 15
36 8 16
36 8 17
36 8 18
36 9 8
36 9 9
36 9 10
36 9 11
36 9 12
36 9 13
36 9 14
36 9 15
36 9 16
36 9 17
36 9 18
36 10 8
36 10 9
36 11 8
36 11 9
36 12 7
36 12 8
36 12 9
36 13 7
36 13 8
36 13 9
36 14 7
36 14 8
36 14 9
36 15 7
36 15 8
36 15 9
36 16 7
36 16 8
36 16 9
36 17 7
36 17 8
36 17 9
36 18 7
36 18 8
36 18 9
36 19 7
36 19 8
36 19 9
36 20 7
36 20 8
36 20 9
36 21 7
36 21 8
36 22 8
36 40 7
36 40 8
36 40 9
36 41 7
36 41 8
36 41 9
36 42 7
36 42 8
36 42 9
36 43 7
36 43 8
36 43 9
36 44 7
36 44 8
36 44 9
36 45 8
36 45 9
36 46 8
36 46 9
36 47 9
36 48 21
36 48 22
36 48 23
36 48 24
36 49 18
36 49 19
36 49 20
36 49 21
36 49 22
36 49 23
36 49 24
36 49 25
36 49 26
36 50 18
36 50 19
36 50 20
36 50 21
36 50 22
36 50 23
36 50 24
36 50 25
36 50 26
36 50 27
36 51 20
36 51 21
36 51 22
36 51 23
36 51 24
36 51 25
36 51 26
36 51 27
36 51 28
36 51 29
36 52 22
36 52 23
36 52 24
36 52 25
36 52 26
36 52 27
36 52 28
36 52 29
36 52 30
36 52 31
36 53 23
36 53 24
36 53 25
36 53 26
36 53 27
36 53 28
36 53 29
36 53 30
36 53 31
36 53 32
36 54 24
36 54 25
36 54 26
36 54 27
36 54 28
36 54 29
36 54 30
36 54 31
36 54 32
36 54 33
36 54 34
36 55 27
36 55 28
36 55 29
36 55 30
36 55 31
36 55 32
36 55 33
36 55 34
36 55 35
36 56 28
36 56 29
36 56 30
36 56 31
36 56 32
36 56 33
36 56 34
36 56 35
36 56 36
36 57 30
36 57 31
36 57 32
36 57 33
36 57 34
36 57 35
36 57 36
36 57 37
36 57 38
36 57 39
36 57 40
36 58 31
36 58 32
36 58 33
36 58 34
36 58 35
36 58 36
36 58 37
36 58 38
36 58 39
36 58 40
36 59 31
36 59 32
36 59 33
36 59 34
36 59 35
36 59 36
36 59 37
36 59 38
36 59 39
36 59 40
36 60 32
36 60 33
36 60 34
36 60 35
36 60 36
36 60 37
36 60 38
36 60 39
37 3 9
37 4 9
37 5 8
37 5 9
37 6 8
37 6 9
37 6 10
37 7 8
37 7 9
37 7 10
37 8 8
37 8 9
37 8 10
37 8 11
37 8 12
37 8 13
37 8 14
37 8 15
37 9 8
37 9 9
37 9 10
37 9 11
37 9 12
37 9 13
37 9 14
37 9 15
37 10 8
37 10 9
37 10 10
37 11 8
37 11 9
37 11 10
37 12 8
37 12 9
37 12 10
37 13 8
37 13 9
37 13 10
37 14 8
37 14 9
37 14 10
37 15 8
37 15 9
37 15 10
37 16 8
37 16 9
37 17 8
37 42 8
37 42 9
37 43 8
37 43 9
37 43 10
37 44 8
37 44 9
37 44 10
37 45 8
37 45 9
37 45 10
37 46 8
37 46 9
37 46 10
37 47 8
37 47 9
37 47 10
37 48 8
37 48 9
37 48 21
37 49 15
37 49 16
37 49 17
37 49 18
37 49 19
37 49 20
37 49 21
37 49 22
37 49 23
37 50 15
37 50 16
37 50 17
37 50 18
37 50 19
37 50 20
37 50 21
37 50 22
37 50 23
37 50 24
37 50 25
37 51 17
37 51 18
37 51 19
37 51 20
37 51 21
37 51 22
37 51 23
37 51 24
37 51 25
37 51 26
37 52 19
37 52 20
37 52 21
37 52 22
37 52 23
37 52 24
37 52 25
37 52 26
37 52 27
37 52 28
37 53 21
37 53 22
37 53 23
37 53 24
37 53 25
37 53 26
37 53 27
37 53 28
37 53 29
37 54 23
37 54 24
37 54 25
37 54 26
37 54 27
37 54 28
37 54 29
37 54 30
37 54 31
37 54 32
37 55 24
37 55 25
37 55 26
37 55 27
37 55 28
37 55 29
37 55 30
37 55 31
37 55 32
37 56 25
37 56 26
37 56 27
37 56 28
37 56 29
37 56 30
37 56 31
37 56 32
37 56 33
37 57 27
37 57 28
37 57 29
37 57 30
37 57 31
37 57 32
37 57 33
37 57 34
37 58 28
37 58 29
37 58 30
37 58 31
37 58 32
37 58 33
37 58 34
37 58 35
37 58 36
37 58 37
37 58 38
37 59 28
37 59 29
37 59 30
37 59 31
37 59 32
37 59 33
37 59 34
37 59 35
37 59 36
37 59 37
37 59 38
37 60 29
37 60 30
37 60 31
37 60 32
37 60 33
37 60 34
37 60 35
37 60 36
37 60 37
37 60 38
38 0 9
38 0 10
38 1 8
38 1 9
38 1 10
38 2 8
38 2 9
38 2 10
38 3 8
38 3 9
38 3 10
38 4 8
38 4 9
38 4 10
38 5 8
38 5 9
38 5 10
38 6 8
38 6 9
38 6 10
38 7 8
38 7 9
38 7 10
38 8 8
38 8 9
38 8 10
38 8 11
38 8 12
38 9 8
38 9 9
38 9 10
38 9 11
38 9 12
38 10 8
38 10 9
38 10 10
38 11 8
38 11 9
38 12 8
38 12 9
38 13 8
38 13 9
38 14 8
38 15 8
38 44 8
38 44 9
38 44 10
38 45 8
38 45 9
38 45 10
38 46 8
38 46 9
38 46 10
38 47 8
38 47 9
38 47 10
38 48 8
38 48 9
38 48 10
38 49 8
38 49 9
38 49 10
38 49 11
38 49 12
38 49 13
38 49 14
38 49 15
38 49 16
38 49 17
38 49 18
38 49 19
38 49 20
38 50 8
38 50 9
38 50 10
38 50 11
38 50 12
38 50 13
38 50 14
38 50 15
38 50 16
38 50 17
38 50 18
38 50 19
38 50 20
38 50 21
38 50 22
38 51 14
38 51 15
38 51 16
38 51 17
38 51 18
38 51 19
38 51 20
38 51 21
38 51 22
38 51 23
38 51 24
38 52 16
38 52 17
38 52 18
38 52 19
38 52 20
38 52 21
38 52 22
38 52 23
38 52 24
38 52 25
38 53 18
38 53 19
38 53 20
38 53 21
38 53 22
38 53 23
38 53 24
38 53 25
38 53 26
38 54 19
38 54 20
38 54 21
38 54 22
38 54 23
38 54 24
38 54 25
38 54 26
38 54 27
38 54 28
38 54 29
38 55 21
38 55 22
38 55 23
38 55 24
38 55 25
38 55 26
38 55 27
38 55 28
38 55 29
38 55 30
38 56 22
38 56 23
38 56 24
38 56 25
38 56 26
38 56 27
38 56 28
38 56 29
38 56 30
38 56 31
38 57 23
38 57 24
38 57 25
38 57 26
38 57 27
38 57 28
38 57 29
38 57 30
38 57 31
38 58 24
38 58 25
38 58 26
38 58 27
38 58 28
38 58 29
38 58 30
38 58 31
38 58 32
38 58 33
38 58 34
38 58 35
38 59 24
38 59 25
38 59 26
38 59 27
38 59 28
38 59 29
38 59 30
38 59 31
38 59 32
38 59 33
38 59 34
38 59 35
38 59 36
38 60 26
38 60 27
38 60 28
38 60 29
38 60 30
38 60 31
38 60 32
38 60 33
38 60 34
38 60 35
38 60 36
39 0 9
39 0 10
39 1 8
39 1 9
39 1 10
39 2 8
39 2 9
39 2 10
39 3 8
39 3 9
39 3 10
39 4 8
39 4 9
39 4 10
39 5 8
39 5 9
39 5 10
39 6 8
39 6 9
39 6 10
39 7 8
39 7 9
39 7 10
39 8 8
39 8 9
39 9 9
39 10 9
39 45 9
39 46 8
39 46 9
39 46 10
39 47 8
39 47 9
39 47 10
39 48 8
39 48 9
39 48 10
39 49 8
39 49 9
39 49 10
39 49 11
39 49 12
39 49 13
39 49 14
39 49 15
39 49 16
39 50 9
39 50 10
39 50 11
39 50 12
39 50 13
39 50 14
39 50 15
39 50 16
39 50 17
39 50 18
39 50 19
39 51 9
39 51 10
39 51 11
39 51 12
39 51 13
39 51 14
39 51 15
39 51 16
39 51 17
39 51 18
39 51 19
39 51 20
39 52 9
39 52 10
39 52 11
39 52 12
39 52 13
39 52 14
39 52 15
39 52 16
39 52 17
39 52 18
39 52 19
39 52 20
39 52 21
39 52 22
39 53 10
39 53 14
39 53 15
39 53 16
39 53 17
39 53 18
39 53 19
39 53 20
39 53 21
39 53 22
39 53 23
39 53 24
39 54 15
39 54 16
39 54 17
39 54 18
39 54 19
39 54 20
39 54 21
39 54 22
39 54 23
39 54 24
39 54 25
39 54 26
39 55 18
39 55 19
39 55 20
39 55 21
39 55 22
39 55 23
39 55 24
39 55 25
39 55 26
39 55 27
39 56 19
39 56 20
39 56 21
39 56 22
39 56 23
39 56 24
39 56 25
39 56 26
39 56 27
39 56 28
39 57 21
39 57 22
39 57 23
39 57 24
39 57 25
39 57 26
39 57 27
39 57 28
39 57 29
39 57 30
39 58 22
39 58 23
39 58 24
39 58 25
39 58 26
39 58 27
39 58 28
39 58 29
39 58 30
39 58 31
39 58 32
39 59 22
39 59 23
39 59 24
39 59 25
39 59 26
39 59 27
39 59 28
39 59 29
39 59 30
39 59 31
39 59 32
39 59 33
39 60 23
39 60 24
39 60 25
39 60 26
39 60 27
39 60 28
39 60 29
39 60 30
39 60 31
39 60 32
39 60 33
40 0 9
40 0 10
40 1 8
40 1 9
40 1 10
40 1 11
40 2 8
40 2 9
40 2 10
40 2 11
40 3 8
40 3 9
40 3 10
40 3 11
40 4 8
40 4 9
40 4 10
40 5 8
40 5 9
40 5 10
40 47 8
40 47 9
40 47 10
40 48 8
40 48 9
40 48 10
40 49 8
40 49 9
40 49 10
40 49 11
40 49 12
40 49 13
40 50 8
40 50 9
40 50 10
40 50 11
40 50 12
40 50 13
40 50 14
40 50 15
40 50 16
40 51 9
40 51 10
40 51 11
40 51 12
40 51 13
40 51 14
40 51 15
40 51 16
40 51 17
40 52 9
40 52 10
40 52 11
40 52 12
40 52 13
40 52 14
40 52 15
40 52 16
40 52 17
40 52 18
40 52 19
40 52 20
40 53 9
40 53 10
40 53 11
40 53 12
40 53 13
40 53 14
40 53 15
40 53 16
40 53 17
40 53 18
40 53 19
40 53 20
40 53 21
40 54 10
40 54 11
40 54 12
40 54 13
40 54 14
40 54 15
40 54 16
40 54 17
40 54 18
40 54 19
40 54 20
40 54 21
40 54 22
40 54 23
40 55 12
40 55 13
40 55 14
40 55 15
40 55 16
40 55 17
40 55 18
40 55 19
40 55 20
40 55 21
40 55 22
40 55 23
40 55 24
40 56 13
40 56 15
40 56 16
40 56 17
40 56 18
40 56 19
40 56 20
40 56 21
40 56 22
40 56 23
40 56 24
40 56 25
40 57 16
40 57 17
40 57 18
40 57 19
40 57 20
40 57 21
40 57 22
40 57 23
40 57 24
40 57 25
40 57 26
40 58 17
40 58 18
40 58 19
40 58 20
40 58 21
40 58 22
40 58 23
40 58 24
40 58 25
40 58 26
40 58 27
40 58 28
40 58 29
40 59 18
40 59 19
40 59 20
40 59 21
40 59 22
40 59 23
40 59 24
40 59 25
40 59 26
40 59 27
40 59 28
40 59 29
40 59 30
40 60 20
40 60 21
40 60 22
40 60 23
40 60 24
40 60 25
40 60 26
40 60 27
40 60 28
40 60 29
40 60 30
41 1 9
41 2 9
41 49 9
41 50 9
41 50 10
41 50 11
41 51 9
41 51 10
41 51 11
41 51 12
41 51 13
41 51 14
41 52 9
41 52 10
41 52 11
41 52 12
41 52 13
41 52 14
41 52 15
41 52 16
41 52 17
41 53 9
41 53 10
41 53 11
41 53 12
41 53 13
41 53 14
41 53 15
41 53 16
41 53 17
41 53 18
41 54 9
41 54 10
41 54 11
41 54 12
41 54 13
41 54 14
41 54 15
41 54 16
41 54 17
41 54 18
41 54 19
41 55 9
41 55 10
41 55 11
41 55 12
41 55 13
41 55 14
41 55 15
41 55 16
41 55 17
41 55 18
41 55 19
41 55 20
41 55 21
41 56 10
41 56 11
41 56 12
41 56 13
41 56 14
41 56 15
41 56 16
41 56 17
41 56 18
41 56 19
41 56 20
41 56 21
41 56 22
41 57 12
41 57 13
41 57 14
41 57 15
41 57 16
41 57 17
41 57 18
41 57 19
41 57 20
41 57 21
41 57 22
41 57 23
41 58 14
41 58 15
41 58 16
41 58 17
41 58 18
41 58 19
41 58 20
41 58 21
41 58 22
41 58 23
41 58 24
41 58 25
41 58 26
41 59 15
41 59 16
41 59 17
41 59 18
41 59 19
41 59 20
41 59 21
41 59 22
41 59 23
41 59 24
41 59 25
41 59 26
41 59 27
41 60 17
41 60 18
41 60 19
41 60 20
41 60 21
41 60 22
41 60 23
41 60 24
41 60 25
41 60 26
41 60 27
42 51 10
42 52 9
42 52 10
42 52 11
42 53 9
42 53 10
42 53 11
42 53 12
42 54 9
42 54 10
42 54 11
42 54 12
42 54 13
42 54 14
42 54 15
42 55 9
42 55 10
42 55 11
42 55 12
42 55 13
42 55 14
42 55 15
42 55 16
42 55 17
42 55 18
42 56 10
42 56 11
42 56 12
42 56 13
42 56 14
42 56 15
42 56 16
42 56 17
42 56 18
42 56 19
42 57 10
42 57 11
42 57 12
42 57 13
42 57 14
42 57 15
42 57 16
42 57 17
42 57 18
42 57 19
42 58 11
42 58 12
42 58 13
42 58 14
42 58 15
42 58 16
42 58 17
42 58 18
42 58 19
42 58 20
42 58 21
42 58 22
42 58 23
42 59 12
42 59 13
42 59 14
42 59 15
42 59 16
42 59 17
42 59 18
42 59 19
42 59 20
42 59 21
42 59 22
42 59 23
42 59 24
42 60 14
42 60 15
42 60 16
42 60 17
42 60 18
42 60 19
42 60 20
42 60 21
42 60 22
42 60 23
42 60 24
43 53 9
43 53 10
43 53 11
43 54 9
43 54 10
43 54 11
43 55 9
43 55 10
43 55 11
43 55 12
43 56 10
43 56 11
43 56 12
43 56 13
43 56 14
43 57 10
43 57 11
43 57 12
43 57 13
43 57 14
43 57 15
43 57 16
43 58 11
43 58 12
43 58 13
43 58 14
43 58 15
43 58 16
43 58 17
43 58 18
43 58 19
43 58 20
43 59 12
43 59 13
43 59 14
43 59 15
43 59 16
43 59 17
43 59 18
43 59 19
43 59 20
43 59 21
43 60 13
43 60 14
43 60 15
43 60 16
43 60 17
43 60 18
43 60 19
43 60 20
43 60 21
44 55 10
44 55 11
44 56 10
44 56 11
44 56 12
44 57 10
44 57 11
44 57 12
44 57 13
44 57 14
44 58 11
44 58 12
44 58 13
44 58 14
44 58 15
44 58 16
44 58 17
44 59 12
44 59 13
44 59 14
44 59 15
44 59 16
44 59 17
44 59 18
44 60 13
44 60 14
44 60 15
44 60 16
44 60 17
44 60 18
45 58 12
45 58 13
45 59 12
45 59 13
45 59 14
45 59 15
