0 28 4
0 28 5
0 28 6
0 28 29
0 28 30
0 28 31
0 29 4
0 29 5
0 29 6
0 29 29
0 29 30
0 29 31
0 30 30
0 30 31
1 28 4
1 28 5
1 28 6
1 28 7
1 28 29
1 28 30
1 28 31
1 29 4
1 29 5
1 29 6
1 29 7
1 29 29
1 29 30
1 29 31
1 30 5
1 30 6
1 30 7
1 30 30
1 30 31
2 28 4
2 28 5
2 28 6
2 28 7
2 28 29
2 28 30
2 28 31
2 29 4
2 29 5
2 29 6
2 29 7
2 29 29
2 29 30
2 29 31
2 30 6
2 30 7
2 30 29
2 30 30
2 30 31
3 28 6
3 28 7
3 28 30
3 28 31
3 29 5
3 29 6
3 29 7
3 29 8
3 29 29
3 29 30
3 29 31
3 30 5
3 30 6
3 30 7
3 30 8
3 30 29
3 30 30
3 30 31
3 31 7
3 31 30
3 31 31
4 29 6
4 29 7
4 29 8
4 29 9
4 29 28
4 29 29
4 29 30
4 29 31
4 30 6
4 30 7
4 30 8
4 30 9
4 30 28
4 30 29
4 30 30
4 30 31
4 31 7
4 31 8
4 31 29
4 31 30
5 29 6
5 29 7
5 29 8
5 29 9
5 29 28
5 29 29
5 29 30
5 30 6
5 30 7
5 30 8
5 30 9
5 30 28
5 30 29
5 30 30
5 31 7
5 31 8
5 31 9
5 31 29
5 31 30
6 29 7
6 29 8
6 29 9
6 29 29
6 29 30
6 30 7
6 30 8
6 30 9
6 30 10
6 30 28
6 30 29
6 30 30
6 31 7
6 31 8
6 31 9
6 31 10
6 31 28
6 31 29
6 31 30
6 32 9
6 32 29
6 32 30
7 27 9
7 27 10
7 28 8
7 28 9
7 28 10
7 28 29
7 28 30
7 29 8
7 29 9
7 29 10
7 29 27
7 29 28
7 29 29
7 29 30
7 30 7
7 30 8
7 30 9
7 30 10
7 30 27
7 30 28
7 30 29
7 30 30
7 31 7
7 31 8
7 31 9
7 31 10
7 31 27
7 31 28
7 31 29
7 31 30
7 32 9
7 32 10
7 32 29
7 32 30
8 1 6
8 1 30
8 1 31
8 24 9
8 24 10
8 25 8
8 25 9
8 25 10
8 25 29
8 25 30
8 26 8
8 26 9
8 26 10
8 26 27
8 26 28
8 26 29
8 26 30
8 27 8
8 27 9
8 27 10
8 27 27
8 27 28
8 27 29
8 27 30
8 28 8
8 28 9
8 28 10
8 28 27
8 28 28
8 28 29
8 28 30
8 29 8
8 29 9
8 29 10
8 29 27
8 29 28
8 29 29
8 29 30
8 30 8
8 30 9
8 30 10
8 30 11
8 30 27
8 30 28
8 30 29
8 30 30
8 31 8
8 31 9
8 31 10
8 31 11
8 31 27
8 31 28
8 31 29
8 31 30
8 32 9
8 32 10
8 32 11
8 32 28
8 32 29
9 0 6
9 0 30
9 0 31
9 1 4
9 1 5
9 1 6
9 1 29
9 1 30
9 1 31
9 2 4
9 2 5
9 2 6
9 2 7
9 2 29
9 2 30
9 2 31
9 21 9
9 21 10
9 22 8
9 22 9
9 22 10
9 22 29
9 22 30
9 23 8
9 23 9
9 23 10
9 23 27
9 23 28
9 23 29
9 23 30
9 24 8
9 24 9
9 24 10
9 24 27
9 24 28
9 24 29
9 24 30
9 25 8
9 25 9
9 25 10
9 25 27
9 25 28
9 25 29
9 25 30
9 26 8
9 26 9
9 26 10
9 26 27
9 26 28
9 26 29
9 26 30
9 27 8
9 27 9
9 27 10
9 27 27
9 27 28
9 27 29
9 27 30
9 28 9
9 28 10
9 28 27
9 28 28
9 28 29
9 28 30
9 29 29
9 30 9
9 30 10
9 30 11
9 30 28
9 30 29
9 31 9
9 31 10
9 31 11
9 31 12
9 31 27
9 31 28
9 31 29
9 31 30
9 32 9
9 32 10
9 32 11
9 32 12
9 32 27
9 32 28
9 32 29
10 0 5
10 0 6
10 0 30
10 0 31
10 1 4
10 1 5
10 1 6
10 1 7
10 1 29
10 1 30
10 1 31
10 2 4
10 2 5
10 2 6
10 2 7
10 2 29
10 2 30
10 2 31
10 3 6
10 3 7
10 3 30
10 3 31
10 18 9
10 18 10
10 19 8
10 19 9
10 19 10
10 19 29
10 19 30
10 20 8
10 20 9
10 20 10
10 20 27
10 20 28
10 20 29
10 20 30
10 21 8
10 21 9
10 21 10
10 21 27
10 21 28
10 21 29
10 21 30
10 22 8
10 22 9
10 22 10
10 22 27
10 22 28
10 22 29
10 22 30
10 23 8
10 23 9
10 23 10
10 23 27
10 23 28
10 23 29
10 23 30
10 24 8
10 24 9
10 24 10
10 24 27
10 24 28
10 24 29
10 24 30
10 25 9
10 25 10
10 25 27
10 25 28
10 25 29
10 25 30
10 26 29
10 31 9
10 31 10
10 31 11
10 31 12
10 31 27
10 31 28
10 31 29
10 32 9
10 32 10
10 32 11
10 32 12
10 32 26
10 32 27
10 32 28
10 32 29
10 33 11
10 33 28
10 33 29
11 1 4
11 1 5
11 1 6
11 1 7
11 1 29
11 1 30
11 1 31
11 2 4
11 2 5
11 2 6
11 2 7
11 2 8
11 2 29
11 2 30
11 2 31
11 3 6
11 3 7
11 3 30
11 3 31
11 15 9
11 15 10
11 16 8
11 16 9
11 16 10
11 16 29
11 16 30
11 17 8
11 17 9
11 17 10
11 17 27
11 17 28
11 17 29
11 17 30
11 18 8
11 18 9
11 18 10
11 18 27
11 18 28
11 18 29
11 18 30
11 19 8
11 19 9
11 19 10
11 19 27
11 19 28
11 19 29
11 19 30
11 20 8
11 20 9
11 20 10
11 20 27
11 20 28
11 20 29
11 20 30
11 21 8
11 21 9
11 21 10
11 21 27
11 21 28
11 21 29
11 21 30
11 22 9
11 22 10
11 22 27
11 22 28
11 22 29
11 22 30
11 23 29
11 31 10
11 31 11
11 31 12
11 31 13
11 31 26
11 31 27
11 31 28
11 31 29
11 32 10
11 32 11
11 32 12
11 32 13
11 32 26
11 32 27
11 32 28
11 32 29
11 33 11
11 33 12
11 33 13
11 33 27
11 33 28
11 33 29
12 1 5
12 1 6
12 1 7
12 1 8
12 1 29
12 1 30
12 1 31
12 2 5
12 2 6
12 2 7
12 2 8
12 2 29
12 2 30
12 2 31
12 3 5
12 3 6
12 3 7
12 3 8
12 3 29
12 3 30
12 3 31
12 11 9
12 11 10
12 12 9
12 12 10
12 13 8
12 13 9
12 13 10
12 13 29
12 13 30
12 14 8
12 14 9
12 14 10
12 14 27
12 14 28
12 14 29
12 14 30
12 15 8
12 15 9
12 15 10
12 15 27
12 15 28
12 15 29
12 15 30
12 16 8
12 16 9
12 16 10
12 16 27
12 16 28
12 16 29
12 16 30
12 17 8
12 17 9
12 17 10
12 17 27
12 17 28
12 17 29
12 17 30
12 18 8
12 18 9
12 18 10
12 18 27
12 18 28
12 18 29
12 18 30
12 19 9
12 19 10
12 19 27
12 19 28
12 19 29
12 19 30
12 20 29
12 31 11
12 31 12
12 31 13
12 31 27
12 31 28
12 32 10
12 32 11
12 32 12
12 32 13
12 32 26
12 32 27
12 32 28
12 32 29
12 33 11
12 33 12
12 33 13
12 33 26
12 33 27
12 33 28
12 34 13
12 34 27
12 34 28
13 1 7
13 1 8
13 1 29
13 1 30
13 2 6
13 2 7
13 2 8
13 2 9
13 2 28
13 2 29
13 2 30
13 2 31
13 3 6
13 3 7
13 3 8
13 3 9
13 3 28
13 3 29
13 3 30
13 3 31
13 9 9
13 9 10
13 10 8
13 10 9
13 10 10
13 10 29
13 10 30
13 11 8
13 11 9
13 11 10
13 11 27
13 11 28
13 11 29
13 11 30
13 12 8
13 12 9
13 12 10
13 12 27
13 12 28
13 12 29
13 12 30
13 13 8
13 13 9
13 13 10
13 13 27
13 13 28
13 13 29
13 13 30
13 14 8
13 14 9
13 14 10
13 14 27
13 14 28
13 14 29
13 14 30
13 15 8
13 15 9
13 15 10
13 15 27
13 15 28
13 15 29
13 15 30
13 16 9
13 16 10
13 16 27
13 16 28
13 16 29
13 16 30
13 17 29
13 32 11
13 32 12
13 32 13
13 32 14
13 32 26
13 32 27
13 32 28
13 32 29
13 33 11
13 33 12
13 33 13
13 33 14
13 33 26
13 33 27
13 33 28
13 34 13
13 34 14
13 34 26
13 34 27
13 34 28
14 2 6
14 2 7
14 2 8
14 2 9
14 2 28
14 2 29
14 2 30
14 3 7
14 3 8
14 3 9
14 3 10
14 3 28
14 3 29
14 3 30
14 4 8
14 4 9
14 4 29
14 4 30
14 5 9
14 5 10
14 6 9
14 6 10
14 7 8
14 7 9
14 7 10
14 7 29
14 7 30
14 8 8
14 8 9
14 8 10
14 8 27
14 8 28
14 8 29
14 8 30
14 9 8
14 9 9
14 9 10
14 9 27
14 9 28
14 9 29
14 9 30
14 10 8
14 10 9
14 10 10
14 10 27
14 10 28
14 10 29
14 10 30
14 11 8
14 11 9
14 11 10
14 11 27
14 11 28
14 11 29
14 11 30
14 12 8
14 12 9
14 12 10
14 12 27
14 12 28
14 12 29
14 12 30
14 13 9
14 13 10
14 13 27
14 13 28
14 13 29
14 13 30
14 14 29
14 32 11
14 32 12
14 32 13
14 32 14
14 32 26
14 32 27
14 32 28
14 33 11
14 33 12
14 33 13
14 33 14
14 33 15
14 33 26
14 33 27
14 33 28
14 34 13
14 34 14
14 34 26
14 34 27
14 34 28
15 2 7
15 2 8
15 2 9
15 2 10
15 2 28
15 2 29
15 2 30
15 3 7
15 3 8
15 3 9
15 3 10
15 3 27
15 3 28
15 3 29
15 3 30
15 4 7
15 4 8
15 4 9
15 4 10
15 4 27
15 4 28
15 4 29
15 4 30
15 5 8
15 5 9
15 5 10
15 5 27
15 5 28
15 5 29
15 5 30
15 6 8
15 6 9
15 6 10
15 6 27
15 6 28
15 6 29
15 6 30
15 7 8
15 7 9
15 7 10
15 7 27
15 7 28
15 7 29
15 7 30
15 8 8
15 8 9
15 8 10
15 8 27
15 8 28
15 8 29
15 8 30
15 9 8
15 9 9
15 9 10
15 9 27
15 9 28
15 9 29
15 9 30
15 10 9
15 10 10
15 10 27
15 10 28
15 10 29
15 10 30
15 11 29
15 32 13
15 32 14
15 32 26
15 32 27
15 33 12
15 33 13
15 33 14
15 33 15
15 33 25
15 33 26
15 33 27
15 33 28
15 34 12
15 34 13
15 34 14
15 34 15
15 34 25
15 34 26
15 34 27
15 35 14
15 35 26
15 35 27
16 2 9
16 2 10
16 2 29
16 2 30
16 3 7
16 3 8
16 3 9
16 3 10
16 3 27
16 3 28
16 3 29
16 3 30
16 4 8
16 4 9
16 4 10
16 4 11
16 4 27
16 4 28
16 4 29
16 4 30
16 5 8
16 5 9
16 5 10
16 5 27
16 5 28
16 5 29
16 5 30
16 6 8
16 6 9
16 6 10
16 6 27
16 6 28
16 6 29
16 6 30
16 7 9
16 7 10
16 7 27
16 7 28
16 7 29
16 7 30
16 8 29
16 33 13
16 33 14
16 33 15
16 33 16
16 33 25
16 33 26
16 33 27
16 34 13
16 34 14
16 34 15
16 34 16
16 34 25
16 34 26
16 34 27
16 35 14
16 35 15
16 35 26
16 35 27
17 3 8
17 3 9
17 3 10
17 3 11
17 3 27
17 3 28
17 3 29
17 3 30
17 4 8
17 4 9
17 4 10
17 4 11
17 4 27
17 4 28
17 4 29
17 4 30
17 5 10
17 5 11
17 5 28
17 5 29
17 33 13
17 33 14
17 33 15
17 33 16
17 33 25
17 33 26
17 33 27
17 34 13
17 34 14
17 34 15
17 34 16
17 34 17
17 34 24
17 34 25
17 34 26
17 34 27
17 35 14
17 35 15
17 35 16
17 35 25
17 35 26
17 35 27
18 3 9
18 3 10
18 3 11
18 3 27
18 3 28
18 3 29
18 4 9
18 4 10
18 4 11
18 4 12
18 4 27
18 4 28
18 4 29
18 5 9
18 5 10
18 5 11
18 5 12
18 5 27
18 5 28
18 5 29
18 33 15
18 33 16
18 33 25
18 33 26
18 33 27
18 34 14
18 34 15
18 34 16
18 34 17
18 34 24
18 34 25
18 34 26
18 34 27
18 35 14
18 35 15
18 35 16
18 35 17
18 35 24
18 35 25
18 35 26
18 35 27
19 3 10
19 3 11
19 3 12
19 3 28
19 3 29
19 4 9
19 4 10
19 4 11
19 4 12
19 4 26
19 4 27
19 4 28
19 4 29
19 5 9
19 5 10
19 5 11
19 5 12
19 5 26
19 5 27
19 5 28
19 5 29
19 34 14
19 34 15
19 34 16
19 34 17
19 34 24
19 34 25
19 34 26
19 34 27
19 35 14
19 35 15
19 35 16
19 35 17
19 35 24
19 35 25
19 35 26
19 35 27
19 36 16
19 36 17
19 36 25
19 36 26
20 4 10
20 4 11
20 4 12
20 4 13
20 4 26
20 4 27
20 4 28
20 4 29
20 5 10
20 5 11
20 5 12
20 5 13
20 5 26
20 5 27
20 5 28
20 5 29
20 6 11
20 6 12
20 6 13
20 6 27
20 6 28
20 6 29
20 34 15
20 34 16
20 34 17
20 34 18
20 34 24
20 34 25
20 34 26
20 35 15
20 35 16
20 35 17
20 35 18
20 35 24
20 35 25
20 35 26
20 36 16
20 36 17
20 36 18
20 36 24
20 36 25
20 36 26
21 4 10
21 4 11
21 4 12
21 4 13
21 4 26
21 4 27
21 4 28
21 4 29
21 5 10
21 5 11
21 5 12
21 5 13
21 5 14
21 5 26
21 5 27
21 5 28
21 5 29
21 6 11
21 6 12
21 6 13
21 6 14
21 6 26
21 6 27
21 6 28
21 34 16
21 34 17
21 34 18
21 34 24
21 34 25
21 34 26
21 35 16
21 35 17
21 35 18
21 35 19
21 35 23
21 35 24
21 35 25
21 35 26
21 36 16
21 36 17
21 36 18
21 36 19
21 36 23
21 36 24
21 36 25
21 36 26
22 4 12
22 4 13
22 4 14
22 4 27
22 4 28
22 5 11
22 5 12
22 5 13
22 5 14
22 5 26
22 5 27
22 5 28
22 5 29
22 6 11
22 6 12
22 6 13
22 6 14
22 6 26
22 6 27
22 6 28
22 35 16
22 35 17
22 35 18
22 35 19
22 35 23
22 35 24
22 35 25
22 35 26
22 36 16
22 36 17
22 36 18
22 36 19
22 36 20
22 36 23
22 36 24
22 36 25
22 36 26
22 37 18
22 37 24
22 37 25
22 37 26
23 5 11
23 5 12
23 5 13
23 5 14
23 5 26
23 5 27
23 5 28
23 6 11
23 6 12
23 6 13
23 6 14
23 6 15
23 6 25
23 6 26
23 6 27
23 6 28
23 7 13
23 7 14
23 7 26
23 7 27
23 7 28
23 35 17
23 35 18
23 35 19
23 35 20
23 35 23
23 35 24
23 35 25
23 35 26
23 36 17
23 36 18
23 36 19
23 36 20
23 36 21
23 36 23
23 36 24
23 36 25
23 36 26
23 37 18
23 37 19
23 37 20
23 37 21
23 37 24
23 37 25
23 38 21
24 5 12
24 5 13
24 5 14
24 5 15
24 5 25
24 5 26
24 5 27
24 5 28
24 6 12
24 6 13
24 6 14
24 6 15
24 6 25
24 6 26
24 6 27
24 6 28
24 7 13
24 7 14
24 7 15
24 7 25
24 7 26
24 7 27
24 35 18
24 35 19
24 35 20
24 35 24
24 35 25
24 36 17
24 36 18
24 36 19
24 36 20
24 36 21
24 36 22
24 36 23
24 36 24
24 36 25
24 36 26
24 37 18
24 37 19
24 37 20
24 37 21
24 37 22
24 37 23
24 37 24
24 37 25
24 38 20
24 38 21
24 38 22
24 38 23
25 5 14
25 5 15
25 5 16
25 5 26
25 5 27
25 6 13
25 6 14
25 6 15
25 6 16
25 6 25
25 6 26
25 6 27
25 7 13
25 7 14
25 7 15
25 7 16
25 7 25
25 7 26
25 7 27
25 35 3
25 35 26
25 36 3
25 36 4
25 36 5
25 36 6
25 36 7
25 36 8
25 36 9
25 36 10
25 36 11
25 36 12
25 36 13
25 36 14
25 36 15
25 36 16
25 36 17
25 36 18
25 36 19
25 36 20
25 36 21
25 36 22
25 36 23
25 36 24
25 36 25
25 37 4
25 37 5
25 37 6
25 37 7
25 37 8
25 37 9
25 37 10
25 37 11
25 37 12
25 37 13
25 37 14
25 37 15
25 37 16
25 37 17
25 37 18
25 37 19
25 37 20
25 37 21
25 37 22
25 37 23
25 37 24
25 37 25
25 38 20
25 38 21
25 38 22
25 38 23
25 38 24
25 38 25
26 6 13
26 6 14
26 6 15
26 6 16
26 6 25
26 6 26
26 6 27
26 7 14
26 7 15
26 7 16
26 7 17
26 7 24
26 7 25
26 7 26
26 7 27
26 8 15
26 8 16
26 8 26
26 8 27
26 32 1
26 32 27
26 33 0
26 33 1
26 33 2
26 33 26
26 33 27
26 34 0
26 34 1
26 34 2
26 34 3
26 34 25
26 34 26
26 34 27
26 35 1
26 35 2
26 35 3
26 35 4
26 35 5
26 35 24
26 35 25
26 35 26
26 35 27
26 36 2
26 36 3
26 36 4
26 36 5
26 36 6
26 36 7
26 36 8
26 36 9
26 36 10
26 36 11
26 36 12
26 36 13
26 36 14
26 36 15
26 36 16
26 36 17
26 36 18
26 36 19
26 36 20
26 36 21
26 36 22
26 36 23
26 36 24
26 36 25
26 36 26
26 37 5
26 37 6
26 37 7
26 37 8
26 37 9
26 37 10
26 37 11
26 37 12
26 37 13
26 37 14
26 37 15
26 37 16
26 37 17
26 37 18
26 37 19
26 37 20
26 37 21
26 37 22
26 37 23
26 37 24
26 37 25
26 38 20
26 38 21
26 38 22
26 38 23
26 38 24
27 6 14
27 6 15
27 6 16
27 6 17
27 6 24
27 6 25
27 6 26
27 6 27
27 7 14
27 7 15
27 7 16
27 7 17
27 7 24
27 7 25
27 7 26
27 7 27
27 8 14
27 8 15
27 8 16
27 8 17
27 8 24
27 8 25
27 8 26
27 8 27
27 29 1
27 29 27
27 30 0
27 30 1
27 30 2
27 30 26
27 30 27
27 31 0
27 31 1
27 31 2
27 31 26
27 31 27
27 32 0
27 32 1
27 32 2
27 32 26
27 32 27
27 33 0
27 33 1
27 33 2
27 33 26
27 33 27
27 34 0
27 34 1
27 34 2
27 34 3
27 34 25
27 34 26
27 34 27
27 35 1
27 35 2
27 35 3
27 35 4
27 35 5
27 35 6
27 35 7
27 35 8
27 35 9
27 35 10
27 35 11
27 35 12
27 35 13
27 35 14
27 35 15
27 35 16
27 35 17
27 35 18
27 35 19
27 35 20
27 35 21
27 35 22
27 35 23
27 35 24
27 35 25
27 35 26
27 35 27
27 36 2
27 36 3
27 36 4
27 36 5
27 36 6
27 36 7
27 36 8
27 36 9
27 36 10
27 36 11
27 36 12
27 36 13
27 36 14
27 36 15
27 36 16
27 36 17
27 36 18
27 36 19
27 36 20
27 36 21
27 36 22
27 36 23
27 36 24
27 36 25
27 36 26
27 37 19
27 37 20
27 37 21
27 37 22
27 37 23
27 37 24
27 38 20
27 38 21
27 38 22
27 38 23
27 38 24
28 6 16
28 6 17
28 6 25
28 6 26
28 7 14
28 7 15
28 7 16
28 7 17
28 7 24
28 7 25
28 7 26
28 7 27
28 8 15
28 8 16
28 8 17
28 8 18
28 8 24
28 8 25
28 8 26
28 8 27
28 26 1
28 26 27
28 27 0
28 27 1
28 27 2
28 27 26
28 27 27
28 28 0
28 28 1
28 28 2
28 28 26
28 28 27
28 29 0
28 29 1
28 29 2
28 29 26
28 29 27
28 30 0
28 30 1
28 30 2
28 30 26
28 30 27
28 31 0
28 31 1
28 31 2
28 31 25
28 31 26
28 31 27
28 32 0
28 32 1
28 32 2
28 32 3
28 32 4
28 32 5
28 32 6
28 32 7
28 32 8
28 32 9
28 32 10
28 32 11
28 32 12
28 32 13
28 32 14
28 32 15
28 32 16
28 32 17
28 32 18
28 32 19
28 32 20
28 32 21
28 32 22
28 32 23
28 32 24
28 32 25
28 32 26
28 32 27
28 33 1
28 33 2
28 33 3
28 33 4
28 33 5
28 33 6
28 33 7
28 33 8
28 33 9
28 33 10
28 33 11
28 33 12
28 33 13
28 33 14
28 33 15
28 33 16
28 33 17
28 33 18
28 33 19
28 33 20
28 33 21
28 33 22
28 33 23
28 33 24
28 33 25
28 33 26
28 33 27
28 34 1
28 34 2
28 34 3
28 34 4
28 34 5
28 34 6
28 34 7
28 34 8
28 34 9
28 34 10
28 34 11
28 34 12
28 34 13
28 34 14
28 34 15
28 34 16
28 34 17
28 34 18
28 34 19
28 34 20
28 34 21
28 34 22
28 34 23
28 34 24
28 34 25
28 34 26
28 34 27
28 35 1
28 35 2
28 35 3
28 35 4
28 35 5
28 35 6
28 35 7
28 35 8
28 35 9
28 35 10
28 35 11
28 35 12
28 35 13
28 35 14
28 35 15
28 35 16
28 35 17
28 35 18
28 35 19
28 35 20
28 35 21
28 35 22
28 35 23
28 35 24
28 35 25
28 35 26
28 36 2
28 36 3
28 36 4
28 36 5
28 36 6
28 36 7
28 36 8
28 36 9
28 36 10
28 36 11
28 36 12
28 36 13
28 36 14
28 36 15
28 36 16
28 36 17
28 36 18
28 36 19
28 36 20
28 36 21
28 36 22
28 36 23
28 36 24
28 36 25
28 36 26
28 37 20
28 37 21
28 37 22
28 37 23
28 37 24
28 38 20
28 38 21
28 38 22
28 38 23
28 38 24
28 39 21
28 39 22
28 39 23
28 39 24
29 7 15
29 7 16
29 7 17
29 7 18
29 7 24
29 7 25
29 7 26
29 8 16
29 8 17
29 8 18
29 8 19
29 8 24
29 8 25
29 8 26
29 9 17
29 9 18
29 9 25
29 9 26
29 23 1
29 23 27
29 24 0
29 24 1
29 24 2
29 24 26
29 24 27
29 25 0
29 25 1
29 25 2
29 25 26
29 25 27
29 26 0
29 26 1
29 26 2
29 26 26
29 26 27
29 27 0
29 27 1
29 27 2
29 27 25
29 27 26
29 27 27
29 28 0
29 28 1
29 28 2
29 28 25
29 28 26
29 28 27
29 29 0
29 29 1
29 29 2
29 29 3
29 29 4
29 29 5
29 29 6
29 29 7
29 29 8
29 29 9
29 29 10
29 29 11
29 29 12
29 29 13
29 29 14
29 29 15
29 29 16
29 29 17
29 29 18
29 29 19
29 29 20
29 29 21
29 29 22
29 29 23
29 29 24
29 29 25
29 29 26
29 29 27
29 30 1
29 30 2
29 30 3
29 30 4
29 30 5
29 30 6
29 30 7
29 30 8
29 30 9
29 30 10
29 30 11
29 30 12
29 30 13
29 30 14
29 30 15
29 30 16
29 30 17
29 30 18
29 30 19
29 30 20
29 30 21
29 30 22
29 30 23
29 30 24
29 30 25
29 30 26
29 30 27
29 31 1
29 31 2
29 31 3
29 31 4
29 31 5
29 31 6
29 31 7
29 31 8
29 31 9
29 31 10
29 31 11
29 31 12
29 31 13
29 31 14
29 31 15
29 31 16
29 31 17
29 31 18
29 31 19
29 31 20
29 31 21
29 31 22
29 31 23
29 31 24
29 31 25
29 31 26
29 31 27
29 32 1
29 32 2
29 32 3
29 32 4
29 32 5
29 32 6
29 32 7
29 32 8
29 32 9
29 32 10
29 32 11
29 32 12
29 32 13
29 32 14
29 32 15
29 32 16
29 32 17
29 32 18
29 32 19
29 32 20
29 32 21
29 32 22
29 32 23
29 32 24
29 32 25
29 32 26
29 32 27
29 33 1
29 33 2
29 33 3
29 33 4
29 33 5
29 33 6
29 33 7
29 33 8
29 33 9
29 33 10
29 33 11
29 33 12
29 33 13
29 33 14
29 33 15
29 33 16
29 33 17
29 33 18
29 33 19
29 33 20
29 33 21
29 33 22
29 33 23
29 33 24
29 33 25
29 33 26
29 33 27
29 34 1
29 34 2
29 34 3
29 34 4
29 34 5
29 34 6
29 34 7
29 34 8
29 34 9
29 34 10
29 34 11
29 34 12
29 34 13
29 34 14
29 34 15
29 34 16
29 34 17
29 34 18
29 34 19
29 34 20
29 34 21
29 34 22
29 34 23
29 34 24
29 34 25
29 34 26
29 35 3
29 35 4
29 35 5
29 35 6
29 35 7
29 35 8
29 35 9
29 35 10
29 35 11
29 35 12
29 35 13
29 35 14
29 35 15
29 35 16
29 35 17
29 35 18
29 35 19
29 35 20
29 35 21
29 35 22
29 35 23
29 35 24
29 35 25
29 35 26
29 37 20
29 37 21
29 37 22
29 37 23
29 37 24
29 38 21
29 38 22
29 38 23
29 38 24
29 39 21
29 39 22
29 39 23
30 7 16
30 7 17
30 7 18
30 7 19
30 7 23
30 7 24
30 7 25
30 7 26
30 8 16
30 8 17
30 8 18
30 8 19
30 8 23
30 8 24
30 8 25
30 8 26
30 9 16
30 9 17
30 9 18
30 9 19
30 9 23
30 9 24
30 9 25
30 9 26
30 20 1
30 20 27
30 21 0
30 21 1
30 21 2
30 21 26
30 21 27
30 22 0
30 22 1
30 22 2
30 22 26
30 22 27
30 23 0
30 23 1
30 23 2
30 23 26
30 23 27
30 24 0
30 24 1
30 24 2
30 24 25
30 24 26
30 24 27
30 25 0
30 25 1
30 25 2
30 25 3
30 25 4
30 25 5
30 25 6
30 25 7
30 25 8
30 25 9
30 25 10
30 25 11
30 25 12
30 25 13
30 25 14
30 25 15
30 25 16
30 25 17
30 25 18
30 25 19
30 25 20
30 25 21
30 25 22
30 25 23
30 25 24
30 25 25
30 25 26
30 25 27
30 26 0
30 26 1
30 26 2
30 26 3
30 26 4
30 26 5
30 26 6
30 26 7
30 26 8
30 26 9
30 26 10
30 26 11
30 26 12
30 26 13
30 26 14
30 26 15
30 26 16
30 26 17
30 26 18
30 26 19
30 26 20
30 26 21
30 26 22
30 26 23
30 26 24
30 26 25
30 26 26
30 26 27
30 27 1
30 27 2
30 27 3
30 27 4
30 27 5
30 27 6
30 27 7
30 27 8
30 27 9
30 27 10
30 27 11
30 27 12
30 27 13
30 27 14
30 27 15
30 27 16
30 27 17
30 27 18
30 27 19
30 27 20
30 27 21
30 27 22
30 27 23
30 27 24
30 27 25
30 27 26
30 27 27
30 28 1
30 28 2
30 28 3
30 28 4
30 28 5
30 28 6
30 28 7
30 28 8
30 28 9
30 28 10
30 28 11
30 28 12
30 28 13
30 28 14
30 28 15
30 28 16
30 28 17
30 28 18
30 28 19
30 28 20
30 28 21
30 28 22
30 28 23
30 28 24
30 28 25
30 28 26
30 28 27
30 29 1
30 29 2
30 29 3
30 29 4
30 29 5
30 29 6
30 29 7
30 29 8
30 29 9
30 29 10
30 29 11
30 29 12
30 29 13
30 29 14
30 29 15
30 29 16
30 29 17
30 29 18
30 29 19
30 29 20
30 29 21
30 29 22
30 29 23
30 29 24
30 29 25
30 29 26
30 29 27
30 30 1
30 30 2
30 30 3
30 30 4
30 30 5
30 30 6
30 30 7
30 30 8
30 30 9
30 30 10
30 30 11
30 30 12
30 30 13
30 30 14
30 30 15
30 30 16
30 30 17
30 30 18
30 30 19
30 30 20
30 30 21
30 30 22
30 30 23
30 30 24
30 30 25
30 30 26
30 30 27
30 31 1
30 31 2
30 31 3
30 31 4
30 31 5
30 31 6
30 31 7
30 31 8
30 31 9
30 31 10
30 31 11
30 31 12
30 31 13
30 31 14
30 31 15
30 31 16
30 31 17
30 31 18
30 31 19
30 31 20
30 31 21
30 31 22
30 31 23
30 31 24
30 31 25
30 31 26
30 32 2
30 32 3
30 32 4
30 32 5
30 32 6
30 32 7
30 32 8
30 32 9
30 32 10
30 32 11
30 32 12
30 32 13
30 32 14
30 32 15
30 32 16
30 32 17
30 32 18
30 32 19
30 32 20
30 32 21
30 32 22
30 32 23
30 32 24
30 32 25
30 32 26
30 37 22
30 37 23
30 37 24
30 38 21
30 38 22
30 38 23
30 38 24
30 39 21
30 39 22
30 39 23
30 39 24
31 7 17
31 7 18
31 7 19
31 7 24
31 7 25
31 7 26
31 8 16
31 8 17
31 8 18
31 8 19
31 8 23
31 8 24
31 8 25
31 8 26
31 9 17
31 9 18
31 9 19
31 9 23
31 9 24
31 9 25
31 9 26
31 16 1
31 16 27
31 17 1
31 17 27
31 18 0
31 18 1
31 18 2
31 18 26
31 18 27
31 19 0
31 19 1
31 19 2
31 19 26
31 19 27
31 20 0
31 20 1
31 20 2
31 20 26
31 20 27
31 21 0
31 21 1
31 21 2
31 21 25
31 21 26
31 21 27
31 22 0
31 22 1
31 22 2
31 22 3
31 22 4
31 22 5
31 22 6
31 22 7
31 22 8
31 22 9
31 22 10
31 22 11
31 22 12
31 22 13
31 22 14
31 22 15
31 22 16
31 22 17
31 22 18
31 22 19
31 22 20
31 22 21
31 22 22
31 22 23
31 22 24
31 22 25
31 22 26
31 22 27
31 23 0
31 23 1
31 23 2
31 23 3
31 23 4
31 23 5
31 23 6
31 23 7
31 23 8
31 23 9
31 23 10
31 23 11
31 23 12
31 23 13
31 23 14
31 23 15
31 23 16
31 23 17
31 23 18
31 23 19
31 23 20
31 23 21
31 23 22
31 23 23
31 23 24
31 23 25
31 23 26
31 23 27
31 24 1
31 24 2
31 24 3
31 24 4
31 24 5
31 24 6
31 24 7
31 24 8
31 24 9
31 24 10
31 24 11
31 24 12
31 24 13
31 24 14
31 24 15
31 24 16
31 24 17
31 24 18
31 24 19
31 24 20
31 24 21
31 24 22
31 24 23
31 24 24
31 24 25
31 24 26
31 24 27
31 25 1
31 25 2
31 25 3
31 25 4
31 25 5
31 25 6
31 25 7
31 25 8
31 25 9
31 25 10
31 25 11
31 25 12
31 25 13
31 25 14
31 25 15
31 25 16
31 25 17
31 25 18
31 25 19
31 25 20
31 25 21
31 25 22
31 25 23
31 25 24
31 25 25
31 25 26
31 25 27
31 26 1
31 26 2
31 26 3
31 26 4
31 26 5
31 26 6
31 26 7
31 26 8
31 26 9
31 26 10
31 26 11
31 26 12
31 26 13
31 26 14
31 26 15
31 26 16
31 26 17
31 26 18
31 26 19
31 26 20
31 26 21
31 26 22
31 26 23
31 26 24
31 26 25
31 26 26
31 26 27
31 27 1
31 27 2
31 27 3
31 27 4
31 27 5
31 27 6
31 27 7
31 27 8
31 27 9
31 27 10
31 27 11
31 27 12
31 27 13
31 27 14
31 27 15
31 27 16
31 27 17
31 27 18
31 27 19
31 27 20
31 27 21
31 27 22
31 27 23
31 27 24
31 27 25
31 27 26
31 27 27
31 28 1
31 28 2
31 28 3
31 28 4
31 28 5
31 28 6
31 28 7
31 28 8
31 28 9
31 28 10
31 28 11
31 28 12
31 28 13
31 28 14
31 28 15
31 28 16
31 28 17
31 28 18
31 28 19
31 28 20
31 28 21
31 28 22
31 28 23
31 28 24
31 28 25
31 28 26
31 29 2
31 29 3
31 29 4
31 29 5
31 29 6
31 29 7
31 29 8
31 29 9
31 29 10
31 29 11
31 29 12
31 29 13
31 29 14
31 29 15
31 29 16
31 29 17
31 29 18
31 29 19
31 29 20
31 29 21
31 29 22
31 29 23
31 29 24
31 29 25
31 29 26
31 38 21
31 38 22
31 38 23
31 38 24
31 39 22
31 39 23
31 39 24
31 40 23
31 40 24
32 7 18
32 7 19
32 7 24
32 7 25
32 8 17
32 8 18
32 8 19
32 8 20
32 8 23
32 8 24
32 8 25
32 8 26
32 9 17
32 9 18
32 9 19
32 9 20
32 9 23
32 9 24
32 9 25
32 9 26
32 10 19
32 10 20
32 10 24
32 10 25
32 14 1
32 14 27
32 15 0
32 15 1
32 15 2
32 15 26
32 15 27
32 16 0
32 16 1
32 16 2
32 16 26
32 16 27
32 17 0
32 17 1
32 17 2
32 17 26
32 17 27
32 18 0
32 18 1
32 18 2
32 18 25
32 18 26
32 18 27
32 19 0
32 19 1
32 19 2
32 19 3
32 19 4
32 19 5
32 19 6
32 19 7
32 19 8
32 19 9
32 19 10
32 19 11
32 19 12
32 19 13
32 19 14
32 19 15
32 19 16
32 19 17
32 19 18
32 19 19
32 19 20
32 19 21
32 19 22
32 19 23
32 19 24
32 19 25
32 19 26
32 19 27
32 20 0
32 20 1
32 20 2
32 20 3
32 20 4
32 20 5
32 20 6
32 20 7
32 20 8
32 20 9
32 20 10
32 20 11
32 20 12
32 20 13
32 20 14
32 20 15
32 20 16
32 20 17
32 20 18
32 20 19
32 20 20
32 20 21
32 20 22
32 20 23
32 20 24
32 20 25
32 20 26
32 20 27
32 21 1
32 21 2
32 21 3
32 21 4
32 21 5
32 21 6
32 21 7
32 21 8
32 21 9
32 21 10
32 21 11
32 21 12
32 21 13
32 21 14
32 21 15
32 21 16
32 21 17
32 21 18
32 21 19
32 21 20
32 21 21
32 21 22
32 21 23
32 21 24
32 21 25
32 21 26
32 21 27
32 22 1
32 22 2
32 22 3
32 22 4
32 22 5
32 22 6
32 22 7
32 22 8
32 22 9
32 22 10
32 22 11
32 22 12
32 22 13
32 22 14
32 22 15
32 22 16
32 22 17
32 22 18
32 22 19
32 22 20
32 22 21
32 22 22
32 22 23
32 22 24
32 22 25
32 22 26
32 22 27
32 23 1
32 23 2
32 23 3
32 23 4
32 23 5
32 23 6
32 23 7
32 23 8
32 23 9
32 23 10
32 23 11
32 23 12
32 23 13
32 23 14
32 23 15
32 23 16
32 23 17
32 23 18
32 23 19
32 23 20
32 23 21
32 23 22
32 23 23
32 23 24
32 23 25
32 23 26
32 23 27
32 24 1
32 24 2
32 24 3
32 24 4
32 24 5
32 24 6
32 24 7
32 24 8
32 24 9
32 24 10
32 24 11
32 24 12
32 24 13
32 24 14
32 24 15
32 24 16
32 24 17
32 24 18
32 24 19
32 24 20
32 24 21
32 24 22
32 24 23
32 24 24
32 24 25
32 24 26
32 25 1
32 25 2
32 25 3
32 25 4
32 25 5
32 25 6
32 25 7
32 25 8
32 25 9
32 25 10
32 25 11
32 25 12
32 25 13
32 25 14
32 25 15
32 25 16
32 25 17
32 25 18
32 25 19
32 25 20
32 25 21
32 25 22
32 25 23
32 25 24
32 25 25
32 25 26
32 26 2
32 26 3
32 26 4
32 26 5
32 26 6
32 26 7
32 26 8
32 26 9
32 26 10
32 26 11
32 26 12
32 26 13
32 26 14
32 26 15
32 26 16
32 26 17
32 26 18
32 26 19
32 26 20
32 26 21
32 26 22
32 26 23
32 26 24
32 26 25
32 26 26
32 38 22
32 38 23
32 38 24
32 38 25
32 39 22
32 39 23
32 39 24
32 39 25
32 40 24
32 40 25
33 8 17
33 8 18
33 8 19
33 8 20
33 8 21
33 8 22
33 8 23
33 8 24
33 8 25
33 8 26
33 9 18
33 9 19
33 9 20
33 9 21
33 9 23
33 9 24
33 9 25
33 10 2
33 10 3
33 10 18
33 10 19
33 10 20
33 10 21
33 10 23
33 10 24
33 10 25
33 11 1
33 11 2
33 11 3
33 11 26
33 12 0
33 12 1
33 12 2
33 12 25
33 12 26
33 12 27
33 13 0
33 13 1
33 13 2
33 13 26
33 13 27
33 14 0
33 14 1
33 14 2
33 14 26
33 14 27
33 15 0
33 15 1
33 15 2
33 15 25
33 15 26
33 15 27
33 16 0
33 16 1
33 16 2
33 16 3
33 16 4
33 16 5
33 16 6
33 16 7
33 16 8
33 16 9
33 16 10
33 16 11
33 16 12
33 16 13
33 16 14
33 16 15
33 16 16
33 16 17
33 16 18
33 16 19
33 16 20
33 16 21
33 16 22
33 16 23
33 16 24
33 16 25
33 16 26
33 16 27
33 17 0
33 17 1
33 17 2
33 17 3
33 17 4
33 17 5
33 17 6
33 17 7
33 17 8
33 17 9
33 17 10
33 17 11
33 17 12
33 17 13
33 17 14
33 17 15
33 17 16
33 17 17
33 17 18
33 17 19
33 17 20
33 17 21
33 17 22
33 17 23
33 17 24
33 17 25
33 17 26
33 17 27
33 18 1
33 18 2
33 18 3
33 18 4
33 18 5
33 18 6
33 18 7
33 18 8
33 18 9
33 18 10
33 18 11
33 18 12
33 18 13
33 18 14
33 18 15
33 18 16
33 18 17
33 18 18
33 18 19
33 18 20
33 18 21
33 18 22
33 18 23
33 18 24
33 18 25
33 18 26
33 18 27
33 19 1
33 19 2
33 19 3
33 19 4
33 19 5
33 19 6
33 19 7
33 19 8
33 19 9
33 19 10
33 19 11
33 19 12
33 19 13
33 19 14
33 19 15
33 19 16
33 19 17
33 19 18
33 19 19
33 19 20
33 19 21
33 19 22
33 19 23
33 19 24
33 19 25
33 19 26
33 19 27
33 20 1
33 20 2
33 20 3
33 20 4
33 20 5
33 20 6
33 20 7
33 20 8
33 20 9
33 20 10
33 20 11
33 20 12
33 20 13
33 20 14
33 20 15
33 20 16
33 20 17
33 20 18
33 20 19
33 20 20
33 20 21
33 20 22
33 20 23
33 20 24
33 20 25
33 20 26
33 20 27
33 21 1
33 21 2
33 21 3
33 21 4
33 21 5
33 21 6
33 21 7
33 21 8
33 21 9
33 21 10
33 21 11
33 21 12
33 21 13
33 21 14
33 21 15
33 21 16
33 21 17
33 21 18
33 21 19
33 21 20
33 21 21
33 21 22
33 21 23
33 21 24
33 21 25
33 21 26
33 22 2
33 22 3
33 22 4
33 22 5
33 22 6
33 22 7
33 22 8
33 22 9
33 22 10
33 22 11
33 22 12
33 22 13
33 22 14
33 22 15
33 22 16
33 22 17
33 22 18
33 22 19
33 22 20
33 22 21
33 22 22
33 22 23
33 22 24
33 22 25
33 22 26
33 23 2
33 23 3
33 23 4
33 23 5
33 23 6
33 23 7
33 23 8
33 23 9
33 23 10
33 23 11
33 23 12
33 23 13
33 23 14
33 23 15
33 23 16
33 23 17
33 23 18
33 23 19
33 23 20
33 23 21
33 23 22
33 23 23
33 23 24
33 23 25
33 23 26
33 38 23
33 38 24
33 38 25
33 39 23
33 39 24
33 39 25
33 39 26
33 40 23
33 40 24
33 40 25
33 40 26
34 7 21
34 8 18
34 8 19
34 8 20
34 8 21
34 8 22
34 8 23
34 8 24
34 8 25
34 9 4
34 9 5
34 9 6
34 9 7
34 9 8
34 9 9
34 9 10
34 9 11
34 9 12
34 9 13
34 9 14
34 9 15
34 9 16
34 9 17
34 9 18
34 9 19
34 9 20
34 9 21
34 9 22
34 9 23
34 9 24
34 9 25
34 10 2
34 10 3
34 10 4
34 10 5
34 10 6
34 10 7
34 10 8
34 10 9
34 10 10
34 10 11
34 10 12
34 10 13
34 10 14
34 10 15
34 10 16
34 10 17
34 10 18
34 10 19
34 10 20
34 10 21
34 10 22
34 10 23
34 10 24
34 10 25
34 10 26
34 11 1
34 11 2
34 11 3
34 11 4
34 11 5
34 11 6
34 11 7
34 11 8
34 11 9
34 11 10
34 11 11
34 11 12
34 11 13
34 11 14
34 11 15
34 11 16
34 11 17
34 11 18
34 11 19
34 11 20
34 11 21
34 11 22
34 11 23
34 11 24
34 11 25
34 11 26
34 11 27
34 12 0
34 12 1
34 12 2
34 12 3
34 12 24
34 12 25
34 12 26
34 12 27
34 13 0
34 13 1
34 13 2
34 13 3
34 13 4
34 13 5
34 13 6
34 13 7
34 13 8
34 13 9
34 13 10
34 13 11
34 13 12
34 13 13
34 13 14
34 13 15
34 13 16
34 13 17
34 13 18
34 13 19
34 13 20
34 13 21
34 13 22
34 13 23
34 13 24
34 13 25
34 13 26
34 13 27
34 14 0
34 14 1
34 14 2
34 14 3
34 14 4
34 14 5
34 14 6
34 14 7
34 14 8
34 14 9
34 14 10
34 14 11
34 14 12
34 14 13
34 14 14
34 14 15
34 14 16
34 14 17
34 14 18
34 14 19
34 14 20
34 14 21
34 14 22
34 14 23
34 14 24
34 14 25
34 14 26
34 14 27
34 15 1
34 15 2
34 15 3
34 15 4
34 15 5
34 15 6
34 15 7
34 15 8
34 15 9
34 15 10
34 15 11
34 15 12
34 15 13
34 15 14
34 15 15
34 15 16
34 15 17
34 15 18
34 15 19
34 15 20
34 15 21
34 15 22
34 15 23
34 15 24
34 15 25
34 15 26
34 15 27
34 16 1
34 16 2
34 16 3
34 16 4
34 16 5
34 16 6
34 16 7
34 16 8
34 16 9
34 16 10
34 16 11
34 16 12
34 16 13
34 16 14
34 16 15
34 16 16
34 16 17
34 16 18
34 16 19
34 16 20
34 16 21
34 16 22
34 16 23
34 16 24
34 16 25
34 16 26
34 16 27
34 17 1
34 17 2
34 17 3
34 17 4
34 17 5
34 17 6
34 17 7
34 17 8
34 17 9
34 17 10
34 17 11
34 17 12
34 17 13
34 17 14
34 17 15
34 17 16
34 17 17
34 17 18
34 17 19
34 17 20
34 17 21
34 17 22
34 17 23
34 17 24
34 17 25
34 17 26
34 17 27
34 18 1
34 18 2
34 18 3
34 18 4
34 18 5
34 18 6
34 18 7
34 18 8
34 18 9
34 18 10
34 18 11
34 18 12
34 18 13
34 18 14
34 18 15
34 18 16
34 18 17
34 18 18
34 18 19
34 18 20
34 18 21
34 18 22
34 18 23
34 18 24
34 18 25
34 18 26
34 19 2
34 19 3
34 19 4
34 19 5
34 19 6
34 19 7
34 19 8
34 19 9
34 19 10
34 19 11
34 19 12
34 19 13
34 19 14
34 19 15
34 19 16
34 19 17
34 19 18
34 19 19
34 19 20
34 19 21
34 19 22
34 19 23
34 19 24
34 19 25
34 19 26
34 38 24
34 38 25
34 38 26
34 39 23
34 39 24
34 39 25
34 39 26
34 40 23
34 40 24
34 40 25
34 40 26
34 41 25
34 41 26
35 8 20
35 8 21
35 8 22
35 8 23
35 8 24
35 9 19
35 9 20
35 9 21
35 9 22
35 9 23
35 9 24
35 9 25
35 10 2
35 10 3
35 10 4
35 10 5
35 10 6
35 10 7
35 10 8
35 10 9
35 10 10
35 10 11
35 10 12
35 10 13
35 10 14
35 10 15
35 10 16
35 10 17
35 10 18
35 10 19
35 10 20
35 10 21
35 10 22
35 10 23
35 10 24
35 10 25
35 10 26
35 11 1
35 11 2
35 11 3
35 11 4
35 11 5
35 11 6
35 11 7
35 11 8
35 11 9
35 11 10
35 11 11
35 11 12
35 11 13
35 11 14
35 11 15
35 11 16
35 11 17
35 11 18
35 11 19
35 11 20
35 11 21
35 11 22
35 11 23
35 11 24
35 11 25
35 11 26
35 12 1
35 12 2
35 12 3
35 12 4
35 12 5
35 12 6
35 12 7
35 12 8
35 12 9
35 12 10
35 12 11
35 12 12
35 12 13
35 12 14
35 12 15
35 12 16
35 12 17
35 12 18
35 12 19
35 12 20
35 12 21
35 12 22
35 12 23
35 12 24
35 12 25
35 12 26
35 13 1
35 13 2
35 13 3
35 13 4
35 13 5
35 13 6
35 13 7
35 13 8
35 13 9
35 13 10
35 13 11
35 13 12
35 13 13
35 13 14
35 13 15
35 13 16
35 13 17
35 13 18
35 13 19
35 13 20
35 13 21
35 13 22
35 13 23
35 13 24
35 13 25
35 13 26
35 13 27
35 14 1
35 14 2
35 14 3
35 14 4
35 14 5
35 14 6
35 14 7
35 14 8
35 14 9
35 14 10
35 14 11
35 14 12
35 14 13
35 14 14
35 14 15
35 14 16
35 14 17
35 14 18
35 14 19
35 14 20
35 14 21
35 14 22
35 14 23
35 14 24
35 14 25
35 14 26
35 14 27
35 15 1
35 15 2
35 15 3
35 15 4
35 15 5
35 15 6
35 15 7
35 15 8
35 15 9
35 15 10
35 15 11
35 15 12
35 15 13
35 15 14
35 15 15
35 15 16
35 15 17
35 15 18
35 15 19
35 15 20
35 15 21
35 15 22
35 15 23
35 15 24
35 15 25
35 15 26
35 16 2
35 16 3
35 16 4
35 16 5
35 16 6
35 16 7
35 16 8
35 16 9
35 16 10
35 16 11
35 16 12
35 16 13
35 16 14
35 16 15
35 16 16
35 16 17
35 16 18
35 16 19
35 16 20
35 16 21
35 16 22
35 16 23
35 16 24
35 16 25
35 16 26
35 17 2
35 17 3
35 17 4
35 17 5
35 17 6
35 17 7
35 17 8
35 17 9
35 17 10
35 17 11
35 17 12
35 17 13
35 17 14
35 17 15
35 17 16
35 17 17
35 17 18
35 17 19
35 17 20
35 17 21
35 17 22
35 17 23
35 17 24
35 17 25
35 17 26
35 39 24
35 39 25
35 39 26
35 39 27
35 40 24
35 40 25
35 40 26
35 40 27
35 41 26
35 41 27
36 8 20
36 8 21
36 8 22
36 8 23
36 8 24
36 9 19
36 9 20
36 9 21
36 9 22
36 9 23
36 9 24
36 9 25
36 10 19
36 10 20
36 10 21
36 10 22
36 10 23
36 10 24
36 11 3
36 11 4
36 11 5
36 11 6
36 11 7
36 11 8
36 11 9
36 11 10
36 11 11
36 11 12
36 11 13
36 11 14
36 11 15
36 11 16
36 11 17
36 11 18
36 11 19
36 11 20
36 11 21
36 11 22
36 11 23
36 11 24
36 11 25
36 12 2
36 12 3
36 12 4
36 12 5
36 12 6
36 12 7
36 12 8
36 12 9
36 12 10
36 12 11
36 12 12
36 12 13
36 12 14
36 12 15
36 12 16
36 12 17
36 12 18
36 12 19
36 12 20
36 12 21
36 12 22
36 12 23
36 12 24
36 12 25
36 12 26
36 13 3
36 13 4
36 13 5
36 13 6
36 13 7
36 13 8
36 13 9
36 13 10
36 13 11
36 13 12
36 13 13
36 13 14
36 13 15
36 13 16
36 13 17
36 13 18
36 13 19
36 13 20
36 13 21
36 13 22
36 13 23
36 13 24
36 13 25
36 13 26
36 39 25
36 39 26
36 39 27
36 40 24
36 40 25
36 40 26
36 40 27
36 41 25
36 41 26
36 41 27
36 41 28
37 8 23
37 8 24
37 9 21
37 9 22
37 9 23
37 9 24
37 9 25
37 10 20
37 10 21
37 10 22
37 10 23
37 10 24
37 11 20
37 11 21
37 11 22
37 11 23
37 11 24
37 40 25
37 40 26
37 40 27
37 40 28
37 41 25
37 41 26
37 41 27
37 41 28
37 42 27
38 9 21
38 9 22
38 9 23
38 9 24
38 10 21
38 10 22
38 10 23
38 10 24
38 11 21
38 11 22
38 11 23
38 11 24
38 12 22
38 12 23
38 40 26
38 40 27
38 40 28
38 40 29
38 41 26
38 41 27
38 41 28
38 41 29
38 42 27
38 42 28
38 42 29
39 10 21
39 10 22
39 10 23
39 10 24
39 11 21
39 11 22
39 11 23
39 11 24
39 12 21
39 12 22
39 12 23
39 12 24
39 40 27
39 40 28
39 40 29
39 41 26
39 41 27
39 41 28
39 41 29
39 42 27
39 42 28
39 42 29
40 10 23
40 10 24
40 11 21
40 11 22
40 11 23
40 11 24
40 12 22
40 12 23
40 12 24
40 12 25
40 40 28
40 40 29
40 41 27
40 41 28
40 41 29
40 41 30
40 42 27
40 42 28
40 42 29
40 42 30
40 43 29
41 11 22
41 11 23
41 11 24
41 11 25
41 12 23
41 12 24
41 12 25
41 12 26
41 13 24
41 13 25
41 41 27
41 41 28
41 41 29
41 41 30
41 42 28
41 42 29
41 42 30
41 42 31
41 43 29
41 43 30
42 11 23
42 11 24
42 11 25
42 11 26
42 12 23
42 12 24
42 12 25
42 12 26
42 13 23
42 13 24
42 13 25
42 13 26
42 41 28
42 41 29
42 41 30
42 41 31
42 42 28
42 42 29
42 42 30
42 42 31
42 43 29
42 43 30
42 43 31
43 11 24
43 11 25
43 11 26
43 12 23
43 12 24
43 12 25
43 12 26
43 13 24
43 13 25
43 13 26
43 13 27
43 41 30
43 41 31
43 42 29
43 42 30
43 42 31
43 43 29
43 43 30
43 43 31
43 43 32
43 44 31
44 11 25
44 11 26
44 12 24
44 12 25
44 12 26
44 12 27
44 13 24
44 13 25
44 13 26
44 13 27
44 14 26
44 14 27
44 38 30
44 38 31
44 39 30
44 39 31
44 40 30
44 40 31
44 41 29
44 41 30
44 41 31
44 42 29
44 42 30
44 42 31
44 42 32
44 43 30
44 43 31
44 43 32
44 44 31
44 44 32
45 12 24
45 12 25
45 12 26
45 12 27
45 13 25
45 13 26
45 13 27
45 13 28
45 14 26
45 14 27
45 35 30
45 35 31
45 36 30
45 36 31
45 37 30
45 37 31
45 37 32
45 38 30
45 38 31
45 38 32
45 39 30
45 39 31
45 39 32
45 40 30
45 40 31
45 40 32
45 41 30
45 41 31
45 41 32
45 42 30
45 42 31
45 42 32
45 43 30
45 43 31
45 43 32
45 43 33
45 44 31
45 44 32
45 44 33
46 12 25
46 12 26
46 12 27
46 12 28
46 13 25
46 13 26
46 13 27
46 13 28
46 14 25
46 14 26
46 14 27
46 14 28
46 30 31
46 31 31
46 32 31
46 33 30
46 33 31
46 33 32
46 34 30
46 34 31
46 34 32
46 35 30
46 35 31
46 35 32
46 36 30
46 36 31
46 36 32
46 37 30
46 37 31
46 37 32
46 38 30
46 38 31
46 38 32
46 38 33
46 39 30
46 39 31
46 39 32
46 39 33
46 40 30
46 40 31
46 40 32
46 40 33
46 41 30
46 41 31
46 41 32
46 41 33
46 42 30
46 42 31
46 42 32
46 42 33
46 43 30
46 43 31
46 43 32
46 43 33
46 44 30
46 44 31
46 44 32
46 44 33
46 45 33
47 12 27
47 12 28
47 13 26
47 13 27
47 13 28
47 13 29
47 14 26
47 14 27
47 14 28
47 14 29
47 15 28
47 15 29
47 27 31
47 28 31
47 29 30
47 29 31
47 29 32
47 30 30
47 30 31
47 30 32
47 31 30
47 31 31
47 31 32
47 32 30
47 32 31
47 32 32
47 33 30
47 33 31
47 33 32
47 34 30
47 34 31
47 34 32
47 34 33
47 35 30
47 35 31
47 35 32
47 35 33
47 36 30
47 36 31
47 36 32
47 36 33
47 37 31
47 37 32
47 37 33
47 38 31
47 38 32
47 38 33
47 39 31
47 39 32
47 39 33
47 40 31
47 40 32
47 40 33
47 41 31
47 41 32
47 41 33
47 42 31
47 42 32
47 42 33
47 43 31
47 43 32
47 43 33
47 43 34
47 44 31
47 44 32
47 44 33
47 44 34
47 45 33
48 13 26
48 13 27
48 13 28
48 13 29
48 14 27
48 14 28
48 14 29
48 15 27
48 15 28
48 15 29
48 15 30
48 25 31
48 26 31
48 27 30
48 27 31
48 27 32
48 28 30
48 28 31
48 28 32
48 29 30
48 29 31
48 29 32
48 30 30
48 30 31
48 30 32
48 31 30
48 31 31
48 31 32
48 31 33
48 32 31
48 32 32
48 32 33
48 33 31
48 33 32
48 33 33
48 34 31
48 34 32
48 34 33
48 35 31
48 35 32
48 35 33
48 36 31
48 36 32
48 36 33
48 37 31
48 37 32
48 37 33
48 38 31
48 38 32
48 38 33
48 39 31
48 39 32
48 39 33
48 40 31
48 40 32
48 40 33
48 40 34
48 41 31
48 41 32
48 41 33
48 41 34
48 42 31
48 42 32
48 42 33
48 42 34
48 43 31
48 43 32
48 43 33
48 43 34
48 44 32
48 44 33
48 44 34
48 44 35
48 45 33
48 45 34
49 13 27
49 13 28
49 13 29
49 13 30
49 14 27
49 14 28
49 14 29
49 14 30
49 15 27
49 15 28
49 15 29
49 15 30
49 22 31
49 22 32
49 23 30
49 23 31
49 23 32
49 24 30
49 24 31
49 24 32
49 25 30
49 25 31
49 25 32
49 26 30
49 26 31
49 26 32
49 27 30
49 27 31
49 27 32
49 27 33
49 28 30
49 28 31
49 28 32
49 28 33
49 29 30
49 29 31
49 29 32
49 29 33
49 30 31
49 30 32
49 30 33
49 31 31
49 31 32
49 31 33
49 32 31
49 32 32
49 32 33
49 33 31
49 33 32
49 33 33
49 34 31
49 34 32
49 34 33
49 34 34
49 35 31
49 35 32
49 35 33
49 35 34
49 36 31
49 36 32
49 36 33
49 36 34
49 37 32
49 37 33
49 37 34
49 38 32
49 38 33
49 38 34
49 39 32
49 39 33
49 39 34
49 40 32
49 40 33
49 40 34
49 41 32
49 41 33
49 41 34
49 42 32
49 42 33
49 42 34
49 43 32
49 43 33
49 43 34
49 43 35
49 44 32
49 44 33
49 44 34
49 44 35
49 45 32
49 45 33
49 45 34
49 45 35
50 13 29
50 13 30
50 14 28
50 14 29
50 14 30
50 14 31
50 15 28
50 15 29
50 15 30
50 15 31
50 16 30
50 19 31
50 19 32
50 20 30
50 20 31
50 20 32
50 21 30
50 21 31
50 21 32
50 22 30
50 22 31
50 22 32
50 23 30
50 23 31
50 23 32
50 24 30
50 24 31
50 24 32
50 24 33
50 25 31
50 25 32
50 25 33
50 26 31
50 26 32
50 26 33
50 27 31
50 27 32
50 27 33
50 28 31
50 28 32
50 28 33
50 29 31
50 29 32
50 29 33
50 30 31
50 30 32
50 30 33
50 31 31
50 31 32
50 31 33
50 31 34
50 32 32
50 32 33
50 32 34
50 33 32
50 33 33
50 33 34
50 34 32
50 34 33
50 34 34
50 35 32
50 35 33
50 35 34
50 36 32
50 36 33
50 36 34
50 37 32
50 37 33
50 37 34
50 38 33
50 38 34
50 39 32
50 39 33
50 39 34
50 40 33
50 40 34
50 41 33
50 41 34
50 42 33
50 42 34
50 42 35
50 43 33
50 43 34
50 43 35
50 44 33
50 44 34
50 44 35
50 44 36
50 45 33
50 45 34
50 45 35
51 14 28
51 14 29
51 14 30
51 14 31
51 15 28
51 15 29
51 15 30
51 15 31
51 16 30
51 16 31
51 17 30
51 17 31
51 18 30
51 18 31
51 18 32
51 19 30
51 19 31
51 19 32
51 19 33
51 20 30
51 20 31
51 20 32
51 20 33
51 21 30
51 21 31
51 21 32
51 21 33
51 22 31
51 22 32
51 22 33
51 23 31
51 23 32
51 23 33
51 24 31
51 24 32
51 24 33
51 25 31
51 25 32
51 25 33
51 26 31
51 26 32
51 26 33
51 27 31
51 27 32
51 27 33
51 28 31
51 28 32
51 28 33
51 28 34
51 29 32
51 29 33
51 29 34
51 30 32
51 30 33
51 30 34
51 31 32
51 31 33
51 31 34
51 32 32
51 32 33
51 32 34
51 33 32
51 33 33
51 33 34
51 34 33
51 34 34
51 35 33
51 35 34
51 35 35
51 36 33
51 36 34
51 36 35
51 37 33
51 37 34
51 37 35
51 38 33
51 38 34
51 38 35
51 39 33
51 39 34
51 39 35
51 40 33
51 40 34
51 40 35
51 41 33
51 41 34
51 41 35
51 42 33
51 42 34
51 42 35
51 42 36
51 43 33
51 43 34
51 43 35
51 43 36
51 44 33
51 44 34
51 44 35
51 44 36
51 45 34
51 45 35
51 45 36
52 14 29
52 14 30
52 14 31
52 15 29
52 15 30
52 15 31
52 15 32
52 16 29
52 16 30
52 16 31
52 16 32
52 17 30
52 17 31
52 17 32
52 18 30
52 18 31
52 18 32
52 19 31
52 19 32
52 19 33
52 20 31
52 20 32
52 20 33
52 21 31
52 21 32
52 21 33
52 22 31
52 22 32
52 22 33
52 23 31
52 23 32
52 23 33
52 24 31
52 24 32
52 24 33
52 24 34
52 25 31
52 25 32
52 25 33
52 25 34
52 26 32
52 26 33
52 26 34
52 27 32
52 27 33
52 27 34
52 28 32
52 28 33
52 28 34
52 29 32
52 29 33
52 29 34
52 30 32
52 30 33
52 30 34
52 31 33
52 31 34
52 31 35
52 32 33
52 32 34
52 32 35
52 33 33
52 33 34
52 33 35
52 34 33
52 34 34
52 34 35
52 35 33
52 35 34
52 35 35
52 36 33
52 36 34
52 36 35
52 37 33
52 37 34
52 37 35
52 38 33
52 38 34
52 38 35
52 39 33
52 39 34
52 39 35
52 40 33
52 40 34
52 40 35
52 41 33
52 41 34
52 41 35
52 41 36
52 42 34
52 42 35
52 42 36
52 43 34
52 43 35
52 43 36
52 44 34
52 44 35
52 44 36
53 14 30
53 14 31
53 15 29
53 15 30
53 15 31
53 15 32
53 16 30
53 16 31
53 16 32
53 16 33
53 17 30
53 17 31
53 17 32
53 18 31
53 18 32
53 18 33
53 19 31
53 19 32
53 19 33
53 20 31
53 20 32
53 20 33
53 21 31
53 21 32
53 21 33
53 21 34
53 22 32
53 22 33
53 22 34
53 23 32
53 23 33
53 23 34
53 24 32
53 24 33
53 24 34
53 25 32
53 25 33
53 25 34
53 26 32
53 26 33
53 26 34
53 27 33
53 27 34
53 28 33
53 28 34
53 28 35
53 29 33
53 29 34
53 29 35
53 30 33
53 30 34
53 30 35
53 31 33
53 31 34
53 31 35
53 32 33
53 32 34
53 32 35
53 33 33
53 33 34
53 33 35
53 34 33
53 34 34
53 34 35
53 35 34
53 35 35
53 35 36
53 36 34
53 36 35
53 36 36
53 37 34
53 37 35
53 37 36
53 38 34
53 38 35
53 38 36
53 39 34
53 39 35
53 39 36
53 40 34
53 40 35
53 40 36
53 41 34
53 41 35
53 41 36
53 42 34
53 42 35
53 42 36
53 43 34
53 43 35
53 43 36
53 44 34
53 44 35
53 44 36
54 15 30
54 15 31
54 15 32
54 15 33
54 16 30
54 16 31
54 16 32
54 16 33
54 17 30
54 17 31
54 17 32
54 17 33
54 18 31
54 18 32
54 18 33
54 19 31
54 19 32
54 19 33
54 20 32
54 20 33
54 20 34
54 21 32
54 21 33
54 21 34
54 22 32
54 22 33
54 22 34
54 23 32
54 23 33
54 23 34
54 24 33
54 24 34
54 25 33
54 25 34
54 25 35
54 26 33
54 26 34
54 26 35
54 27 33
54 27 34
54 27 35
54 28 33
54 28 34
54 28 35
54 29 33
54 29 34
54 29 35
54 30 33
54 30 34
54 30 35
54 31 34
54 31 35
54 31 36
54 32 34
54 32 35
54 32 36
54 33 34
54 33 35
54 33 36
54 34 34
54 34 35
54 34 36
54 35 34
54 35 35
54 35 36
54 36 34
54 36 35
54 36 36
54 37 34
54 37 35
54 37 36
54 38 34
54 38 35
54 38 36
54 39 34
54 39 35
54 39 36
54 40 34
54 40 35
54 40 36
54 41 34
54 41 35
54 41 36
54 42 34
54 42 35
54 42 36
54 43 35
54 43 36
55 15 30
55 15 31
55 15 32
55 15 33
55 16 30
55 16 31
55 16 32
55 16 33
55 17 31
55 17 32
55 17 33
55 17 34
55 18 31
55 18 32
55 18 33
55 19 32
55 19 33
55 19 34
55 20 32
55 20 33
55 20 34
55 21 32
55 21 33
55 21 34
55 22 33
55 22 34
55 23 33
55 23 34
55 23 35
55 24 33
55 24 34
55 24 35
55 25 33
55 25 34
55 25 35
55 26 33
55 26 34
55 26 35
55 27 33
55 27 34
55 27 35
55 28 34
55 28 35
55 29 34
55 29 35
55 29 36
55 30 34
55 30 35
55 30 36
55 31 34
55 31 35
55 31 36
55 32 34
55 32 35
55 32 36
55 33 34
55 33 35
55 33 36
55 34 34
55 34 35
55 34 36
55 35 34
55 35 35
55 35 36
55 36 34
55 36 35
55 36 36
55 37 34
55 37 35
55 37 36
55 38 34
55 38 35
55 38 36
55 39 34
55 39 35
55 39 36
55 40 35
55 40 36
55 41 36
56 15 32
56 15 33
56 16 31
56 16 32
56 16 33
56 16 34
56 17 31
56 17 32
56 17 33
56 17 34
56 18 32
56 18 33
56 18 34
56 19 32
56 19 33
56 19 34
56 20 32
56 20 33
56 20 34
56 21 33
56 21 34
56 22 33
56 22 34
56 22 35
56 23 33
56 23 34
56 23 35
56 24 33
56 24 34
56 24 35
56 25 33
56 25 34
56 25 35
56 26 34
56 26 35
56 27 34
56 27 35
56 27 36
56 28 34
56 28 35
56 28 36
56 29 34
56 29 35
56 29 36
56 30 34
56 30 35
56 30 36
56 31 34
56 31 35
56 31 36
56 32 34
56 32 35
56 32 36
56 33 34
56 33 35
56 33 36
56 34 34
56 34 35
56 34 36
56 35 34
56 35 35
56 35 36
56 36 34
56 36 35
56 36 36
56 37 35
56 37 36
56 38 36
57 16 31
57 16 32
57 16 33
57 16 34
57 17 32
57 17 33
57 17 34
57 17 35
57 18 32
57 18 33
57 18 34
57 18 35
57 19 33
57 19 34
57 20 33
57 20 34
57 20 35
57 21 33
57 21 34
57 21 35
57 22 33
57 22 34
57 22 35
57 23 33
57 23 34
57 23 35
57 24 34
57 24 35
57 24 36
57 25 34
57 25 35
57 25 36
57 26 34
57 26 35
57 26 36
57 27 34
57 27 35
57 27 36
57 28 34
57 28 35
57 28 36
57 29 34
57 29 35
57 29 36
57 30 34
57 30 35
57 30 36
57 31 34
57 31 35
57 31 36
57 32 34
57 32 35
57 32 36
57 33 34
57 33 35
57 33 36
57 34 35
57 34 36
57 35 36
58 16 33
58 16 34
58 16 35
58 17 32
58 17 33
58 17 34
58 17 35
58 18 33
58 18 34
58 18 35
58 19 33
58 19 34
58 19 35
58 19 36
58 20 33
58 20 34
58 20 35
58 20 36
58 21 33
58 21 34
58 21 35
58 22 33
58 22 34
58 22 35
58 22 36
58 23 34
58 23 35
58 23 36
58 24 34
58 24 35
58 24 36
58 25 34
58 25 35
58 25 36
58 26 34
58 26 35
58 26 36
58 27 34
58 27 35
58 27 36
58 28 34
58 28 35
58 28 36
58 29 34
58 29 35
58 29 36
58 30 34
58 30 35
58 30 36
58 31 35
58 31 36
58 32 36
59 17 33
59 17 34
59 17 35
59 18 33
59 18 34
59 18 35
59 18 36
59 19 33
59 19 34
59 19 35
59 19 36
59 20 34
59 20 35
59 20 36
59 21 34
59 21 35
59 21 36
59 22 34
59 22 35
59 22 36
59 23 34
59 23 35
59 23 36
59 24 34
59 24 35
59 24 36
59 25 34
59 25 35
59 25 36
59 26 34
59 26 35
59 26 36
59 27 34
59 27 35
59 27 36
59 28 35
59 28 36
59 29 36
60 17 34
60 18 34
60 18 35
60 18 36
60 19 34
60 19 35
60 19 36
60 20 34
60 20 35
60 20 36
60 21 34
60 21 35
60 21 36
60 22 34
60 22 35
60 22 36
60 23 34
60 23 35
60 23 36
60 24 35
60 24 36
60 25 35
60 25 36
60 26 36
61 19 36
61 20 35
61 20 36
61 21 36
61 22 35
61 22 36
61 23 36
