0 31 27
0 31 28
0 32 27
0 32 28
1 30 27
1 30 28
1 31 27
1 31 28
1 32 27
1 32 28
1 33 27
1 33 28
2 30 27
2 30 28
2 31 27
2 31 28
2 31 29
2 32 27
2 32 28
2 32 29
2 33 28
3 22 2
3 23 1
3 23 2
3 24 0
3 24 1
3 24 2
3 30 27
3 30 28
3 30 29
3 31 27
3 31 28
3 31 29
3 32 27
3 32 28
4 22 1
4 22 2
4 23 0
4 23 1
4 23 2
4 24 0
4 24 1
4 24 2
4 25 1
4 30 27
4 30 28
4 30 29
4 31 27
4 31 28
4 31 29
4 32 27
4 32 28
5 22 1
5 22 2
5 23 0
5 23 1
5 23 2
5 24 0
5 24 1
5 24 2
5 30 27
5 30 28
5 30 29
5 31 27
5 31 28
5 31 29
5 32 27
5 32 28
6 22 1
6 22 2
6 22 3
6 23 1
6 23 2
6 24 1
6 24 2
6 29 28
6 29 29
6 30 27
6 30 28
6 30 29
6 31 27
6 31 28
6 31 29
6 32 28
7 10 35
7 22 1
7 22 2
7 22 3
7 23 1
7 23 2
7 23 3
7 24 1
7 24 2
7 29 28
7 29 29
7 30 28
7 30 29
7 30 30
7 31 28
7 31 29
7 32 28
8 8 35
8 8 36
8 9 34
8 9 35
8 9 36
8 10 34
8 10 35
8 10 36
8 11 34
8 11 35
8 21 1
8 21 2
8 22 1
8 22 2
8 22 3
8 23 1
8 23 2
8 23 3
8 24 1
8 24 2
8 28 22
8 28 23
8 28 24
8 28 25
8 28 26
8 28 27
8 29 22
8 29 23
8 29 24
8 29 25
8 29 26
8 29 27
8 29 28
8 29 29
8 30 24
8 30 25
8 30 26
8 30 27
8 30 28
8 30 29
8 30 30
8 31 26
8 31 27
8 31 28
8 31 29
9 8 35
9 9 34
9 9 35
9 9 36
9 10 34
9 10 35
9 10 36
9 11 34
9 11 35
9 11 36
9 21 1
9 21 2
9 22 1
9 22 2
9 22 3
9 23 1
9 23 2
9 23 3
9 24 2
9 25 13
9 25 14
9 25 15
9 25 16
9 25 17
9 26 12
9 26 13
9 26 14
9 26 15
9 26 16
9 26 17
9 26 18
9 26 19
9 26 20
9 26 21
9 27 14
9 27 15
9 27 16
9 27 17
9 27 18
9 27 19
9 27 20
9 27 21
9 27 22
9 27 23
9 27 24
9 28 17
9 28 18
9 28 19
9 28 20
9 28 21
9 28 22
9 28 23
9 28 24
9 28 25
9 28 26
9 28 27
9 29 20
9 29 21
9 29 22
9 29 23
9 29 24
9 29 25
9 29 26
9 29 27
9 29 28
9 29 29
9 29 30
9 30 23
9 30 24
9 30 25
9 30 26
9 30 27
9 30 28
9 30 29
9 30 30
9 31 27
9 31 28
9 31 29
10 0 9
10 1 8
10 1 9
10 1 10
10 2 8
10 2 9
10 9 34
10 9 35
10 9 36
10 10 34
10 10 35
10 10 36
10 11 34
10 11 35
10 11 36
10 12 34
10 12 35
10 21 1
10 21 2
10 21 3
10 22 1
10 22 2
10 22 3
10 22 4
10 22 5
10 22 6
10 22 7
10 22 8
10 23 1
10 23 2
10 23 3
10 23 4
10 23 5
10 23 6
10 23 7
10 23 8
10 23 9
10 23 10
10 23 11
10 24 4
10 24 5
10 24 6
10 24 7
10 24 8
10 24 9
10 24 10
10 24 11
10 24 12
10 24 13
10 24 14
10 25 7
10 25 8
10 25 9
10 25 10
10 25 11
10 25 12
10 25 13
10 25 14
10 25 15
10 25 16
10 25 17
10 26 10
10 26 11
10 26 12
10 26 13
10 26 14
10 26 15
10 26 16
10 26 17
10 26 18
10 26 19
10 26 20
10 27 13
10 27 14
10 27 15
10 27 16
10 27 17
10 27 18
10 27 19
10 27 20
10 27 21
10 27 22
10 27 23
10 28 18
10 28 19
10 28 20
10 28 21
10 28 22
10 28 23
10 28 24
10 28 25
10 28 26
10 29 22
10 29 23
10 29 24
10 29 25
10 29 26
10 29 27
10 29 28
10 29 29
10 29 30
10 30 26
10 30 27
10 30 28
10 30 29
10 30 30
10 31 28
10 31 29
11 0 8
11 0 9
11 0 10
11 1 8
11 1 9
11 1 10
11 2 8
11 2 9
11 2 10
11 3 8
11 3 9
11 9 35
11 10 34
11 10 35
11 10 36
11 11 34
11 11 35
11 11 36
11 12 34
11 12 35
11 13 34
11 13 35
11 21 2
11 21 3
11 21 4
11 22 1
11 22 2
11 22 3
11 22 4
11 22 5
11 22 6
11 22 7
11 23 1
11 23 2
11 23 3
11 23 4
11 23 5
11 23 6
11 23 7
11 23 8
11 23 9
11 23 10
11 24 4
11 24 5
11 24 6
11 24 7
11 24 8
11 24 9
11 24 10
11 24 11
11 24 12
11 24 13
11 25 8
11 25 9
11 25 10
11 25 11
11 25 12
11 25 13
11 25 14
11 25 15
11 25 16
11 26 13
11 26 14
11 26 15
11 26 16
11 26 17
11 26 18
11 26 19
11 28 29
11 29 28
11 29 29
11 29 30
11 30 28
11 30 29
11 30 30
11 31 28
11 31 29
12 0 8
12 0 9
12 1 8
12 1 9
12 1 10
12 2 8
12 2 9
12 2 10
12 3 8
12 3 9
12 4 8
12 4 9
12 10 34
12 10 35
12 11 34
12 11 35
12 11 36
12 12 34
12 12 35
12 12 36
12 13 34
12 13 35
12 21 2
12 21 3
12 21 4
12 22 1
12 22 2
12 22 3
12 22 4
12 22 5
12 22 6
12 23 2
12 23 3
12 23 4
12 23 5
12 23 6
12 23 7
12 23 8
12 23 9
12 28 29
12 28 30
12 29 28
12 29 29
12 29 30
12 30 28
12 30 29
12 30 30
12 31 28
12 31 29
13 1 8
13 1 9
13 1 10
13 2 8
13 2 9
13 2 10
13 3 8
13 3 9
13 4 8
13 4 9
13 11 34
13 11 35
13 11 36
13 12 34
13 12 35
13 12 36
13 13 34
13 13 35
13 13 36
13 14 34
13 14 35
13 21 2
13 21 3
13 21 4
13 22 2
13 22 3
13 22 4
13 23 2
13 23 3
13 28 29
13 28 30
13 29 28
13 29 29
13 29 30
13 30 28
13 30 29
13 30 30
13 31 29
14 1 8
14 1 9
14 2 8
14 2 9
14 2 10
14 3 7
14 3 8
14 3 9
14 3 10
14 4 8
14 4 9
14 5 8
14 5 9
14 11 27
14 11 28
14 11 29
14 11 30
14 11 31
14 11 32
14 11 33
14 11 34
14 11 35
14 12 27
14 12 28
14 12 29
14 12 30
14 12 31
14 12 32
14 12 33
14 12 34
14 12 35
14 12 36
14 13 29
14 13 30
14 13 31
14 13 32
14 13 33
14 13 34
14 13 35
14 13 36
14 14 32
14 14 33
14 14 34
14 14 35
14 20 2
14 20 3
14 20 4
14 21 2
14 21 3
14 21 4
14 22 2
14 22 3
14 22 4
14 23 2
14 23 3
14 28 29
14 28 30
14 29 29
14 29 30
14 29 31
14 30 29
14 30 30
15 2 8
15 2 9
15 3 7
15 3 8
15 3 9
15 3 10
15 4 7
15 4 8
15 4 9
15 5 7
15 5 8
15 5 9
15 8 17
15 8 18
15 8 19
15 8 20
15 8 21
15 8 22
15 8 23
15 9 17
15 9 18
15 9 19
15 9 20
15 9 21
15 9 22
15 9 23
15 9 24
15 9 25
15 9 26
15 10 20
15 10 21
15 10 22
15 10 23
15 10 24
15 10 25
15 10 26
15 10 27
15 10 28
15 10 29
15 10 30
15 11 22
15 11 23
15 11 24
15 11 25
15 11 26
15 11 27
15 11 28
15 11 29
15 11 30
15 11 31
15 11 32
15 12 25
15 12 26
15 12 27
15 12 28
15 12 29
15 12 30
15 12 31
15 12 32
15 12 33
15 12 34
15 12 35
15 13 28
15 13 29
15 13 30
15 13 31
15 13 32
15 13 33
15 13 34
15 13 35
15 13 36
15 14 32
15 14 33
15 14 34
15 14 35
15 14 36
15 15 34
15 20 2
15 20 3
15 20 4
15 21 2
15 21 3
15 21 4
15 22 2
15 22 3
15 22 4
15 23 3
15 28 29
15 28 30
15 29 29
15 29 30
15 29 31
15 30 29
15 30 30
16 3 8
16 3 9
16 4 7
16 4 8
16 4 9
16 5 7
16 5 8
16 5 9
16 5 10
16 5 11
16 5 12
16 5 13
16 6 7
16 6 8
16 6 9
16 6 10
16 6 11
16 6 12
16 6 13
16 6 14
16 6 15
16 6 16
16 6 17
16 7 10
16 7 11
16 7 12
16 7 13
16 7 14
16 7 15
16 7 16
16 7 17
16 7 18
16 7 19
16 7 20
16 8 12
16 8 13
16 8 14
16 8 15
16 8 16
16 8 17
16 8 18
16 8 19
16 8 20
16 8 21
16 8 22
16 8 23
16 9 15
16 9 16
16 9 17
16 9 18
16 9 19
16 9 20
16 9 21
16 9 22
16 9 23
16 9 24
16 9 25
16 9 26
16 10 18
16 10 19
16 10 20
16 10 21
16 10 22
16 10 23
16 10 24
16 10 25
16 10 26
16 10 27
16 10 28
16 11 22
16 11 23
16 11 24
16 11 25
16 11 26
16 11 27
16 11 28
16 11 29
16 11 30
16 11 31
16 12 28
16 12 29
16 12 30
16 12 31
16 12 32
16 12 33
16 13 34
16 13 35
16 13 36
16 14 34
16 14 35
16 14 36
16 15 34
16 15 35
16 16 34
16 20 2
16 20 3
16 20 4
16 21 2
16 21 3
16 21 4
16 22 2
16 22 3
16 22 4
16 28 29
16 28 30
16 28 31
16 29 29
16 29 30
16 29 31
16 30 29
16 30 30
17 3 8
17 4 7
17 4 8
17 4 9
17 4 10
17 5 7
17 5 8
17 5 9
17 5 10
17 5 11
17 5 12
17 5 13
17 6 7
17 6 8
17 6 9
17 6 10
17 6 11
17 6 12
17 6 13
17 6 14
17 6 15
17 6 16
17 7 8
17 7 9
17 7 10
17 7 11
17 7 12
17 7 13
17 7 14
17 7 15
17 7 16
17 7 17
17 7 18
17 7 19
17 8 12
17 8 13
17 8 14
17 8 15
17 8 16
17 8 17
17 8 18
17 8 19
17 8 20
17 8 21
17 9 18
17 9 19
17 9 20
17 9 21
17 9 22
17 9 23
17 13 34
17 13 35
17 14 34
17 14 35
17 14 36
17 15 33
17 15 34
17 15 35
17 16 33
17 16 34
17 16 35
17 20 2
17 20 3
17 20 4
17 21 2
17 21 3
17 21 4
17 22 2
17 22 3
17 22 4
17 27 30
17 27 31
17 28 29
17 28 30
17 28 31
17 29 29
17 29 30
17 29 31
17 30 29
17 30 30
18 4 7
18 4 8
18 4 9
18 5 7
18 5 8
18 5 9
18 5 10
18 5 11
18 6 7
18 6 8
18 6 9
18 6 10
18 6 11
18 6 12
18 6 13
18 7 7
18 7 8
18 7 9
18 14 34
18 14 35
18 15 33
18 15 34
18 15 35
18 16 33
18 16 34
18 16 35
18 17 33
18 17 34
18 17 35
18 20 3
18 20 4
18 21 2
18 21 3
18 21 4
18 22 2
18 22 3
18 22 4
18 27 30
18 27 31
18 28 29
18 28 30
18 28 31
18 29 29
18 29 30
18 29 31
18 30 29
18 30 30
19 5 7
19 5 8
19 5 9
19 6 7
19 6 8
19 6 9
19 7 7
19 7 8
19 7 9
19 8 7
19 8 8
19 14 34
19 15 33
19 15 34
19 15 35
19 16 33
19 16 34
19 16 35
19 17 33
19 17 34
19 17 35
19 18 33
19 18 34
19 19 3
19 20 3
19 20 4
19 20 5
19 21 3
19 21 4
19 22 3
19 22 4
19 27 30
19 27 31
19 28 29
19 28 30
19 28 31
19 29 29
19 29 30
19 29 31
19 30 30
20 5 7
20 5 8
20 5 9
20 6 7
20 6 8
20 6 9
20 7 7
20 7 8
20 7 9
20 8 7
20 8 8
20 8 9
20 9 8
20 15 34
20 15 35
20 16 33
20 16 34
20 16 35
20 17 33
20 17 34
20 17 35
20 18 33
20 18 34
20 19 3
20 19 4
20 20 3
20 20 4
20 20 5
20 21 3
20 21 4
20 21 5
20 22 3
20 22 4
20 27 30
20 27 31
20 28 30
20 28 31
20 29 30
20 29 31
21 6 7
21 6 8
21 6 9
21 7 7
21 7 8
21 7 9
21 8 7
21 8 8
21 8 9
21 9 7
21 9 8
21 16 33
21 16 34
21 16 35
21 17 33
21 17 34
21 17 35
21 18 33
21 18 34
21 18 35
21 19 3
21 19 4
21 19 5
21 19 33
21 19 34
21 20 3
21 20 4
21 20 5
21 21 3
21 21 4
21 21 5
21 22 4
21 27 30
21 27 31
21 28 30
21 28 31
21 28 32
21 29 30
21 29 31
22 6 8
22 7 7
22 7 8
22 7 9
22 8 7
22 8 8
22 8 9
22 9 7
22 9 8
22 9 9
22 10 7
22 10 8
22 16 33
22 16 34
22 17 33
22 17 34
22 17 35
22 18 33
22 18 34
22 18 35
22 19 3
22 19 4
22 19 5
22 19 33
22 19 34
22 19 35
22 20 3
22 20 4
22 20 5
22 21 3
22 21 4
22 21 5
22 27 30
22 27 31
22 27 32
22 28 30
22 28 31
22 28 32
22 29 30
22 29 31
23 7 7
23 7 8
23 8 7
23 8 8
23 8 9
23 9 7
23 9 8
23 9 9
23 10 7
23 10 8
23 17 33
23 17 34
23 18 33
23 18 34
23 18 35
23 19 3
23 19 4
23 19 5
23 19 33
23 19 34
23 19 35
23 20 3
23 20 4
23 20 5
23 20 33
23 20 34
23 21 3
23 21 4
23 21 5
23 26 30
23 26 31
23 27 30
23 27 31
23 27 32
23 28 30
23 28 31
23 28 32
23 29 30
23 29 31
24 8 7
24 8 8
24 8 9
24 9 7
24 9 8
24 9 9
24 10 7
24 10 8
24 11 7
24 11 8
24 18 5
24 18 33
24 18 34
24 18 35
24 19 3
24 19 4
24 19 5
24 19 33
24 19 34
24 19 35
24 20 3
24 20 4
24 20 5
24 20 33
24 20 34
24 20 35
24 21 3
24 21 4
24 21 5
24 21 33
24 21 34
24 26 31
24 26 32
24 27 30
24 27 31
24 27 32
24 28 30
24 28 31
24 28 32
24 29 31
24 40 18
24 40 19
24 40 20
24 40 21
24 40 26
24 41 19
24 41 20
24 41 21
24 41 22
24 41 23
24 41 24
24 41 25
24 41 26
24 42 20
24 42 21
24 42 22
24 42 23
24 42 24
24 42 25
24 42 26
25 8 7
25 9 7
25 9 8
25 9 9
25 10 7
25 10 8
25 10 9
25 11 7
25 11 8
25 18 4
25 18 5
25 18 34
25 19 4
25 19 5
25 19 6
25 19 33
25 19 34
25 19 35
25 20 4
25 20 5
25 20 33
25 20 34
25 20 35
25 21 4
25 21 5
25 21 33
25 21 34
25 22 33
25 26 31
25 26 32
25 27 30
25 27 31
25 27 32
25 28 30
25 28 31
25 28 32
25 37 8
25 37 9
25 37 10
25 37 11
25 38 9
25 38 10
25 38 11
25 38 12
25 38 13
25 38 14
25 38 15
25 38 27
25 38 28
25 39 10
25 39 11
25 39 12
25 39 13
25 39 14
25 39 15
25 39 16
25 39 17
25 39 18
25 39 26
25 39 27
25 39 28
25 40 13
25 40 14
25 40 15
25 40 16
25 40 17
25 40 18
25 40 19
25 40 20
25 40 21
25 40 22
25 40 25
25 40 26
25 40 27
25 41 16
25 41 17
25 41 18
25 41 19
25 41 20
25 41 21
25 41 22
25 41 23
25 41 24
25 41 25
25 41 26
25 41 27
25 42 20
25 42 21
25 42 22
25 42 23
25 42 24
25 42 25
25 42 26
26 9 7
26 9 8
26 10 7
26 10 8
26 10 9
26 11 6
26 11 7
26 11 8
26 12 6
26 12 7
26 12 8
26 18 4
26 18 5
26 19 4
26 19 5
26 19 6
26 19 33
26 19 34
26 19 35
26 20 4
26 20 5
26 20 33
26 20 34
26 20 35
26 21 4
26 21 5
26 21 33
26 21 34
26 22 33
26 26 31
26 26 32
26 27 30
26 27 31
26 27 32
26 28 31
26 28 32
26 34 2
26 35 1
26 35 2
26 35 3
26 35 4
26 35 5
26 35 28
26 35 29
26 36 2
26 36 3
26 36 4
26 36 5
26 36 6
26 36 7
26 36 8
26 36 27
26 36 28
26 36 29
26 37 4
26 37 5
26 37 6
26 37 7
26 37 8
26 37 9
26 37 10
26 37 11
26 37 12
26 37 27
26 37 28
26 38 7
26 38 8
26 38 9
26 38 10
26 38 11
26 38 12
26 38 13
26 38 14
26 38 15
26 38 27
26 38 28
26 39 10
26 39 11
26 39 12
26 39 13
26 39 14
26 39 15
26 39 16
26 39 17
26 39 18
26 39 26
26 39 27
26 39 28
26 40 13
26 40 14
26 40 15
26 40 16
26 40 17
26 40 18
26 40 19
26 40 20
26 40 21
26 40 22
26 40 23
26 40 24
26 40 25
26 40 26
26 40 27
26 41 17
26 41 18
26 41 19
26 41 20
26 41 21
26 41 22
26 41 23
26 41 24
26 41 25
26 41 26
26 42 20
26 42 21
26 42 22
26 42 23
26 42 24
26 42 25
27 9 7
27 10 7
27 10 8
27 11 6
27 11 7
27 11 8
27 12 6
27 12 7
27 12 8
27 13 6
27 13 7
27 18 4
27 18 5
27 18 6
27 19 4
27 19 5
27 19 6
27 19 33
27 19 34
27 20 4
27 20 5
27 20 6
27 20 33
27 20 34
27 20 35
27 21 5
27 21 33
27 21 34
27 21 35
27 22 33
27 22 34
27 25 32
27 26 31
27 26 32
27 26 33
27 27 31
27 27 32
27 27 33
27 28 31
27 28 32
27 32 1
27 32 2
27 32 29
27 32 30
27 33 1
27 33 2
27 33 28
27 33 29
27 33 30
27 34 1
27 34 2
27 34 3
27 34 28
27 34 29
27 35 1
27 35 2
27 35 3
27 35 4
27 35 5
27 35 6
27 35 28
27 35 29
27 36 2
27 36 3
27 36 4
27 36 5
27 36 6
27 36 7
27 36 8
27 36 9
27 36 27
27 36 28
27 36 29
27 37 3
27 37 4
27 37 5
27 37 6
27 37 7
27 37 8
27 37 9
27 37 10
27 37 11
27 37 12
27 37 13
27 37 14
27 37 15
27 37 16
27 37 17
27 37 18
27 37 19
27 37 20
27 37 21
27 37 22
27 37 23
27 37 24
27 37 25
27 37 26
27 37 27
27 37 28
27 38 7
27 38 8
27 38 9
27 38 10
27 38 11
27 38 12
27 38 13
27 38 14
27 38 15
27 38 16
27 38 17
27 38 18
27 38 19
27 38 20
27 38 21
27 38 22
27 38 23
27 38 24
27 38 25
27 38 26
27 38 27
27 38 28
27 39 10
27 39 11
27 39 12
27 39 13
27 39 14
27 39 15
27 39 16
27 39 17
27 39 18
27 39 19
27 39 20
27 39 21
27 39 22
27 39 23
27 39 24
27 39 25
27 39 26
27 39 27
27 40 14
27 40 15
27 40 16
27 40 17
27 40 18
27 40 19
27 40 20
27 40 21
27 40 22
27 40 23
27 40 24
27 40 25
27 40 26
27 40 27
27 41 17
27 41 18
27 41 19
27 41 20
27 41 21
27 41 22
27 41 23
27 41 24
27 41 25
27 41 26
27 42 21
27 42 22
27 42 23
27 42 24
27 42 25
28 10 7
28 10 8
28 11 6
28 11 7
28 11 8
28 12 6
28 12 7
28 12 8
28 13 6
28 13 7
28 13 8
28 14 7
28 18 4
28 18 5
28 18 6
28 19 4
28 19 5
28 19 6
28 20 4
28 20 5
28 20 33
28 20 34
28 21 33
28 21 34
28 21 35
28 22 32
28 22 33
28 22 34
28 23 32
28 23 33
28 23 34
28 24 33
28 25 32
28 25 33
28 25 34
28 26 31
28 26 32
28 26 33
28 27 31
28 27 32
28 27 33
28 28 31
28 28 32
28 29 2
28 29 3
28 29 30
28 29 31
28 30 2
28 30 3
28 30 29
28 30 30
28 30 31
28 31 1
28 31 2
28 31 3
28 31 29
28 31 30
28 32 1
28 32 2
28 32 29
28 32 30
28 33 1
28 33 2
28 33 28
28 33 29
28 33 30
28 34 1
28 34 2
28 34 3
28 34 4
28 34 5
28 34 6
28 34 7
28 34 8
28 34 9
28 34 10
28 34 11
28 34 12
28 34 13
28 34 14
28 34 15
28 34 16
28 34 17
28 34 18
28 34 19
28 34 20
28 34 21
28 34 22
28 34 23
28 34 24
28 34 25
28 34 26
28 34 27
28 34 28
28 34 29
28 35 1
28 35 2
28 35 3
28 35 4
28 35 5
28 35 6
28 35 7
28 35 8
28 35 9
28 35 10
28 35 11
28 35 12
28 35 13
28 35 14
28 35 15
28 35 16
28 35 17
28 35 18
28 35 19
28 35 20
28 35 21
28 35 22
28 35 23
28 35 24
28 35 25
28 35 26
28 35 27
28 35 28
28 35 29
28 36 2
28 36 3
28 36 4
28 36 5
28 36 6
28 36 7
28 36 8
28 36 9
28 36 10
28 36 11
28 36 12
28 36 13
28 36 14
28 36 15
28 36 16
28 36 17
28 36 18
28 36 19
28 36 20
28 36 21
28 36 22
28 36 23
28 36 24
28 36 25
28 36 26
28 36 27
28 36 28
28 37 4
28 37 5
28 37 6
28 37 7
28 37 8
28 37 9
28 37 10
28 37 11
28 37 12
28 37 13
28 37 14
28 37 15
28 37 16
28 37 17
28 37 18
28 37 19
28 37 20
28 37 21
28 37 22
28 37 23
28 37 24
28 37 25
28 37 26
28 37 27
28 37 28
28 38 8
28 38 9
28 38 10
28 38 11
28 38 12
28 38 13
28 38 14
28 38 15
28 38 16
28 38 17
28 38 18
28 38 19
28 38 20
28 38 21
28 38 22
28 38 23
28 38 24
28 38 25
28 38 26
28 38 27
28 39 11
28 39 12
28 39 13
28 39 14
28 39 15
28 39 16
28 39 17
28 39 18
28 39 19
28 39 20
28 39 21
28 39 22
28 39 23
28 39 24
28 39 25
28 39 26
28 39 27
28 40 17
28 40 18
28 40 19
28 40 20
28 40 21
28 40 22
28 40 23
28 40 24
28 40 25
28 40 26
29 11 6
29 11 7
29 11 8
29 12 6
29 12 7
29 12 8
29 13 6
29 13 7
29 13 8
29 14 6
29 14 7
29 18 4
29 18 5
29 18 6
29 19 4
29 19 5
29 19 6
29 20 4
29 20 5
29 21 33
29 21 34
29 22 32
29 22 33
29 22 34
29 23 32
29 23 33
29 23 34
29 24 32
29 24 33
29 24 34
29 25 31
29 25 32
29 25 33
29 25 34
29 26 3
29 26 4
29 26 31
29 26 32
29 26 33
29 26 34
29 27 3
29 27 4
29 27 30
29 27 31
29 27 32
29 27 33
29 28 2
29 28 3
29 28 4
29 28 30
29 28 31
29 28 32
29 29 2
29 29 3
29 29 29
29 29 30
29 29 31
29 30 2
29 30 3
29 30 10
29 30 11
29 30 12
29 30 13
29 30 14
29 30 15
29 30 16
29 30 17
29 30 23
29 30 25
29 30 26
29 30 27
29 30 28
29 30 29
29 30 30
29 30 31
29 31 1
29 31 2
29 31 3
29 31 4
29 31 5
29 31 6
29 31 7
29 31 8
29 31 9
29 31 10
29 31 11
29 31 12
29 31 13
29 31 14
29 31 15
29 31 16
29 31 17
29 31 18
29 31 19
29 31 20
29 31 21
29 31 22
29 31 23
29 31 24
29 31 25
29 31 26
29 31 27
29 31 28
29 31 29
29 31 30
29 32 1
29 32 2
29 32 3
29 32 4
29 32 5
29 32 6
29 32 7
29 32 8
29 32 9
29 32 10
29 32 11
29 32 12
29 32 13
29 32 14
29 32 15
29 32 16
29 32 17
29 32 18
29 32 19
29 32 20
29 32 21
29 32 22
29 32 23
29 32 24
29 32 25
29 32 26
29 32 27
29 32 28
29 32 29
29 32 30
29 33 1
29 33 2
29 33 3
29 33 4
29 33 5
29 33 6
29 33 7
29 33 8
29 33 9
29 33 10
29 33 11
29 33 12
29 33 13
29 33 14
29 33 15
29 33 16
29 33 17
29 33 18
29 33 19
29 33 20
29 33 21
29 33 22
29 33 23
29 33 24
29 33 25
29 33 26
29 33 27
29 33 28
29 33 29
29 34 2
29 34 3
29 34 4
29 34 5
29 34 6
29 34 7
29 34 8
29 34 9
29 34 10
29 34 11
29 34 12
29 34 13
29 34 14
29 34 15
29 34 16
29 34 17
29 34 18
29 34 19
29 34 20
29 34 21
29 34 22
29 34 23
29 34 24
29 34 25
29 34 26
29 34 27
29 34 28
29 34 29
29 35 2
29 35 3
29 35 4
29 35 5
29 35 6
29 35 7
29 35 8
29 35 9
29 35 10
29 35 11
29 35 12
29 35 13
29 35 14
29 35 15
29 35 16
29 35 17
29 35 18
29 35 19
29 35 20
29 35 21
29 35 22
29 35 23
29 35 24
29 35 25
29 35 26
29 35 27
29 35 28
29 36 3
29 36 4
29 36 5
29 36 6
29 36 7
29 36 8
29 36 9
29 36 10
29 36 11
29 36 12
29 36 13
29 36 14
29 36 15
29 36 16
29 36 17
29 36 18
29 36 19
29 36 20
29 36 21
29 36 22
29 36 23
29 36 24
29 36 25
29 36 26
29 36 27
29 36 28
29 37 7
29 37 8
29 37 9
29 37 10
29 37 11
29 37 12
29 37 13
29 37 14
29 37 15
29 37 16
29 37 17
29 37 18
29 37 19
29 37 20
29 37 21
29 37 22
29 37 23
29 37 24
29 37 25
29 37 26
29 37 27
30 12 6
30 12 7
30 12 8
30 13 6
30 13 7
30 13 8
30 14 6
30 14 7
30 14 8
30 15 6
30 15 7
30 17 5
30 18 4
30 18 5
30 18 6
30 19 4
30 19 5
30 19 6
30 20 4
30 20 5
30 20 6
30 21 33
30 22 32
30 22 33
30 22 34
30 23 4
30 23 5
30 23 32
30 23 33
30 23 34
30 24 4
30 24 5
30 24 31
30 24 32
30 24 33
30 24 34
30 25 3
30 25 4
30 25 5
30 25 31
30 25 32
30 25 33
30 25 34
30 26 3
30 26 4
30 26 5
30 26 30
30 26 31
30 26 32
30 26 33
30 27 3
30 27 4
30 27 5
30 27 7
30 27 8
30 27 9
30 27 10
30 27 11
30 27 12
30 27 14
30 27 15
30 27 16
30 27 17
30 27 18
30 27 19
30 27 20
30 27 22
30 27 23
30 27 24
30 27 25
30 27 26
30 27 27
30 27 28
30 27 29
30 27 30
30 27 31
30 27 32
30 27 33
30 28 2
30 28 3
30 28 4
30 28 5
30 28 6
30 28 7
30 28 8
30 28 9
30 28 10
30 28 11
30 28 12
30 28 13
30 28 14
30 28 15
30 28 16
30 28 17
30 28 18
30 28 19
30 28 20
30 28 21
30 28 22
30 28 23
30 28 24
30 28 25
30 28 26
30 28 27
30 28 28
30 28 29
30 28 30
30 28 31
30 28 32
30 29 2
30 29 3
30 29 4
30 29 5
30 29 6
30 29 7
30 29 8
30 29 9
30 29 10
30 29 11
30 29 12
30 29 13
30 29 14
30 29 15
30 29 16
30 29 17
30 29 18
30 29 19
30 29 20
30 29 21
30 29 22
30 29 23
30 29 24
30 29 25
30 29 26
30 29 27
30 29 28
30 29 29
30 29 30
30 29 31
30 30 2
30 30 3
30 30 4
30 30 5
30 30 6
30 30 7
30 30 8
30 30 9
30 30 10
30 30 11
30 30 12
30 30 13
30 30 14
30 30 15
30 30 16
30 30 17
30 30 18
30 30 19
30 30 20
30 30 21
30 30 22
30 30 23
30 30 24
30 30 25
30 30 26
30 30 27
30 30 28
30 30 29
30 30 30
30 31 2
30 31 3
30 31 4
30 31 5
30 31 6
30 31 7
30 31 8
30 31 9
30 31 10
30 31 11
30 31 12
30 31 13
30 31 14
30 31 15
30 31 16
30 31 17
30 31 18
30 31 19
30 31 20
30 31 21
30 31 22
30 31 23
30 31 24
30 31 25
30 31 26
30 31 27
30 31 28
30 31 29
30 31 30
30 32 2
30 32 3
30 32 4
30 32 5
30 32 6
30 32 7
30 32 8
30 32 9
30 32 10
30 32 11
30 32 12
30 32 13
30 32 14
30 32 15
30 32 16
30 32 17
30 32 18
30 32 19
30 32 20
30 32 21
30 32 22
30 32 23
30 32 24
30 32 25
30 32 26
30 32 27
30 32 28
30 32 29
30 33 2
30 33 3
30 33 4
30 33 5
30 33 6
30 33 7
30 33 8
30 33 9
30 33 10
30 33 11
30 33 12
30 33 13
30 33 14
30 33 15
30 33 16
30 33 17
30 33 18
30 33 19
30 33 20
30 33 21
30 33 22
30 33 23
30 33 24
30 33 25
30 33 26
30 33 27
30 33 28
30 33 29
30 34 3
30 34 4
30 34 5
30 34 6
30 34 7
30 34 8
30 34 9
30 34 10
30 34 11
30 34 12
30 34 13
30 34 14
30 34 15
30 34 16
30 34 17
30 34 18
30 34 19
30 34 20
30 34 21
30 34 22
30 34 23
30 34 24
30 34 25
30 34 26
30 34 27
30 34 28
31 12 6
31 12 7
31 12 8
31 13 6
31 13 7
31 13 8
31 14 6
31 14 7
31 14 8
31 15 6
31 15 7
31 16 5
31 17 4
31 17 5
31 17 6
31 18 4
31 18 5
31 18 6
31 18 27
31 18 28
31 18 29
31 19 4
31 19 5
31 19 6
31 19 28
31 19 29
31 19 30
31 19 31
31 20 5
31 20 6
31 20 29
31 20 30
31 20 31
31 20 32
31 21 5
31 21 6
31 21 31
31 21 32
31 21 33
31 22 4
31 22 5
31 22 6
31 22 32
31 22 33
31 22 34
31 23 4
31 23 5
31 23 6
31 23 32
31 23 33
31 23 34
31 23 35
31 24 4
31 24 5
31 24 6
31 24 7
31 24 8
31 24 9
31 24 10
31 24 11
31 24 12
31 24 13
31 24 14
31 24 15
31 24 16
31 24 17
31 24 18
31 24 19
31 24 20
31 24 21
31 24 22
31 24 23
31 24 24
31 24 25
31 24 26
31 24 27
31 24 28
31 24 29
31 24 30
31 24 31
31 24 32
31 24 33
31 24 34
31 25 4
31 25 5
31 25 6
31 25 7
31 25 8
31 25 9
31 25 10
31 25 11
31 25 12
31 25 13
31 25 14
31 25 15
31 25 16
31 25 17
31 25 18
31 25 19
31 25 20
31 25 21
31 25 22
31 25 23
31 25 24
31 25 25
31 25 26
31 25 27
31 25 28
31 25 29
31 25 30
31 25 31
31 25 32
31 25 33
31 25 34
31 26 3
31 26 4
31 26 5
31 26 6
31 26 7
31 26 8
31 26 9
31 26 10
31 26 11
31 26 12
31 26 13
31 26 14
31 26 15
31 26 16
31 26 17
31 26 18
31 26 19
31 26 20
31 26 21
31 26 22
31 26 23
31 26 24
31 26 25
31 26 26
31 26 27
31 26 28
31 26 29
31 26 30
31 26 31
31 26 32
31 26 33
31 27 3
31 27 4
31 27 5
31 27 6
31 27 7
31 27 8
31 27 9
31 27 10
31 27 11
31 27 12
31 27 13
31 27 14
31 27 15
31 27 16
31 27 17
31 27 18
31 27 19
31 27 20
31 27 21
31 27 22
31 27 23
31 27 24
31 27 25
31 27 26
31 27 27
31 27 28
31 27 29
31 27 30
31 27 31
31 27 32
31 27 33
31 28 3
31 28 4
31 28 5
31 28 6
31 28 7
31 28 8
31 28 9
31 28 10
31 28 11
31 28 12
31 28 13
31 28 14
31 28 15
31 28 16
31 28 17
31 28 18
31 28 19
31 28 20
31 28 21
31 28 22
31 28 23
31 28 24
31 28 25
31 28 26
31 28 27
31 28 28
31 28 29
31 28 30
31 28 31
31 29 3
31 29 4
31 29 5
31 29 6
31 29 7
31 29 8
31 29 9
31 29 10
31 29 11
31 29 12
31 29 13
31 29 14
31 29 15
31 29 16
31 29 17
31 29 18
31 29 19
31 29 20
31 29 21
31 29 22
31 29 23
31 29 24
31 29 25
31 29 26
31 29 27
31 29 28
31 29 29
31 29 30
31 30 3
31 30 4
31 30 5
31 30 6
31 30 7
31 30 8
31 30 9
31 30 10
31 30 11
31 30 12
31 30 13
31 30 14
31 30 15
31 30 16
31 30 17
31 30 18
31 30 19
31 30 20
31 30 21
31 30 22
31 30 23
31 30 24
31 30 25
31 30 26
31 30 27
31 30 28
31 30 29
31 31 3
31 31 4
31 31 5
31 31 6
31 31 7
31 31 8
31 31 9
31 31 10
31 31 11
31 31 12
31 31 13
31 31 14
31 31 15
31 31 16
31 31 17
31 31 18
31 31 19
31 31 20
31 31 21
31 31 22
31 31 23
31 31 24
31 31 25
31 31 26
31 31 27
31 31 28
31 31 29
32 13 6
32 13 7
32 13 8
32 14 6
32 14 7
32 14 8
32 15 5
32 15 6
32 15 7
32 15 8
32 15 18
32 15 19
32 16 4
32 16 5
32 16 6
32 16 7
32 16 18
32 16 19
32 16 20
32 16 21
32 16 22
32 17 4
32 17 5
32 17 6
32 17 7
32 17 19
32 17 20
32 17 21
32 17 22
32 17 23
32 17 24
32 17 25
32 17 26
32 18 4
32 18 5
32 18 6
32 18 7
32 18 21
32 18 22
32 18 23
32 18 24
32 18 25
32 18 26
32 18 27
32 18 28
32 18 29
32 19 4
32 19 5
32 19 6
32 19 7
32 19 24
32 19 25
32 19 26
32 19 27
32 19 28
32 19 29
32 19 30
32 19 31
32 20 5
32 20 6
32 20 7
32 20 26
32 20 27
32 20 28
32 20 29
32 20 30
32 20 31
32 20 32
32 20 33
32 21 5
32 21 6
32 21 7
32 21 8
32 21 9
32 21 10
32 21 11
32 21 12
32 21 13
32 21 14
32 21 15
32 21 16
32 21 17
32 21 18
32 21 19
32 21 20
32 21 21
32 21 22
32 21 23
32 21 24
32 21 25
32 21 26
32 21 27
32 21 28
32 21 29
32 21 30
32 21 31
32 21 32
32 21 33
32 22 5
32 22 6
32 22 7
32 22 8
32 22 9
32 22 10
32 22 11
32 22 12
32 22 13
32 22 14
32 22 15
32 22 16
32 22 17
32 22 18
32 22 19
32 22 20
32 22 21
32 22 22
32 22 23
32 22 24
32 22 25
32 22 26
32 22 27
32 22 28
32 22 29
32 22 30
32 22 31
32 22 32
32 22 33
32 23 5
32 23 6
32 23 7
32 23 8
32 23 9
32 23 10
32 23 11
32 23 12
32 23 13
32 23 14
32 23 15
32 23 16
32 23 17
32 23 18
32 23 19
32 23 20
32 23 21
32 23 22
32 23 23
32 23 24
32 23 25
32 23 26
32 23 27
32 23 28
32 23 29
32 23 30
32 23 31
32 23 32
32 23 33
32 23 34
32 24 4
32 24 5
32 24 6
32 24 7
32 24 8
32 24 9
32 24 10
32 24 11
32 24 12
32 24 13
32 24 14
32 24 15
32 24 16
32 24 17
32 24 18
32 24 19
32 24 20
32 24 21
32 24 22
32 24 23
32 24 24
32 24 25
32 24 26
32 24 27
32 24 28
32 24 29
32 24 30
32 24 31
32 24 32
32 24 33
32 24 34
32 25 4
32 25 5
32 25 6
32 25 7
32 25 8
32 25 9
32 25 10
32 25 11
32 25 12
32 25 13
32 25 14
32 25 15
32 25 16
32 25 17
32 25 18
32 25 19
32 25 20
32 25 21
32 25 22
32 25 23
32 25 24
32 25 25
32 25 26
32 25 27
32 25 28
32 25 29
32 25 30
32 25 31
32 25 32
32 25 33
32 25 34
32 26 4
32 26 5
32 26 6
32 26 7
32 26 8
32 26 9
32 26 10
32 26 11
32 26 12
32 26 13
32 26 14
32 26 15
32 26 16
32 26 17
32 26 18
32 26 19
32 26 20
32 26 21
32 26 22
32 26 23
32 26 24
32 26 25
32 26 26
32 26 27
32 26 28
32 26 29
32 26 30
32 26 31
32 26 32
32 26 33
32 27 4
32 27 5
32 27 6
32 27 7
32 27 8
32 27 9
32 27 10
32 27 11
32 27 12
32 27 13
32 27 14
32 27 15
32 27 16
32 27 17
32 27 18
32 27 19
32 27 20
32 27 21
32 27 22
32 27 23
32 27 24
32 27 25
32 27 26
32 27 27
32 27 28
32 27 29
32 27 30
32 27 31
32 27 32
32 27 33
32 28 6
32 28 7
32 28 8
32 28 21
32 28 22
32 28 23
33 13 6
33 13 7
33 13 8
33 13 9
33 13 10
33 13 11
33 13 12
33 13 13
33 14 6
33 14 7
33 14 8
33 14 9
33 14 10
33 14 11
33 14 12
33 14 13
33 14 14
33 14 15
33 14 16
33 15 5
33 15 6
33 15 7
33 15 8
33 15 9
33 15 10
33 15 11
33 15 12
33 15 13
33 15 14
33 15 15
33 15 16
33 15 17
33 15 18
33 15 19
33 15 20
33 16 4
33 16 5
33 16 6
33 16 7
33 16 8
33 16 14
33 16 15
33 16 16
33 16 17
33 16 18
33 16 19
33 16 20
33 16 21
33 16 22
33 16 23
33 17 4
33 17 5
33 17 6
33 17 7
33 17 8
33 17 16
33 17 17
33 17 18
33 17 19
33 17 20
33 17 21
33 17 22
33 17 23
33 17 24
33 17 25
33 17 26
33 18 4
33 18 5
33 18 6
33 18 7
33 18 8
33 18 9
33 18 10
33 18 11
33 18 12
33 18 13
33 18 14
33 18 15
33 18 16
33 18 17
33 18 18
33 18 19
33 18 20
33 18 21
33 18 22
33 18 23
33 18 24
33 18 25
33 18 26
33 18 27
33 18 28
33 19 5
33 19 6
33 19 7
33 19 8
33 19 9
33 19 10
33 19 11
33 19 12
33 19 13
33 19 14
33 19 15
33 19 16
33 19 17
33 19 18
33 19 19
33 19 20
33 19 21
33 19 22
33 19 23
33 19 24
33 19 25
33 19 26
33 19 27
33 19 28
33 19 29
33 19 30
33 19 31
33 20 6
33 20 7
33 20 8
33 20 9
33 20 10
33 20 11
33 20 12
33 20 13
33 20 14
33 20 15
33 20 16
33 20 17
33 20 18
33 20 19
33 20 20
33 20 21
33 20 22
33 20 23
33 20 24
33 20 25
33 20 26
33 20 27
33 20 28
33 20 29
33 20 30
33 20 31
33 21 5
33 21 6
33 21 7
33 21 8
33 21 9
33 21 10
33 21 11
33 21 12
33 21 13
33 21 14
33 21 15
33 21 16
33 21 17
33 21 18
33 21 19
33 21 20
33 21 21
33 21 22
33 21 23
33 21 24
33 21 25
33 21 26
33 21 27
33 21 28
33 21 29
33 21 30
33 21 31
33 21 32
33 22 5
33 22 6
33 22 7
33 22 8
33 22 9
33 22 10
33 22 11
33 22 12
33 22 13
33 22 14
33 22 15
33 22 16
33 22 17
33 22 18
33 22 19
33 22 20
33 22 21
33 22 22
33 22 23
33 22 24
33 22 25
33 22 26
33 22 27
33 22 28
33 22 29
33 22 30
33 22 31
33 22 32
33 23 5
33 23 6
33 23 7
33 23 8
33 23 9
33 23 10
33 23 11
33 23 12
33 23 13
33 23 14
33 23 15
33 23 16
33 23 17
33 23 18
33 23 19
33 23 20
33 23 21
33 23 22
33 23 23
33 23 24
33 23 25
33 23 26
33 23 27
33 23 28
33 23 29
33 23 30
33 23 31
33 23 32
33 23 33
33 24 5
33 24 6
33 24 7
33 24 8
33 24 9
33 24 10
33 24 11
33 24 12
33 24 13
33 24 14
33 24 15
33 24 16
33 24 17
33 24 18
33 24 19
33 24 20
33 24 21
33 24 22
33 24 23
33 24 24
33 24 25
33 24 26
33 24 27
33 24 28
33 24 29
33 24 30
33 24 31
33 24 32
33 24 33
33 24 34
33 25 32
33 25 33
33 25 34
33 26 32
33 26 33
33 26 34
33 27 32
33 27 33
34 13 8
34 13 9
34 13 10
34 13 11
34 13 12
34 13 13
34 14 5
34 14 6
34 14 7
34 14 8
34 14 9
34 14 10
34 14 11
34 14 12
34 14 13
34 14 14
34 14 15
34 14 16
34 15 5
34 15 6
34 15 7
34 15 8
34 15 9
34 15 10
34 15 11
34 15 12
34 15 13
34 15 14
34 15 15
34 15 16
34 15 17
34 15 18
34 16 5
34 16 6
34 16 7
34 16 8
34 16 9
34 16 10
34 16 11
34 16 12
34 16 13
34 16 14
34 16 15
34 16 16
34 16 17
34 16 18
34 16 19
34 16 20
34 16 21
34 17 4
34 17 5
34 17 6
34 17 7
34 17 8
34 17 9
34 17 10
34 17 11
34 17 12
34 17 13
34 17 14
34 17 15
34 17 16
34 17 17
34 17 18
34 17 19
34 17 20
34 17 21
34 17 22
34 17 23
34 18 5
34 18 6
34 18 7
34 18 8
34 18 9
34 18 10
34 18 11
34 18 12
34 18 13
34 18 14
34 18 15
34 18 16
34 18 17
34 18 18
34 18 19
34 18 20
34 18 21
34 18 22
34 18 23
34 18 24
34 18 25
34 19 5
34 19 6
34 19 7
34 19 8
34 19 9
34 19 10
34 19 11
34 19 12
34 19 13
34 19 14
34 19 15
34 19 16
34 19 17
34 19 18
34 19 19
34 19 20
34 19 21
34 19 22
34 19 23
34 19 24
34 19 25
34 19 26
34 19 27
34 20 6
34 20 7
34 20 8
34 20 9
34 20 10
34 20 11
34 20 12
34 20 13
34 20 14
34 20 15
34 20 16
34 20 17
34 20 18
34 20 19
34 20 20
34 20 21
34 20 22
34 20 23
34 20 24
34 20 25
34 20 26
34 20 27
34 20 28
34 20 29
34 20 30
34 21 6
34 21 7
34 21 8
34 21 9
34 21 10
34 21 11
34 21 12
34 21 13
34 21 14
34 21 15
34 21 16
34 21 17
34 21 18
34 21 19
34 21 20
34 21 21
34 21 22
34 21 23
34 21 24
34 21 25
34 21 26
34 21 27
34 21 28
34 21 29
34 21 30
34 21 31
34 24 32
34 24 33
34 24 34
34 25 32
34 25 33
34 25 34
34 26 32
34 26 33
34 26 34
34 27 32
34 27 33
35 13 10
35 13 11
35 14 5
35 14 6
35 14 8
35 14 9
35 14 10
35 14 11
35 14 12
35 14 13
35 15 5
35 15 6
35 15 7
35 15 8
35 15 9
35 15 10
35 15 11
35 15 12
35 15 13
35 15 14
35 15 15
35 15 16
35 16 5
35 16 6
35 16 7
35 16 8
35 16 9
35 16 10
35 16 11
35 16 12
35 16 13
35 16 14
35 16 15
35 16 16
35 16 17
35 16 18
35 17 5
35 17 6
35 17 7
35 17 8
35 17 9
35 17 10
35 17 11
35 17 12
35 17 13
35 17 14
35 17 15
35 17 16
35 17 17
35 17 18
35 17 19
35 17 20
35 18 5
35 18 6
35 18 7
35 18 8
35 18 9
35 18 10
35 18 11
35 18 12
35 18 13
35 18 14
35 18 15
35 18 16
35 18 17
35 18 18
35 18 19
35 18 20
35 18 21
35 18 22
35 19 5
35 19 6
35 24 32
35 24 33
35 25 32
35 25 33
35 25 34
35 26 32
35 26 33
35 26 34
35 27 32
35 27 33
36 15 6
36 15 7
36 15 9
36 15 10
36 15 11
36 15 12
36 16 6
36 16 7
36 16 8
36 17 5
36 17 6
36 17 7
36 18 5
36 18 6
36 18 7
36 19 5
36 19 6
36 24 32
36 24 33
36 24 34
36 25 32
36 25 33
36 25 34
36 26 32
36 26 33
36 26 34
36 27 33
37 16 6
37 16 7
37 17 5
37 17 6
37 17 7
37 18 5
37 18 6
37 18 7
37 19 6
37 19 7
37 24 32
37 24 33
37 24 34
37 25 32
37 25 33
37 25 34
37 26 32
37 26 33
37 26 34
38 16 6
38 16 7
38 17 6
38 17 7
38 17 8
38 18 6
38 18 7
38 19 7
38 24 33
38 24 34
38 25 32
38 25 33
38 25 34
38 26 32
38 26 33
39 16 6
39 16 7
39 16 8
39 17 6
39 17 7
39 17 8
39 18 6
39 18 7
39 24 33
39 24 34
39 25 33
39 25 34
39 26 33
40 16 6
40 16 7
40 16 8
40 17 6
40 17 7
40 17 8
40 18 6
40 18 7
40 23 33
40 23 34
40 24 33
40 24 34
40 24 35
40 25 33
40 25 34
40 25 35
40 26 33
40 26 34
41 15 7
41 16 6
41 16 7
41 16 8
41 17 6
41 17 7
41 17 8
41 18 6
41 18 7
41 23 33
41 23 34
41 24 33
41 24 34
41 24 35
41 25 33
41 25 34
41 25 35
41 26 34
42 15 7
42 15 8
42 16 6
42 16 7
42 16 8
42 17 6
42 17 7
42 17 8
42 18 6
42 18 7
42 23 33
42 23 34
42 23 35
42 24 33
42 24 34
42 24 35
42 25 33
42 25 34
43 15 7
43 15 8
43 16 6
43 16 7
43 16 8
43 17 6
43 17 7
43 17 8
43 18 7
43 23 33
43 23 34
43 23 35
43 24 33
43 24 34
43 24 35
43 25 33
43 25 34
43 25 35
44 15 7
44 15 8
44 16 6
44 16 7
44 16 8
44 16 9
44 17 7
44 17 8
44 18 8
44 23 34
44 23 35
44 24 33
44 24 34
44 24 35
44 25 33
44 25 34
45 15 7
45 15 8
45 16 7
45 16 8
45 16 9
45 17 7
45 17 8
45 22 35
45 23 34
45 23 35
45 24 33
45 24 34
45 24 35
45 25 34
46 15 7
46 15 8
46 15 9
46 16 7
46 16 8
46 16 9
46 17 7
46 17 8
46 22 34
46 22 35
46 23 34
46 23 35
46 24 34
46 24 35
46 24 36
46 25 34
47 14 8
47 15 7
47 15 8
47 15 9
47 16 7
47 16 8
47 16 9
47 17 7
47 17 8
47 22 34
47 22 35
47 23 34
47 23 35
47 23 36
47 24 34
47 24 35
47 24 36
47 25 35
48 14 7
48 14 8
48 14 9
48 15 7
48 15 8
48 15 9
48 16 7
48 16 8
48 16 9
48 17 7
48 17 8
48 22 34
48 22 35
48 23 34
48 23 35
48 23 36
48 24 34
48 24 35
49 14 7
49 14 8
49 14 9
49 15 7
49 15 8
49 15 9
49 16 7
49 16 8
49 16 9
49 17 8
49 22 32
49 22 33
49 22 34
49 22 35
49 22 36
49 23 33
49 23 34
49 23 35
49 23 36
49 24 34
49 24 35
50 14 8
50 14 9
50 15 7
50 15 8
50 15 9
50 16 8
50 16 9
50 18 21
50 18 22
50 18 23
50 18 24
50 18 25
50 19 24
50 19 25
50 19 26
50 19 27
50 19 28
50 20 25
50 20 26
50 20 27
50 20 28
50 20 29
50 20 30
50 20 31
50 21 26
50 21 27
50 21 28
50 21 29
50 21 30
50 21 31
50 21 32
50 21 33
50 22 29
50 22 30
50 22 31
50 22 32
50 22 33
50 22 34
50 22 35
50 22 36
50 23 32
50 23 33
50 23 34
50 23 35
50 23 36
50 24 34
50 24 35
51 14 8
51 14 9
51 15 7
51 15 8
51 15 9
51 15 10
51 16 8
51 16 9
51 16 13
51 16 14
51 16 15
51 16 16
51 16 17
51 16 18
51 16 19
51 17 16
51 17 17
51 17 18
51 17 19
51 17 20
51 17 21
51 17 22
51 18 18
51 18 19
51 18 20
51 18 21
51 18 22
51 18 23
51 18 24
51 18 25
51 19 20
51 19 21
51 19 22
51 19 23
51 19 24
51 19 25
51 19 26
51 19 27
51 19 28
51 19 29
51 20 23
51 20 24
51 20 25
51 20 26
51 20 27
51 20 28
51 20 29
51 20 30
51 20 31
51 20 32
51 21 26
51 21 27
51 21 28
51 21 29
51 21 30
51 21 31
51 21 32
51 21 33
51 21 34
51 22 30
51 22 31
51 22 32
51 22 33
51 22 34
51 22 35
51 22 36
51 23 32
51 23 33
51 23 34
51 23 35
51 23 36
51 24 35
52 14 8
52 14 9
52 14 10
52 14 11
52 14 12
52 14 13
52 15 8
52 15 9
52 15 10
52 15 11
52 15 12
52 15 13
52 15 14
52 15 15
52 15 16
52 16 8
52 16 9
52 16 10
52 16 11
52 16 12
52 16 13
52 16 14
52 16 15
52 16 16
52 16 17
52 16 18
52 16 19
52 16 20
52 17 14
52 17 15
52 17 16
52 17 17
52 17 18
52 17 19
52 17 20
52 17 21
52 17 22
52 18 17
52 18 18
52 18 19
52 18 20
52 18 21
52 18 22
52 18 23
52 18 24
52 18 25
52 18 26
52 19 20
52 19 21
52 19 22
52 19 23
52 19 24
52 19 25
52 19 26
52 19 27
52 19 28
52 19 29
52 20 24
52 20 25
52 20 26
52 20 27
52 20 28
52 20 29
52 20 30
52 20 31
52 20 32
52 21 27
52 21 28
52 21 29
52 21 30
52 21 31
52 21 32
52 21 33
52 21 34
52 21 35
52 21 36
52 22 30
52 22 31
52 22 32
52 22 33
52 22 34
52 22 35
52 22 36
52 23 33
52 23 34
52 23 35
52 23 36
52 24 35
53 13 8
53 14 8
53 14 9
53 14 10
53 14 11
53 14 12
53 14 13
53 14 14
53 15 8
53 15 9
53 15 10
53 15 11
53 15 12
53 15 13
53 15 14
53 15 15
53 15 16
53 15 17
53 16 8
53 16 9
53 16 10
53 16 11
53 16 12
53 16 13
53 16 14
53 16 15
53 16 16
53 16 17
53 16 18
53 16 19
53 16 20
53 17 15
53 17 16
53 17 17
53 17 18
53 17 19
53 17 20
53 17 21
53 17 22
53 17 23
53 17 24
53 18 18
53 18 19
53 18 20
53 18 21
53 18 22
53 18 23
53 18 24
53 18 25
53 18 26
53 18 27
53 19 22
53 19 23
53 19 24
53 19 25
53 19 26
53 19 27
53 19 28
53 19 29
53 19 30
53 20 24
53 20 25
53 20 26
53 20 27
53 20 28
53 20 29
53 20 30
53 20 31
53 20 32
53 21 28
53 21 29
53 21 30
53 21 31
53 21 32
53 21 33
53 21 34
53 21 35
53 21 36
53 22 31
53 22 32
53 22 33
53 22 34
53 22 35
53 22 36
53 23 33
53 23 34
53 23 35
53 23 36
53 24 35
54 13 8
54 13 9
54 13 10
54 14 8
54 14 9
54 14 10
54 14 11
54 14 12
54 14 13
54 14 14
54 15 8
54 15 9
54 15 10
54 15 11
54 15 12
54 15 13
54 15 14
54 15 15
54 15 16
54 15 17
54 15 18
54 16 8
54 16 9
54 16 10
54 16 11
54 16 12
54 16 13
54 16 14
54 16 15
54 16 16
54 16 17
54 16 18
54 16 19
54 16 20
54 16 21
54 17 16
54 17 17
54 17 18
54 17 19
54 17 20
54 17 21
54 17 22
54 17 23
54 17 24
54 18 19
54 18 20
54 18 21
54 18 22
54 18 23
54 18 24
54 18 25
54 18 26
54 18 27
54 18 28
54 19 22
54 19 23
54 19 24
54 19 25
54 19 26
54 19 27
54 19 28
54 19 29
54 19 30
54 19 31
54 20 25
54 20 26
54 20 27
54 20 28
54 20 29
54 20 30
54 20 31
54 20 32
54 20 33
54 21 29
54 21 30
54 21 31
54 21 32
54 21 33
54 21 34
54 21 35
54 21 36
54 22 31
54 22 32
54 22 33
54 22 34
54 22 35
54 22 36
54 23 34
54 23 35
54 23 36
55 13 8
55 13 9
55 13 10
55 14 8
55 14 9
55 14 10
55 14 11
55 14 12
55 14 13
55 14 14
55 14 15
55 15 8
55 15 9
55 15 10
55 15 11
55 15 12
55 15 13
55 15 14
55 15 15
55 15 16
55 15 17
55 15 18
55 16 9
55 16 11
55 16 12
55 16 13
55 16 14
55 16 15
55 16 16
55 16 17
55 16 18
55 16 19
55 16 20
55 16 21
55 17 16
55 17 17
55 17 18
55 17 19
55 17 20
55 17 21
55 17 22
55 17 23
55 17 24
55 17 25
55 18 19
55 18 20
55 18 21
55 18 22
55 18 23
55 18 24
55 18 25
55 18 26
55 18 27
55 18 28
55 19 23
55 19 24
55 19 25
55 19 26
55 19 27
55 19 28
55 19 29
55 19 30
55 19 31
55 20 26
55 20 27
55 20 28
55 20 29
55 20 30
55 20 31
55 20 32
55 20 33
55 21 29
55 21 30
55 21 31
55 21 32
55 21 33
55 21 34
55 21 35
55 21 36
55 22 32
55 22 33
55 22 34
55 22 35
55 22 36
55 23 34
55 23 35
55 23 36
56 13 8
56 13 9
56 13 10
56 14 8
56 14 9
56 14 10
56 14 11
56 14 12
56 14 13
56 14 14
56 14 15
56 14 16
56 15 8
56 15 9
56 15 10
56 15 11
56 15 12
56 15 13
56 15 14
56 15 15
56 15 16
56 15 17
56 15 18
56 15 19
56 16 12
56 16 13
56 16 14
56 16 15
56 16 16
56 16 17
56 16 18
56 16 19
56 16 20
56 16 21
56 16 22
56 16 23
56 17 17
56 17 18
56 17 19
56 17 20
56 17 21
56 17 22
56 17 23
56 17 24
56 17 25
56 18 20
56 18 21
56 18 22
56 18 23
56 18 24
56 18 25
56 18 26
56 18 27
56 18 28
56 18 29
56 19 23
56 19 24
56 19 25
56 19 26
56 19 27
56 19 28
56 19 29
56 19 30
56 19 31
56 20 26
56 20 27
56 20 28
56 20 29
56 20 30
56 20 31
56 20 32
56 20 33
56 20 34
56 20 35
56 21 29
56 21 30
56 21 31
56 21 32
56 21 33
56 21 34
56 21 35
56 21 36
56 22 32
56 22 33
56 22 34
56 22 35
56 22 36
56 23 35
56 23 36
57 13 9
57 13 10
57 13 11
57 14 8
57 14 9
57 14 10
57 14 11
57 14 12
57 14 13
57 14 14
57 14 15
57 14 16
57 15 8
57 15 9
57 15 10
57 15 11
57 15 12
57 15 13
57 15 14
57 15 15
57 15 16
57 15 17
57 15 18
57 15 19
57 15 20
57 16 12
57 16 13
57 16 14
57 16 15
57 16 16
57 16 17
57 16 18
57 16 19
57 16 20
57 16 21
57 16 22
57 16 23
57 17 17
57 17 18
57 17 19
57 17 20
57 17 21
57 17 22
57 17 23
57 17 24
57 17 25
57 17 26
57 18 21
57 18 22
57 18 23
57 18 24
57 18 25
57 18 26
57 18 27
57 18 28
57 18 29
57 19 24
57 19 25
57 19 26
57 19 27
57 19 28
57 19 29
57 19 30
57 19 31
57 19 32
57 20 27
57 20 28
57 20 29
57 20 30
57 20 31
57 20 32
57 20 33
57 20 34
57 20 35
57 20 36
57 21 30
57 21 31
57 21 32
57 21 33
57 21 34
57 21 35
57 21 36
57 22 32
57 22 33
57 22 34
57 22 35
57 22 36
57 23 35
57 23 36
58 13 9
58 13 10
58 13 11
58 14 9
58 14 10
58 14 11
58 14 12
58 14 13
58 14 14
58 14 15
58 14 16
58 15 9
58 15 10
58 15 11
58 15 12
58 15 13
58 15 14
58 15 15
58 15 16
58 15 17
58 15 18
58 15 19
58 15 20
58 16 13
58 16 14
58 16 15
58 16 16
58 16 17
58 16 18
58 16 19
58 16 20
58 16 21
58 16 22
58 16 23
58 16 24
58 17 18
58 17 19
58 17 20
58 17 21
58 17 22
58 17 23
58 17 24
58 17 25
58 17 26
58 18 22
58 18 23
58 18 24
58 18 25
58 18 26
58 18 27
58 18 28
58 18 29
58 19 24
58 19 25
58 19 26
58 19 27
58 19 28
58 19 29
58 19 30
58 19 31
58 19 32
58 20 27
58 20 28
58 20 29
58 20 30
58 20 31
58 20 32
58 20 33
58 20 34
58 20 35
58 20 36
58 21 30
58 21 31
58 21 32
58 21 33
58 21 34
58 21 35
58 21 36
58 22 33
58 22 34
58 22 35
58 22 36
59 12 9
59 13 9
59 13 10
59 13 11
59 13 12
59 14 9
59 14 10
59 14 11
59 14 12
59 14 13
59 14 14
59 14 15
59 14 16
59 15 9
59 15 10
59 15 11
59 15 12
59 15 13
59 15 14
59 15 15
59 15 16
59 15 17
59 15 18
59 15 19
59 15 20
59 16 13
59 16 14
59 16 15
59 16 16
59 16 17
59 16 18
59 16 19
59 16 20
59 16 21
59 16 22
59 16 23
59 16 24
59 17 18
59 17 19
59 17 20
59 17 21
59 17 22
59 17 23
59 17 24
59 17 25
59 17 26
59 18 22
59 18 23
59 18 24
59 18 25
59 18 26
59 18 27
59 18 28
59 18 29
59 19 25
59 19 26
59 19 27
59 19 28
59 19 29
59 19 30
59 19 31
59 19 32
59 19 33
59 19 34
59 20 28
59 20 29
59 20 30
59 20 31
59 20 32
59 20 33
59 20 34
59 20 35
59 20 36
59 21 30
59 21 31
59 21 32
59 21 33
59 21 34
59 21 35
59 21 36
59 22 33
59 22 34
59 22 35
59 22 36
60 12 10
60 12 12
60 13 9
60 13 10
60 13 11
60 13 12
60 13 13
60 14 9
60 14 10
60 14 11
60 14 12
60 14 13
60 14 14
60 14 15
60 14 16
60 15 10
60 15 11
60 15 12
60 15 13
60 15 14
60 15 15
60 15 16
60 15 17
60 15 18
60 15 19
60 15 20
60 16 14
60 16 15
60 16 16
60 16 17
60 16 18
60 16 19
60 16 20
60 16 21
60 16 22
60 16 23
60 16 24
60 16 25
60 17 18
60 17 19
60 17 20
60 17 21
60 17 22
60 17 23
60 17 24
60 17 25
60 17 26
60 17 27
60 17 28
60 18 21
60 18 22
60 18 23
60 18 24
60 18 25
60 18 26
60 18 27
60 18 28
60 18 29
60 18 30
60 18 31
60 18 32
60 19 24
60 19 25
60 19 26
60 19 27
60 19 28
60 19 29
60 19 30
60 19 31
60 19 32
60 19 33
60 19 34
60 20 27
60 20 28
60 20 29
60 20 30
60 20 31
60 20 32
60 20 33
60 20 34
60 20 35
60 21 30
60 21 31
60 21 32
60 21 33
60 21 34
60 21 35
61 12 11
61 13 10
61 13 11
61 13 12
61 13 13
61 13 14
61 13 15
61 14 10
61 14 11
61 14 12
61 14 13
61 14 14
61 14 15
61 14 16
61 14 17
61 14 18
61 14 19
61 15 11
61 15 12
61 15 13
61 15 14
61 15 15
61 15 16
61 15 17
61 15 18
61 15 19
61 15 20
61 15 21
61 15 22
61 16 14
61 16 15
61 16 16
61 16 17
61 16 18
61 16 19
61 16 20
61 16 21
61 16 22
61 16 23
61 16 24
61 16 25
61 17 17
61 17 18
61 17 19
61 17 20
61 17 21
61 17 22
61 17 23
61 17 24
61 17 25
61 17 26
61 17 27
61 17 28
61 18 20
61 18 21
61 18 22
61 18 23
61 18 24
61 18 25
61 18 26
61 18 27
61 18 28
61 18 29
61 18 30
61 18 31
61 19 24
61 19 25
61 19 26
61 19 27
61 19 28
61 19 29
61 19 30
61 19 31
61 19 32
61 19 33
61 20 29
61 20 30
61 20 31
61 20 32
61 20 33
61 20 34
62 12 12
62 13 11
62 13 12
62 13 13
62 13 14
62 13 15
62 14 11
62 14 12
62 14 13
62 14 14
62 14 15
62 14 16
62 14 17
62 14 18
62 14 19
62 15 12
62 15 13
62 15 14
62 15 15
62 15 16
62 15 17
62 15 18
62 15 19
62 15 20
62 15 21
62 16 15
62 16 16
62 16 17
62 16 18
62 16 19
62 16 20
62 16 21
62 16 22
62 16 23
62 16 24
62 17 19
62 17 20
62 17 21
62 17 22
62 17 23
62 17 24
62 17 25
62 17 26
62 17 27
62 18 24
62 18 25
62 18 26
62 18 27
62 18 28
62 18 29
