0 35 1
0 35 2
0 36 0
0 36 1
0 36 2
0 36 3
0 37 0
0 37 1
0 37 2
0 37 3
0 38 0
0 38 1
0 38 2
0 38 3
0 39 0
0 39 1
0 39 2
0 39 3
0 39 4
0 40 1
0 40 2
0 40 3
0 40 4
0 41 2
0 41 3
0 41 4
0 41 5
0 42 3
0 42 4
0 43 3
0 43 4
1 34 0
1 34 1
1 34 2
1 35 0
1 35 1
1 35 2
1 36 0
1 36 1
1 36 2
1 36 3
1 37 0
1 37 1
1 37 2
1 37 3
1 38 0
1 38 1
1 38 2
1 38 3
1 38 4
1 39 1
1 39 2
1 39 3
1 39 4
1 40 1
1 40 2
1 40 3
1 40 4
1 40 5
1 41 2
1 41 3
1 41 4
1 41 5
1 41 6
1 42 2
1 42 3
1 42 4
1 42 5
1 42 6
1 43 3
1 43 4
1 43 5
1 43 6
1 44 4
1 44 5
1 44 6
1 44 7
1 45 5
1 45 6
1 45 7
1 46 6
1 46 7
2 33 1
2 33 2
2 33 3
2 34 0
2 34 1
2 34 2
2 34 3
2 35 0
2 35 1
2 35 2
2 35 3
2 36 0
2 36 1
2 36 2
2 36 3
2 36 4
2 37 0
2 37 1
2 37 2
2 37 3
2 37 4
2 38 1
2 38 2
2 38 3
2 38 4
2 39 1
2 39 2
2 39 3
2 39 4
2 39 5
2 40 2
2 40 3
2 40 4
2 40 5
2 41 2
2 41 3
2 41 4
2 41 5
2 41 6
2 42 3
2 42 4
2 42 5
2 42 6
2 43 3
2 43 4
2 43 5
2 43 6
2 43 7
2 44 4
2 44 5
2 44 6
2 44 7
2 44 8
2 45 5
2 45 6
2 45 7
2 45 8
2 46 5
2 46 6
2 46 7
2 46 8
2 46 9
2 47 6
2 47 7
2 47 8
2 47 9
2 48 7
2 48 8
2 48 9
2 49 8
2 49 9
3 32 1
3 32 2
3 32 3
3 33 0
3 33 1
3 33 2
3 33 3
3 34 0
3 34 1
3 34 2
3 34 3
3 34 4
3 35 0
3 35 1
3 35 2
3 35 3
3 35 4
3 36 1
3 36 2
3 36 3
3 36 4
3 37 2
3 37 3
3 37 4
3 37 5
3 38 2
3 38 3
3 38 4
3 38 5
3 39 3
3 39 4
3 39 5
3 39 6
3 40 3
3 40 4
3 40 5
3 40 6
3 41 4
3 41 5
3 41 6
3 41 7
3 42 4
3 42 5
3 42 6
3 42 7
3 43 4
3 43 5
3 43 6
3 43 7
3 44 5
3 44 6
3 44 7
3 44 8
3 45 5
3 45 6
3 45 7
3 45 8
3 45 9
3 46 6
3 46 7
3 46 8
3 46 9
3 47 6
3 47 7
3 47 8
3 47 9
3 47 10
3 48 7
3 48 8
3 48 9
3 48 10
3 48 11
3 49 8
3 49 9
3 49 10
3 49 11
3 50 8
3 50 9
3 50 10
3 50 11
3 51 10
3 51 11
3 51 12
3 52 10
3 52 11
4 31 2
4 31 3
4 31 4
4 32 1
4 32 2
4 32 3
4 32 4
4 33 1
4 33 2
4 33 3
4 33 4
4 34 1
4 34 2
4 34 3
4 34 4
4 35 1
4 35 2
4 35 3
4 35 4
4 36 2
4 36 3
4 36 4
4 36 5
4 37 3
4 37 4
4 37 5
4 38 3
4 38 4
4 38 5
4 38 6
4 39 3
4 39 4
4 39 5
4 39 6
4 40 4
4 40 5
4 40 6
4 41 4
4 41 5
4 41 6
4 41 7
4 42 5
4 42 6
4 42 7
4 43 6
4 43 7
4 43 8
4 44 6
4 44 7
4 44 8
4 45 7
4 45 8
4 45 9
4 46 6
4 46 7
4 46 8
4 46 9
4 46 10
4 47 7
4 47 8
4 47 9
4 47 10
4 47 11
4 48 7
4 48 8
4 48 9
4 48 10
4 48 11
4 49 8
4 49 9
4 49 10
4 49 11
4 49 12
4 50 9
4 50 10
4 50 11
4 50 12
4 50 13
4 51 9
4 51 10
4 51 11
4 51 12
4 51 13
4 52 10
4 52 11
4 52 12
4 52 13
4 53 11
4 53 12
4 53 13
4 53 14
4 54 12
4 54 13
4 54 14
4 55 13
4 55 14
5 30 4
5 31 2
5 31 3
5 31 4
5 32 1
5 32 2
5 32 3
5 32 4
5 33 1
5 33 2
5 33 3
5 33 4
5 34 2
5 34 3
5 34 4
5 34 5
5 35 3
5 35 4
5 35 5
5 36 3
5 36 4
5 36 5
5 37 3
5 37 4
5 37 5
5 37 6
5 38 4
5 38 5
5 38 6
5 39 4
5 39 5
5 39 6
5 39 7
5 40 5
5 40 6
5 40 7
5 41 5
5 41 6
5 41 7
5 41 8
5 42 5
5 42 6
5 42 7
5 42 8
5 43 6
5 43 7
5 43 8
5 43 9
5 44 6
5 44 7
5 44 8
5 44 9
5 45 7
5 45 8
5 45 9
5 45 10
5 46 8
5 46 9
5 46 10
5 47 8
5 47 9
5 47 10
5 47 11
5 48 9
5 48 10
5 48 11
5 49 9
5 49 10
5 49 11
5 49 12
5 50 9
5 50 10
5 50 11
5 50 12
5 50 13
5 51 10
5 51 11
5 51 12
5 51 13
5 52 10
5 52 11
5 52 12
5 52 13
5 52 14
5 53 11
5 53 12
5 53 13
5 53 14
5 53 15
5 54 12
5 54 13
5 54 14
5 54 15
5 54 16
5 55 12
5 55 13
5 55 14
5 55 15
5 55 16
5 56 13
5 56 14
5 56 15
5 56 16
5 57 14
5 57 15
5 57 16
6 30 3
6 30 4
6 30 5
6 31 2
6 31 3
6 31 4
6 31 5
6 32 2
6 32 3
6 32 4
6 32 5
6 33 2
6 33 3
6 33 4
6 33 5
6 34 3
6 34 4
6 34 5
6 35 3
6 35 4
6 35 5
6 35 6
6 36 3
6 36 4
6 36 5
6 36 6
6 37 4
6 37 5
6 37 6
6 38 4
6 38 5
6 38 6
6 38 7
6 39 5
6 39 6
6 39 7
6 40 5
6 40 6
6 40 7
6 40 8
6 41 6
6 41 7
6 41 8
6 41 9
6 42 6
6 42 7
6 42 8
6 42 9
6 43 6
6 43 7
6 43 8
6 43 9
6 44 7
6 44 8
6 44 9
6 44 10
6 45 7
6 45 8
6 45 9
6 45 10
6 45 11
6 46 8
6 46 9
6 46 10
6 46 11
6 47 9
6 47 10
6 47 11
6 48 9
6 48 10
6 48 11
6 48 12
6 49 10
6 49 11
6 49 12
6 49 13
6 50 10
6 50 11
6 50 12
6 50 13
6 51 11
6 51 12
6 51 13
6 51 14
6 52 11
6 52 12
6 52 13
6 52 14
6 52 15
6 53 12
6 53 13
6 53 14
6 53 15
6 54 12
6 54 13
6 54 14
6 54 15
6 54 16
6 55 12
6 55 13
6 55 14
6 55 15
6 55 16
6 56 13
6 56 14
6 56 15
6 56 16
6 56 17
6 57 14
6 57 15
6 57 16
6 57 17
6 58 15
6 58 16
7 29 3
7 29 4
7 29 5
7 30 2
7 30 3
7 30 4
7 30 5
7 31 2
7 31 3
7 31 4
7 31 5
7 32 2
7 32 3
7 32 4
7 32 5
7 32 6
7 33 3
7 33 4
7 33 5
7 34 3
7 34 4
7 34 5
7 34 6
7 35 4
7 35 5
7 35 6
7 36 4
7 36 5
7 36 6
7 36 7
7 37 4
7 37 5
7 37 6
7 37 7
7 38 5
7 38 6
7 38 7
7 38 8
7 39 5
7 39 6
7 39 7
7 39 8
7 40 6
7 40 7
7 40 8
7 40 9
7 41 6
7 41 7
7 41 8
7 41 9
7 42 7
7 42 8
7 42 9
7 42 10
7 43 7
7 43 8
7 43 9
7 43 10
7 43 11
7 44 8
7 44 9
7 44 10
7 44 11
7 45 8
7 45 9
7 45 10
7 45 11
7 45 12
7 46 9
7 46 10
7 46 11
7 46 12
7 47 9
7 47 10
7 47 11
7 47 12
7 47 13
7 48 10
7 48 11
7 48 12
7 48 13
7 49 11
7 49 12
7 49 13
7 50 11
7 50 12
7 50 13
7 50 14
7 51 12
7 51 13
7 51 14
7 51 15
7 52 13
7 52 14
7 52 15
7 53 13
7 53 14
7 53 15
7 53 16
7 54 14
7 54 15
7 54 16
7 54 17
7 55 13
7 55 14
7 55 15
7 55 16
7 55 17
7 56 14
7 56 15
7 56 16
7 56 17
7 56 18
7 57 15
7 57 16
7 57 17
7 57 18
7 58 15
7 58 16
7 58 17
7 58 18
8 28 5
8 29 3
8 29 4
8 29 5
8 29 6
8 30 3
8 30 4
8 30 5
8 30 6
8 31 3
8 31 4
8 31 5
8 32 3
8 32 4
8 32 5
8 32 6
8 33 4
8 33 5
8 33 6
8 34 4
8 34 5
8 34 6
8 34 7
8 35 4
8 35 5
8 35 6
8 35 7
8 36 5
8 36 6
8 36 7
8 36 8
8 37 5
8 37 6
8 37 7
8 37 8
8 38 6
8 38 7
8 38 8
8 38 9
8 39 6
8 39 7
8 39 8
8 39 9
8 40 6
8 40 7
8 40 8
8 40 9
8 40 10
8 41 7
8 41 8
8 41 9
8 41 10
8 42 7
8 42 8
8 42 9
8 42 10
8 42 11
8 43 8
8 43 9
8 43 10
8 43 11
8 43 12
8 44 9
8 44 10
8 44 11
8 44 12
8 45 9
8 45 10
8 45 11
8 45 12
8 46 10
8 46 11
8 46 12
8 46 13
8 47 10
8 47 11
8 47 12
8 47 13
8 48 10
8 48 11
8 48 12
8 48 13
8 48 14
8 49 11
8 49 12
8 49 13
8 49 14
8 50 12
8 50 13
8 50 14
8 50 15
8 51 13
8 51 14
8 51 15
8 51 16
8 52 13
8 52 14
8 52 15
8 52 16
8 53 14
8 53 15
8 53 16
8 53 17
8 54 14
8 54 15
8 54 16
8 54 17
8 54 18
8 55 15
8 55 16
8 55 17
8 55 18
8 56 15
8 56 16
8 56 17
8 56 18
8 56 19
8 57 15
8 57 16
8 57 17
8 57 18
8 57 19
8 58 15
8 58 16
8 58 17
8 58 18
9 28 4
9 28 5
9 28 6
9 29 3
9 29 4
9 29 5
9 29 6
9 30 3
9 30 4
9 30 5
9 31 4
9 31 5
9 32 4
9 32 5
9 33 5
9 33 6
9 34 4
9 34 5
9 34 6
9 34 7
9 35 5
9 35 6
9 35 7
9 35 8
9 36 5
9 36 6
9 36 7
9 36 8
9 36 9
9 37 6
9 37 7
9 37 8
9 37 9
9 38 6
9 38 7
9 38 8
9 38 9
9 38 10
9 39 7
9 39 8
9 39 9
9 39 10
9 40 8
9 40 9
9 40 10
9 40 11
9 41 8
9 41 9
9 41 10
9 41 11
9 42 8
9 42 9
9 42 10
9 42 11
9 43 9
9 43 10
9 43 11
9 43 12
9 44 10
9 44 11
9 44 12
9 44 13
9 45 10
9 45 11
9 45 12
9 45 13
9 46 11
9 46 12
9 46 13
9 46 14
9 47 11
9 47 12
9 47 13
9 47 14
9 48 12
9 48 13
9 48 14
9 48 15
9 49 12
9 49 13
9 49 14
9 49 15
9 50 13
9 50 14
9 50 15
9 50 16
9 51 13
9 51 14
9 51 15
9 51 16
9 51 17
9 52 14
9 52 15
9 52 16
9 52 17
9 53 15
9 53 16
9 53 17
9 53 18
9 54 15
9 54 16
9 54 17
9 54 18
9 54 19
9 55 16
9 55 17
9 55 18
9 55 19
9 56 16
9 56 17
9 56 18
9 56 19
9 56 20
9 57 16
9 57 17
9 57 18
9 57 19
9 57 20
9 58 16
9 58 17
9 58 18
9 58 19
10 27 5
10 27 6
10 27 7
10 28 4
10 28 5
10 28 6
10 28 7
10 29 4
10 29 5
10 29 6
10 30 4
10 30 5
10 30 6
10 34 6
10 35 6
10 35 7
10 35 8
10 36 7
10 36 8
10 36 9
10 37 7
10 37 8
10 37 9
10 37 10
10 38 7
10 38 8
10 38 9
10 38 10
10 39 8
10 39 9
10 39 10
10 39 11
10 40 8
10 40 9
10 40 10
10 40 11
10 40 12
10 41 9
10 41 10
10 41 11
10 41 12
10 42 9
10 42 10
10 42 11
10 42 12
10 42 13
10 43 10
10 43 11
10 43 12
10 43 13
10 44 11
10 44 12
10 44 13
10 45 11
10 45 12
10 45 13
10 45 14
10 46 11
10 46 12
10 46 13
10 46 14
10 46 15
10 47 12
10 47 13
10 47 14
10 47 15
10 48 12
10 48 13
10 48 14
10 48 15
10 48 16
10 49 13
10 49 14
10 49 15
10 49 16
10 50 13
10 50 14
10 50 15
10 50 16
10 50 17
10 51 14
10 51 15
10 51 16
10 51 17
10 52 15
10 52 16
10 52 17
10 52 18
10 53 15
10 53 16
10 53 17
10 53 18
10 53 19
10 54 16
10 54 17
10 54 18
10 54 19
10 55 17
10 55 18
10 55 19
10 55 20
10 56 17
10 56 18
10 56 19
10 56 20
10 56 21
10 57 17
10 57 18
10 57 19
10 57 20
10 58 17
10 58 18
10 58 19
11 26 7
11 27 5
11 27 6
11 27 7
11 27 8
11 28 4
11 28 5
11 28 6
11 28 7
11 29 4
11 29 5
11 29 6
11 30 5
11 37 9
11 38 8
11 38 9
11 38 10
11 39 9
11 39 10
11 39 11
11 40 9
11 40 10
11 40 11
11 40 12
11 41 10
11 41 11
11 41 12
11 41 13
11 42 10
11 42 11
11 42 12
11 42 13
11 43 10
11 43 11
11 43 12
11 43 13
11 43 14
11 44 11
11 44 12
11 44 13
11 44 14
11 44 15
11 45 12
11 45 13
11 45 14
11 45 15
11 46 13
11 46 14
11 46 15
11 46 16
11 47 13
11 47 14
11 47 15
11 47 16
11 48 14
11 48 15
11 48 16
11 49 14
11 49 15
11 49 16
11 49 17
11 50 14
11 50 15
11 50 16
11 50 17
11 51 15
11 51 16
11 51 17
11 51 18
11 52 15
11 52 16
11 52 17
11 52 18
11 52 19
11 53 16
11 53 17
11 53 18
11 53 19
11 53 20
11 54 17
11 54 18
11 54 19
11 54 20
11 54 21
11 55 17
11 55 18
11 55 19
11 55 20
11 55 21
11 56 18
11 56 19
11 56 20
11 56 21
11 57 18
11 57 19
11 57 20
11 58 18
11 58 19
12 25 7
12 26 6
12 26 7
12 26 8
12 27 5
12 27 6
12 27 7
12 27 8
12 28 5
12 28 6
12 28 7
12 29 5
12 29 6
12 39 10
12 40 10
12 40 11
12 41 11
12 41 12
12 42 11
12 42 12
12 42 13
12 42 14
12 43 12
12 43 13
12 43 14
12 43 15
12 44 12
12 44 13
12 44 14
12 44 15
12 45 13
12 45 14
12 45 15
12 45 16
12 46 13
12 46 14
12 46 15
12 46 16
12 47 14
12 47 15
12 47 16
12 47 17
12 48 14
12 48 15
12 48 16
12 48 17
12 48 18
12 49 15
12 49 16
12 49 17
12 49 18
12 50 15
12 50 16
12 50 17
12 50 18
12 50 19
12 51 16
12 51 17
12 51 18
12 51 19
12 52 16
12 52 17
12 52 18
12 52 19
12 52 20
12 53 17
12 53 18
12 53 19
12 53 20
12 53 21
12 54 18
12 54 19
12 54 20
12 54 21
12 55 18
12 55 19
12 55 20
12 55 21
12 56 18
12 56 19
12 56 20
12 56 21
12 57 19
12 57 20
13 25 6
13 25 7
13 25 8
13 25 9
13 26 5
13 26 6
13 26 7
13 26 8
13 26 9
13 27 6
13 27 7
13 27 8
13 28 5
13 28 6
13 28 7
13 43 12
13 43 13
13 44 13
13 44 14
13 45 14
13 45 15
13 45 16
13 46 14
13 46 15
13 46 16
13 46 17
13 47 15
13 47 16
13 47 17
13 47 18
13 48 15
13 48 16
13 48 17
13 48 18
13 49 16
13 49 17
13 49 18
13 49 19
13 50 16
13 50 17
13 50 18
13 50 19
13 50 20
13 51 17
13 51 18
13 51 19
13 51 20
13 51 21
13 52 17
13 52 18
13 52 19
13 52 20
13 52 21
13 53 18
13 53 19
13 53 20
13 53 21
13 53 22
13 54 19
13 54 20
13 54 21
13 54 22
13 55 19
13 55 20
13 55 21
13 56 19
13 56 20
13 56 21
14 24 7
14 24 8
14 24 9
14 25 6
14 25 7
14 25 8
14 25 9
14 26 6
14 26 7
14 26 8
14 27 6
14 27 7
14 27 8
14 47 15
14 47 16
14 47 17
14 48 16
14 48 17
14 48 18
14 48 19
14 49 17
14 49 18
14 49 19
14 50 17
14 50 18
14 50 19
14 50 20
14 51 18
14 51 19
14 51 20
14 51 21
14 52 18
14 52 19
14 52 20
14 52 21
14 52 22
14 53 19
14 53 20
14 53 21
14 53 22
14 54 20
14 54 21
14 54 22
14 55 19
14 55 20
14 55 21
14 56 20
14 56 21
15 23 9
15 24 7
15 24 8
15 24 9
15 24 10
15 25 6
15 25 7
15 25 8
15 25 9
15 26 6
15 26 7
15 26 8
15 26 9
15 27 7
15 50 18
15 50 19
15 50 20
15 51 18
15 51 19
15 51 20
15 51 21
15 51 23
15 52 20
15 52 21
15 52 22
15 52 23
15 53 20
15 53 21
15 53 22
15 53 23
15 54 20
15 54 21
15 54 22
15 55 20
15 55 21
15 55 22
16 22 10
16 23 8
16 23 9
16 23 10
16 24 7
16 24 8
16 24 9
16 24 10
16 25 7
16 25 8
16 25 9
16 26 8
16 51 22
16 51 23
16 52 21
16 52 22
16 52 23
16 52 24
16 53 21
16 53 22
16 53 23
16 54 21
16 54 22
16 54 23
17 22 8
17 22 9
17 22 10
17 23 8
17 23 9
17 23 10
17 23 11
17 24 7
17 24 8
17 24 9
17 24 10
17 25 8
17 25 9
17 50 23
17 50 24
17 51 21
17 51 22
17 51 23
17 51 24
17 52 21
17 52 22
17 52 23
17 52 24
17 53 21
17 53 22
17 53 23
18 21 9
18 21 10
18 21 11
18 22 8
18 22 9
18 22 10
18 22 11
18 23 8
18 23 9
18 23 10
18 23 11
18 24 8
18 24 9
18 24 10
18 49 24
18 50 22
18 50 23
18 50 24
18 50 25
18 51 22
18 51 23
18 51 24
18 52 22
18 52 23
18 52 24
19 10 27
19 10 28
19 10 29
19 10 30
19 11 26
19 11 27
19 11 28
19 11 29
19 12 26
19 12 27
19 12 28
19 12 29
19 12 30
19 20 11
19 21 9
19 21 10
19 21 11
19 21 12
19 22 8
19 22 9
19 22 10
19 22 11
19 22 12
19 23 9
19 23 10
19 23 11
19 24 9
19 24 10
19 49 23
19 49 24
19 49 25
19 50 22
19 50 23
19 50 24
19 50 25
19 51 22
19 51 23
19 51 24
19 51 25
19 52 22
19 52 23
19 52 24
20 9 27
20 9 28
20 9 29
20 9 30
20 10 26
20 10 27
20 10 28
20 10 29
20 10 30
20 10 31
20 11 25
20 11 26
20 11 27
20 11 28
20 11 29
20 11 30
20 11 31
20 11 32
20 12 24
20 12 25
20 12 26
20 12 27
20 12 28
20 12 29
20 12 30
20 12 31
20 12 32
20 13 22
20 13 23
20 13 24
20 13 25
20 13 26
20 13 27
20 13 28
20 13 29
20 13 30
20 13 31
20 13 32
20 13 33
20 14 22
20 14 23
20 14 24
20 14 25
20 14 26
20 14 27
20 14 28
20 14 29
20 14 30
20 14 31
20 14 32
20 15 21
20 15 22
20 15 23
20 15 24
20 15 25
20 15 26
20 15 27
20 15 28
20 15 29
20 15 30
20 15 31
20 15 32
20 19 12
20 20 10
20 20 11
20 20 12
20 21 9
20 21 10
20 21 11
20 21 12
20 22 9
20 22 10
20 22 11
20 23 9
20 23 10
20 23 11
20 48 24
20 48 25
20 48 26
20 49 23
20 49 24
20 49 25
20 49 26
20 50 23
20 50 24
20 50 25
20 51 23
20 51 24
21 8 28
21 8 29
21 8 30
21 9 26
21 9 27
21 9 28
21 9 29
21 9 30
21 9 31
21 10 25
21 10 26
21 10 27
21 10 28
21 10 29
21 10 30
21 10 31
21 10 32
21 11 23
21 11 24
21 11 25
21 11 26
21 11 27
21 11 28
21 11 29
21 11 30
21 11 31
21 11 32
21 11 33
21 12 22
21 12 23
21 12 24
21 12 25
21 12 26
21 12 27
21 12 28
21 12 29
21 12 30
21 12 31
21 12 32
21 12 33
21 13 21
21 13 22
21 13 23
21 13 24
21 13 25
21 13 26
21 13 27
21 13 28
21 13 29
21 13 30
21 13 31
21 13 32
21 13 33
21 13 34
21 14 21
21 14 22
21 14 23
21 14 24
21 14 25
21 14 26
21 14 27
21 14 28
21 14 29
21 14 30
21 14 31
21 14 32
21 14 33
21 14 34
21 15 19
21 15 20
21 15 21
21 15 22
21 15 23
21 15 24
21 15 25
21 15 26
21 15 27
21 15 28
21 15 29
21 15 30
21 15 31
21 15 32
21 15 33
21 15 34
21 16 18
21 16 19
21 16 20
21 16 21
21 16 22
21 16 23
21 16 24
21 16 25
21 16 26
21 16 27
21 16 28
21 16 29
21 16 30
21 16 31
21 16 32
21 16 33
21 16 34
21 16 35
21 17 17
21 17 18
21 17 19
21 17 20
21 17 21
21 17 22
21 17 23
21 17 24
21 17 25
21 17 26
21 17 27
21 17 28
21 17 29
21 17 30
21 17 31
21 17 32
21 17 33
21 17 34
21 17 35
21 18 17
21 18 18
21 18 19
21 18 20
21 18 21
21 18 22
21 18 23
21 18 24
21 18 25
21 18 26
21 18 27
21 18 28
21 18 29
21 18 30
21 18 31
21 18 32
21 18 33
21 18 34
21 18 35
21 19 11
21 19 12
21 19 13
21 20 10
21 20 11
21 20 12
21 20 13
21 21 9
21 21 10
21 21 11
21 21 12
21 22 9
21 22 10
21 22 11
21 47 25
21 47 26
21 48 24
21 48 25
21 48 26
21 49 23
21 49 24
21 49 25
21 49 26
21 50 23
21 50 24
21 50 25
22 9 26
22 9 27
22 9 28
22 9 29
22 9 30
22 9 31
22 10 24
22 10 25
22 10 26
22 10 27
22 10 28
22 10 29
22 10 30
22 10 31
22 10 32
22 11 23
22 11 24
22 11 25
22 11 26
22 11 30
22 11 31
22 11 32
22 11 33
22 12 22
22 12 23
22 12 24
22 12 25
22 12 31
22 12 32
22 12 33
22 13 20
22 13 21
22 13 22
22 13 23
22 13 24
22 13 31
22 13 32
22 13 33
22 13 34
22 14 19
22 14 20
22 14 21
22 14 22
22 14 23
22 14 24
22 14 25
22 14 26
22 14 27
22 14 28
22 14 29
22 14 30
22 14 31
22 14 32
22 14 33
22 14 34
22 14 35
22 15 18
22 15 19
22 15 20
22 15 21
22 15 22
22 15 23
22 15 24
22 15 25
22 15 26
22 15 27
22 15 28
22 15 29
22 15 30
22 15 31
22 15 32
22 15 33
22 15 34
22 15 35
22 16 17
22 16 18
22 16 19
22 16 20
22 16 21
22 16 22
22 16 23
22 16 24
22 16 25
22 16 26
22 16 27
22 16 28
22 16 29
22 16 30
22 16 31
22 16 32
22 16 33
22 16 34
22 16 35
22 16 36
22 17 16
22 17 17
22 17 18
22 17 19
22 17 20
22 17 21
22 17 22
22 17 23
22 17 24
22 17 25
22 17 26
22 17 27
22 17 28
22 17 29
22 17 30
22 17 31
22 17 32
22 17 33
22 17 34
22 17 35
22 17 36
22 18 12
22 18 13
22 18 15
22 18 16
22 18 17
22 18 18
22 18 19
22 18 20
22 18 21
22 18 22
22 18 23
22 18 24
22 18 25
22 18 26
22 18 27
22 18 28
22 18 29
22 18 30
22 18 31
22 18 32
22 18 33
22 18 34
22 18 35
22 18 36
22 18 37
22 19 9
22 19 10
22 19 11
22 19 12
22 19 13
22 19 14
22 19 15
22 19 16
22 19 17
22 19 18
22 19 19
22 19 20
22 19 21
22 19 22
22 19 23
22 19 24
22 19 25
22 19 26
22 19 27
22 19 28
22 19 29
22 19 30
22 19 31
22 19 32
22 19 33
22 19 34
22 19 35
22 19 36
22 19 37
22 20 9
22 20 10
22 20 11
22 20 12
22 20 13
22 20 14
22 20 15
22 20 16
22 20 17
22 20 18
22 20 19
22 20 20
22 20 21
22 20 22
22 20 23
22 20 24
22 20 25
22 20 26
22 20 27
22 20 28
22 20 29
22 20 30
22 20 31
22 20 32
22 20 33
22 20 34
22 20 35
22 20 36
22 20 37
22 20 38
22 21 8
22 21 9
22 21 10
22 21 11
22 21 12
22 21 13
22 21 14
22 21 15
22 21 16
22 21 17
22 21 18
22 21 19
22 21 20
22 21 21
22 21 22
22 21 23
22 21 24
22 21 25
22 21 26
22 21 27
22 21 28
22 21 29
22 21 30
22 21 31
22 21 32
22 21 33
22 21 34
22 21 35
22 21 36
22 21 37
22 22 9
22 22 10
22 22 11
22 47 25
22 47 26
22 47 27
22 48 24
22 48 25
22 48 26
22 49 24
22 49 25
22 49 26
22 50 24
22 50 25
23 11 31
23 11 32
23 12 21
23 12 22
23 12 23
23 12 32
23 12 33
23 13 20
23 13 21
23 13 22
23 13 32
23 13 33
23 13 34
23 14 18
23 14 19
23 14 20
23 14 21
23 14 22
23 14 33
23 14 34
23 14 35
23 15 17
23 15 18
23 15 19
23 15 20
23 15 33
23 15 34
23 15 35
23 15 36
23 16 16
23 16 17
23 16 18
23 16 19
23 16 33
23 16 34
23 16 35
23 16 36
23 16 37
23 17 11
23 17 12
23 17 13
23 17 14
23 17 15
23 17 16
23 17 17
23 17 18
23 17 19
23 17 20
23 17 21
23 17 22
23 17 23
23 17 24
23 17 25
23 17 26
23 17 27
23 17 28
23 17 29
23 17 30
23 17 31
23 17 32
23 17 33
23 17 34
23 17 35
23 17 36
23 17 37
23 18 10
23 18 11
23 18 12
23 18 13
23 18 14
23 18 15
23 18 16
23 18 17
23 18 18
23 18 19
23 18 20
23 18 21
23 18 22
23 18 23
23 18 24
23 18 25
23 18 26
23 18 27
23 18 28
23 18 29
23 18 30
23 18 31
23 18 32
23 18 33
23 18 34
23 18 35
23 18 36
23 18 37
23 19 9
23 19 10
23 19 11
23 19 12
23 19 13
23 19 14
23 19 15
23 19 16
23 19 17
23 19 18
23 19 19
23 19 20
23 19 21
23 19 22
23 19 23
23 19 24
23 19 25
23 19 26
23 19 27
23 19 28
23 19 29
23 19 30
23 19 31
23 19 32
23 19 33
23 19 34
23 19 35
23 19 36
23 19 37
23 19 38
23 20 8
23 20 9
23 20 10
23 20 11
23 20 12
23 20 13
23 20 14
23 20 15
23 20 16
23 20 17
23 20 18
23 20 19
23 20 20
23 20 21
23 20 22
23 20 23
23 20 24
23 20 25
23 20 26
23 20 27
23 20 28
23 20 29
23 20 30
23 20 31
23 20 32
23 20 33
23 20 34
23 20 35
23 20 36
23 20 37
23 20 38
23 20 39
23 21 8
23 21 9
23 21 10
23 21 11
23 21 12
23 21 13
23 21 14
23 21 15
23 21 16
23 21 17
23 21 18
23 21 19
23 21 20
23 21 21
23 21 22
23 21 23
23 21 24
23 21 25
23 21 26
23 21 27
23 21 28
23 21 29
23 21 30
23 21 31
23 21 32
23 21 33
23 21 34
23 21 35
23 21 36
23 21 37
23 21 38
23 21 39
23 22 9
23 22 10
23 22 11
23 22 12
23 22 13
23 22 14
23 22 15
23 22 16
23 22 17
23 22 18
23 22 19
23 22 20
23 22 21
23 22 22
23 22 23
23 22 24
23 22 25
23 22 26
23 22 27
23 22 28
23 22 29
23 22 30
23 22 31
23 22 32
23 22 33
23 22 34
23 22 35
23 22 36
23 22 37
23 22 38
23 22 39
23 22 40
23 23 10
23 23 11
23 23 12
23 23 13
23 23 14
23 23 15
23 23 16
23 23 17
23 23 18
23 23 19
23 23 20
23 23 21
23 23 22
23 23 23
23 23 24
23 23 25
23 23 26
23 23 27
23 23 28
23 23 29
23 23 30
23 23 31
23 23 32
23 23 33
23 23 34
23 23 35
23 23 36
23 23 37
23 23 38
23 23 39
23 23 40
23 24 10
23 24 11
23 24 12
23 24 13
23 24 14
23 24 15
23 24 16
23 24 17
23 24 18
23 24 19
23 24 20
23 24 21
23 24 22
23 24 23
23 24 24
23 24 25
23 24 26
23 24 27
23 24 28
23 24 29
23 24 30
23 24 31
23 24 32
23 24 33
23 24 34
23 24 35
23 24 36
23 24 37
23 24 38
23 24 39
23 46 25
23 46 26
23 46 27
23 47 25
23 47 26
23 47 27
23 48 24
23 48 25
23 48 26
23 48 27
23 49 24
23 49 25
23 49 26
24 14 34
24 15 17
24 15 18
24 15 34
24 15 35
24 15 36
24 16 13
24 16 14
24 16 16
24 16 17
24 16 18
24 16 34
24 16 35
24 16 36
24 16 37
24 17 11
24 17 12
24 17 13
24 17 14
24 17 15
24 17 16
24 17 17
24 17 35
24 17 36
24 17 37
24 18 10
24 18 11
24 18 12
24 18 13
24 18 14
24 18 15
24 18 16
24 18 35
24 18 36
24 18 37
24 18 38
24 19 9
24 19 10
24 19 11
24 19 12
24 19 13
24 19 14
24 19 15
24 19 36
24 19 37
24 19 38
24 19 39
24 20 8
24 20 9
24 20 10
24 20 11
24 20 12
24 20 13
24 20 14
24 20 15
24 20 16
24 20 17
24 20 18
24 20 19
24 20 20
24 20 21
24 20 22
24 20 23
24 20 24
24 20 25
24 20 26
24 20 27
24 20 28
24 20 29
24 20 30
24 20 31
24 20 32
24 20 33
24 20 34
24 20 35
24 20 36
24 20 37
24 20 38
24 20 39
24 20 40
24 21 8
24 21 9
24 21 10
24 21 11
24 21 12
24 21 13
24 21 14
24 21 15
24 21 16
24 21 17
24 21 18
24 21 19
24 21 20
24 21 21
24 21 22
24 21 23
24 21 24
24 21 25
24 21 26
24 21 27
24 21 28
24 21 29
24 21 30
24 21 31
24 21 32
24 21 33
24 21 34
24 21 35
24 21 36
24 21 37
24 21 38
24 21 39
24 21 40
24 22 9
24 22 10
24 22 11
24 22 12
24 22 13
24 22 14
24 22 15
24 22 16
24 22 17
24 22 18
24 22 19
24 22 20
24 22 21
24 22 22
24 22 23
24 22 24
24 22 25
24 22 26
24 22 27
24 22 28
24 22 29
24 22 30
24 22 31
24 22 32
24 22 33
24 22 34
24 22 35
24 22 36
24 22 37
24 22 38
24 22 39
24 22 40
24 23 9
24 23 10
24 23 11
24 23 12
24 23 13
24 23 14
24 23 15
24 23 16
24 23 17
24 23 18
24 23 19
24 23 20
24 23 21
24 23 22
24 23 23
24 23 24
24 23 25
24 23 26
24 23 27
24 23 28
24 23 29
24 23 30
24 23 31
24 23 32
24 23 33
24 23 34
24 23 35
24 23 36
24 23 37
24 23 38
24 23 39
24 23 40
24 23 41
24 24 9
24 24 10
24 24 11
24 24 12
24 24 13
24 24 14
24 24 15
24 24 16
24 24 17
24 24 18
24 24 19
24 24 20
24 24 21
24 24 22
24 24 23
24 24 24
24 24 25
24 24 26
24 24 27
24 24 28
24 24 29
24 24 30
24 24 31
24 24 32
24 24 33
24 24 34
24 24 35
24 24 36
24 24 37
24 24 38
24 24 39
24 24 40
24 24 41
24 25 9
24 25 10
24 25 11
24 25 12
24 25 13
24 25 14
24 25 15
24 25 16
24 25 17
24 25 18
24 25 19
24 25 20
24 25 21
24 25 22
24 25 23
24 25 24
24 25 25
24 25 26
24 25 27
24 25 28
24 25 29
24 25 30
24 25 31
24 25 32
24 25 33
24 25 34
24 25 35
24 25 36
24 25 37
24 25 38
24 25 39
24 25 40
24 25 41
24 25 42
24 26 10
24 26 11
24 26 12
24 26 13
24 26 14
24 26 15
24 26 16
24 26 17
24 26 18
24 26 19
24 26 20
24 26 21
24 26 22
24 26 23
24 26 24
24 26 25
24 26 26
24 26 27
24 26 28
24 26 29
24 26 30
24 26 31
24 26 32
24 26 33
24 26 34
24 26 35
24 26 36
24 26 37
24 26 38
24 26 39
24 26 40
24 26 41
24 26 42
24 27 11
24 27 12
24 27 13
24 27 14
24 27 15
24 27 16
24 27 17
24 27 18
24 27 19
24 27 20
24 27 21
24 27 22
24 27 23
24 27 24
24 27 25
24 27 26
24 27 27
24 27 28
24 27 29
24 27 30
24 27 31
24 27 32
24 27 33
24 27 34
24 27 35
24 27 36
24 27 37
24 27 38
24 27 39
24 27 40
24 27 41
24 27 42
24 45 26
24 45 27
24 45 28
24 46 25
24 46 26
24 46 27
24 46 28
24 47 25
24 47 26
24 47 27
24 48 25
24 48 26
24 48 27
25 16 12
25 16 13
25 16 14
25 16 15
25 17 11
25 17 12
25 17 13
25 17 14
25 17 15
25 17 36
25 18 10
25 18 11
25 18 12
25 18 13
25 18 14
25 18 36
25 18 37
25 18 38
25 19 9
25 19 10
25 19 11
25 19 12
25 19 13
25 19 14
25 19 36
25 19 37
25 19 38
25 19 39
25 20 8
25 20 9
25 20 10
25 20 11
25 20 12
25 20 13
25 20 37
25 20 38
25 20 39
25 20 40
25 21 8
25 21 9
25 21 10
25 21 11
25 21 12
25 21 38
25 21 39
25 21 40
25 22 9
25 22 10
25 22 11
25 22 38
25 22 39
25 22 40
25 22 41
25 23 9
25 23 10
25 23 11
25 23 12
25 23 13
25 23 14
25 23 15
25 23 16
25 23 17
25 23 18
25 23 19
25 23 20
25 23 21
25 23 22
25 23 23
25 23 25
25 23 26
25 23 27
25 23 28
25 23 30
25 23 32
25 23 33
25 23 34
25 23 35
25 23 36
25 23 37
25 23 38
25 23 39
25 23 40
25 23 41
25 23 42
25 24 8
25 24 9
25 24 10
25 24 11
25 24 12
25 24 13
25 24 14
25 24 15
25 24 16
25 24 17
25 24 18
25 24 19
25 24 20
25 24 21
25 24 22
25 24 23
25 24 24
25 24 25
25 24 26
25 24 27
25 24 28
25 24 29
25 24 30
25 24 31
25 24 32
25 24 33
25 24 34
25 24 35
25 24 36
25 24 37
25 24 38
25 24 39
25 24 40
25 24 41
25 24 42
25 25 9
25 25 10
25 25 11
25 25 12
25 25 13
25 25 14
25 25 15
25 25 16
25 25 17
25 25 18
25 25 19
25 25 20
25 25 21
25 25 22
25 25 23
25 25 24
25 25 25
25 25 26
25 25 27
25 25 28
25 25 29
25 25 30
25 25 31
25 25 32
25 25 33
25 25 34
25 25 35
25 25 36
25 25 37
25 25 38
25 25 39
25 25 40
25 25 41
25 25 42
25 25 43
25 26 10
25 26 11
25 26 12
25 26 13
25 26 14
25 26 15
25 26 16
25 26 17
25 26 18
25 26 19
25 26 20
25 26 21
25 26 22
25 26 23
25 26 24
25 26 25
25 26 26
25 26 27
25 26 28
25 26 29
25 26 30
25 26 31
25 26 32
25 26 33
25 26 34
25 26 35
25 26 36
25 26 37
25 26 38
25 26 39
25 26 40
25 26 41
25 26 42
25 26 43
25 27 10
25 27 11
25 27 12
25 27 13
25 27 14
25 27 15
25 27 16
25 27 17
25 27 18
25 27 19
25 27 20
25 27 21
25 27 22
25 27 23
25 27 24
25 27 25
25 27 26
25 27 27
25 27 28
25 27 29
25 27 30
25 27 31
25 27 32
25 27 33
25 27 34
25 27 35
25 27 36
25 27 37
25 27 38
25 27 39
25 27 40
25 27 41
25 27 42
25 27 43
25 27 44
25 28 11
25 28 12
25 28 13
25 28 14
25 28 15
25 28 16
25 28 17
25 28 18
25 28 19
25 28 20
25 28 21
25 28 22
25 28 23
25 28 24
25 28 25
25 28 26
25 28 27
25 28 28
25 28 29
25 28 30
25 28 31
25 28 32
25 28 33
25 28 34
25 28 35
25 28 36
25 28 37
25 28 38
25 28 39
25 28 40
25 28 41
25 28 42
25 28 43
25 28 44
25 29 12
25 29 13
25 29 14
25 29 15
25 29 16
25 29 17
25 29 18
25 29 19
25 29 20
25 29 21
25 29 22
25 29 23
25 29 24
25 29 25
25 29 26
25 29 27
25 29 28
25 29 29
25 29 30
25 29 31
25 29 32
25 29 33
25 29 34
25 29 35
25 29 36
25 29 37
25 29 38
25 29 39
25 29 40
25 29 41
25 29 42
25 29 43
25 29 44
25 30 13
25 30 14
25 30 15
25 30 16
25 30 17
25 30 18
25 30 19
25 30 20
25 30 21
25 30 22
25 30 23
25 30 24
25 30 25
25 30 26
25 30 27
25 30 28
25 30 29
25 30 30
25 30 31
25 30 32
25 30 33
25 30 34
25 30 35
25 30 36
25 30 37
25 30 38
25 30 39
25 30 40
25 30 41
25 30 42
25 30 43
25 44 28
25 45 26
25 45 27
25 45 28
25 46 25
25 46 26
25 46 27
25 46 28
25 47 25
25 47 26
25 47 27
26 15 14
26 15 15
26 16 13
26 16 14
26 16 15
26 17 12
26 17 13
26 17 14
26 17 15
26 18 11
26 18 12
26 18 13
26 18 14
26 19 8
26 19 9
26 19 10
26 19 11
26 19 13
26 20 8
26 20 9
26 20 10
26 20 11
26 20 38
26 20 39
26 21 8
26 21 9
26 21 10
26 21 39
26 21 40
26 22 8
26 22 9
26 22 10
26 22 39
26 22 40
26 22 41
26 23 8
26 23 9
26 23 10
26 23 39
26 23 40
26 23 41
26 23 42
26 24 8
26 24 9
26 24 10
26 24 11
26 24 40
26 24 41
26 24 42
26 24 43
26 25 9
26 25 10
26 25 11
26 25 40
26 25 41
26 25 42
26 25 43
26 26 9
26 26 10
26 26 11
26 26 12
26 26 14
26 26 15
26 26 17
26 26 19
26 26 21
26 26 22
26 26 24
26 26 26
26 26 27
26 26 29
26 26 31
26 26 33
26 26 34
26 26 36
26 26 38
26 26 40
26 26 41
26 26 42
26 26 43
26 26 44
26 27 10
26 27 11
26 27 12
26 27 13
26 27 14
26 27 15
26 27 16
26 27 17
26 27 18
26 27 19
26 27 20
26 27 21
26 27 22
26 27 23
26 27 24
26 27 25
26 27 26
26 27 27
26 27 28
26 27 29
26 27 30
26 27 31
26 27 32
26 27 33
26 27 34
26 27 35
26 27 36
26 27 37
26 27 38
26 27 39
26 27 40
26 27 41
26 27 42
26 27 43
26 27 44
26 27 45
26 28 11
26 28 12
26 28 13
26 28 14
26 28 15
26 28 16
26 28 17
26 28 18
26 28 19
26 28 20
26 28 21
26 28 22
26 28 23
26 28 24
26 28 25
26 28 26
26 28 27
26 28 28
26 28 29
26 28 30
26 28 31
26 28 32
26 28 33
26 28 34
26 28 35
26 28 36
26 28 37
26 28 38
26 28 39
26 28 40
26 28 41
26 28 42
26 28 43
26 28 44
26 29 12
26 29 13
26 29 14
26 29 15
26 29 16
26 29 17
26 29 18
26 29 19
26 29 20
26 29 21
26 29 22
26 29 23
26 29 24
26 29 25
26 29 26
26 29 27
26 29 28
26 29 29
26 29 30
26 29 31
26 29 32
26 29 33
26 29 34
26 29 35
26 29 36
26 29 37
26 29 38
26 29 39
26 29 40
26 29 41
26 29 42
26 29 43
26 29 44
26 29 45
26 30 12
26 30 13
26 30 14
26 30 15
26 30 16
26 30 17
26 30 18
26 30 19
26 30 20
26 30 21
26 30 22
26 30 23
26 30 24
26 30 25
26 30 26
26 30 27
26 30 28
26 30 29
26 30 30
26 30 31
26 30 32
26 30 33
26 30 34
26 30 35
26 30 36
26 30 37
26 30 38
26 30 39
26 30 40
26 30 41
26 30 42
26 30 43
26 30 44
26 31 13
26 31 14
26 31 15
26 31 16
26 31 17
26 31 18
26 31 19
26 31 20
26 31 21
26 31 22
26 31 23
26 31 24
26 31 25
26 31 26
26 31 27
26 31 28
26 31 29
26 31 30
26 31 31
26 31 32
26 31 33
26 31 34
26 31 35
26 31 36
26 31 37
26 31 38
26 31 39
26 31 40
26 31 41
26 31 42
26 31 43
26 31 44
26 32 15
26 32 16
26 32 17
26 32 18
26 32 19
26 32 20
26 32 21
26 32 22
26 32 23
26 32 24
26 32 25
26 32 26
26 32 27
26 32 28
26 32 29
26 32 30
26 32 31
26 32 32
26 32 33
26 32 34
26 32 35
26 32 36
26 32 37
26 32 38
26 32 39
26 32 40
26 32 41
26 32 42
26 32 43
26 33 16
26 33 17
26 33 18
26 33 19
26 33 20
26 33 21
26 33 22
26 33 23
26 33 24
26 33 25
26 33 26
26 33 27
26 33 28
26 33 29
26 33 30
26 33 31
26 33 32
26 33 33
26 33 34
26 33 35
26 33 36
26 33 37
26 33 38
26 33 39
26 33 40
26 33 41
26 44 27
26 44 28
26 44 29
26 45 26
26 45 27
26 45 28
26 45 29
26 46 26
26 46 27
26 46 28
26 47 26
26 47 27
26 47 28
27 14 16
27 15 13
27 15 14
27 15 15
27 15 16
27 16 13
27 16 14
27 16 15
27 16 16
27 17 13
27 17 14
27 17 15
27 18 13
27 18 14
27 19 8
27 19 9
27 19 10
27 20 8
27 20 9
27 20 10
27 20 11
27 21 8
27 21 9
27 21 10
27 23 41
27 24 9
27 24 41
27 24 42
27 25 9
27 25 10
27 25 11
27 25 41
27 25 42
27 25 43
27 26 9
27 26 10
27 26 11
27 26 12
27 26 42
27 26 43
27 26 44
27 27 10
27 27 11
27 27 12
27 27 13
27 27 42
27 27 43
27 27 44
27 27 45
27 28 11
27 28 12
27 28 13
27 28 14
27 28 43
27 28 44
27 28 45
27 29 11
27 29 12
27 29 13
27 29 14
27 29 32
27 29 37
27 29 42
27 29 43
27 29 44
27 29 45
27 30 12
27 30 13
27 30 14
27 30 15
27 30 16
27 30 17
27 30 18
27 30 19
27 30 20
27 30 21
27 30 22
27 30 23
27 30 24
27 30 25
27 30 26
27 30 27
27 30 28
27 30 29
27 30 30
27 30 31
27 30 32
27 30 33
27 30 34
27 30 35
27 30 36
27 30 37
27 30 38
27 30 39
27 30 40
27 30 41
27 30 42
27 30 43
27 30 44
27 30 45
27 31 13
27 31 14
27 31 15
27 31 16
27 31 17
27 31 18
27 31 19
27 31 20
27 31 21
27 31 22
27 31 23
27 31 24
27 31 25
27 31 26
27 31 27
27 31 28
27 31 29
27 31 30
27 31 31
27 31 32
27 31 33
27 31 34
27 31 35
27 31 36
27 31 37
27 31 38
27 31 39
27 31 40
27 31 41
27 31 42
27 31 43
27 31 44
27 32 14
27 32 15
27 32 16
27 32 17
27 32 18
27 32 19
27 32 20
27 32 21
27 32 22
27 32 23
27 32 24
27 32 25
27 32 26
27 32 27
27 32 28
27 32 29
27 32 30
27 32 31
27 32 32
27 32 33
27 32 34
27 32 35
27 32 36
27 32 37
27 32 38
27 32 39
27 32 40
27 32 41
27 32 42
27 32 43
27 33 15
27 33 16
27 33 17
27 33 18
27 33 19
27 33 20
27 33 21
27 33 22
27 33 23
27 33 24
27 33 25
27 33 26
27 33 27
27 33 28
27 33 29
27 33 30
27 33 31
27 33 32
27 33 33
27 33 34
27 33 35
27 33 36
27 33 37
27 33 38
27 33 39
27 33 40
27 33 41
27 33 42
27 34 16
27 34 17
27 34 18
27 34 19
27 34 20
27 34 21
27 34 22
27 34 23
27 34 24
27 34 25
27 34 26
27 34 27
27 34 28
27 34 29
27 34 30
27 34 31
27 34 32
27 34 33
27 34 34
27 34 35
27 34 36
27 34 37
27 34 38
27 34 39
27 34 40
27 35 17
27 35 18
27 35 19
27 35 20
27 35 21
27 35 22
27 35 23
27 35 24
27 35 25
27 35 26
27 35 27
27 35 28
27 35 29
27 35 30
27 35 31
27 35 32
27 35 33
27 35 34
27 35 35
27 35 36
27 35 37
27 35 38
27 35 39
27 36 18
27 36 19
27 36 20
27 36 21
27 36 22
27 36 23
27 36 24
27 36 25
27 36 26
27 36 27
27 36 28
27 36 29
27 36 30
27 36 31
27 36 32
27 36 33
27 36 34
27 36 35
27 36 36
27 36 37
27 43 28
27 43 29
27 43 30
27 44 27
27 44 28
27 44 29
27 45 26
27 45 27
27 45 28
27 45 29
27 46 27
27 46 28
28 14 14
28 14 15
28 14 16
28 15 13
28 15 14
28 15 15
28 15 16
28 15 17
28 16 13
28 16 14
28 16 15
28 16 16
28 17 14
28 17 15
28 19 8
28 19 9
28 19 10
28 19 11
28 20 8
28 20 9
28 20 10
28 21 8
28 21 9
28 21 10
28 26 10
28 26 11
28 26 43
28 27 10
28 27 11
28 27 43
28 27 44
28 28 11
28 28 12
28 28 13
28 28 44
28 28 45
28 29 11
28 29 12
28 29 13
28 29 14
28 29 43
28 29 44
28 29 45
28 30 12
28 30 13
28 30 14
28 30 15
28 30 43
28 30 44
28 30 45
28 31 13
28 31 14
28 31 15
28 31 16
28 31 42
28 31 43
28 31 44
28 32 14
28 32 15
28 32 16
28 32 17
28 32 18
28 32 41
28 32 42
28 32 43
28 33 15
28 33 16
28 33 17
28 33 18
28 33 19
28 33 20
28 33 21
28 33 22
28 33 23
28 33 24
28 33 25
28 33 26
28 33 27
28 33 28
28 33 29
28 33 30
28 33 31
28 33 32
28 33 33
28 33 34
28 33 35
28 33 36
28 33 37
28 33 38
28 33 39
28 33 40
28 33 41
28 33 42
28 34 15
28 34 16
28 34 17
28 34 18
28 34 19
28 34 20
28 34 21
28 34 22
28 34 23
28 34 24
28 34 25
28 34 26
28 34 27
28 34 28
28 34 29
28 34 30
28 34 31
28 34 32
28 34 33
28 34 34
28 34 35
28 34 36
28 34 37
28 34 38
28 34 39
28 34 40
28 34 41
28 35 17
28 35 18
28 35 19
28 35 20
28 35 21
28 35 22
28 35 23
28 35 24
28 35 25
28 35 26
28 35 27
28 35 28
28 35 29
28 35 30
28 35 31
28 35 32
28 35 33
28 35 34
28 35 35
28 35 36
28 35 37
28 35 38
28 35 39
28 36 17
28 36 18
28 36 19
28 36 20
28 36 21
28 36 22
28 36 23
28 36 24
28 36 25
28 36 26
28 36 27
28 36 28
28 36 29
28 36 30
28 36 31
28 36 32
28 36 33
28 36 34
28 36 35
28 36 36
28 36 37
28 36 38
28 37 18
28 37 19
28 37 20
28 37 21
28 37 22
28 37 23
28 37 24
28 37 25
28 37 26
28 37 27
28 37 28
28 37 29
28 37 30
28 37 31
28 37 32
28 37 33
28 37 34
28 37 35
28 37 36
28 38 19
28 38 20
28 38 21
28 38 22
28 38 23
28 38 24
28 38 25
28 38 26
28 38 27
28 38 28
28 38 29
28 38 30
28 38 31
28 38 32
28 38 33
28 38 34
28 39 20
28 39 21
28 39 22
28 39 23
28 39 24
28 39 25
28 39 26
28 39 27
28 39 28
28 39 29
28 39 30
28 39 31
28 39 32
28 42 29
28 43 27
28 43 28
28 43 29
28 43 30
28 44 27
28 44 28
28 44 29
28 44 30
28 45 27
28 45 28
28 45 29
29 13 15
29 13 16
29 13 17
29 14 14
29 14 15
29 14 16
29 14 17
29 15 14
29 15 15
29 15 16
29 15 17
29 16 14
29 16 15
29 16 16
29 18 9
29 18 10
29 19 8
29 19 9
29 19 10
29 20 7
29 20 8
29 20 9
29 20 10
29 21 8
29 21 9
29 29 13
29 30 13
29 30 14
29 30 44
29 31 14
29 31 15
29 31 42
29 31 43
29 31 44
29 32 14
29 32 15
29 32 16
29 32 17
29 32 41
29 32 42
29 32 43
29 33 14
29 33 15
29 33 16
29 33 17
29 33 40
29 33 41
29 33 42
29 33 43
29 34 15
29 34 16
29 34 17
29 34 18
29 34 38
29 34 39
29 34 40
29 34 41
29 35 16
29 35 17
29 35 18
29 35 19
29 35 36
29 35 37
29 35 38
29 35 39
29 35 40
29 36 17
29 36 18
29 36 19
29 36 20
29 36 21
29 36 22
29 36 23
29 36 24
29 36 25
29 36 26
29 36 27
29 36 28
29 36 29
29 36 30
29 36 31
29 36 32
29 36 33
29 36 34
29 36 35
29 36 36
29 36 37
29 36 38
29 37 18
29 37 19
29 37 20
29 37 21
29 37 22
29 37 23
29 37 24
29 37 25
29 37 26
29 37 27
29 37 28
29 37 29
29 37 30
29 37 31
29 37 32
29 37 33
29 37 34
29 37 35
29 37 36
29 37 37
29 38 19
29 38 20
29 38 21
29 38 22
29 38 23
29 38 24
29 38 25
29 38 26
29 38 27
29 38 28
29 38 29
29 38 30
29 38 31
29 38 32
29 38 33
29 38 34
29 38 35
29 39 19
29 39 20
29 39 21
29 39 22
29 39 23
29 39 24
29 39 25
29 39 26
29 39 27
29 39 28
29 39 29
29 39 30
29 39 31
29 39 32
29 39 33
29 40 20
29 40 21
29 40 22
29 40 23
29 40 24
29 40 25
29 40 26
29 40 27
29 40 28
29 40 29
29 40 30
29 40 31
29 40 32
29 41 21
29 41 22
29 41 23
29 41 24
29 41 25
29 41 26
29 41 27
29 41 28
29 41 29
29 41 30
29 42 23
29 42 24
29 42 25
29 42 26
29 42 27
29 42 28
29 42 29
29 42 30
29 42 31
29 43 23
29 43 25
29 43 27
29 43 28
29 43 29
29 43 30
29 44 27
29 44 28
29 44 29
29 44 30
29 45 27
29 45 28
30 12 17
30 13 15
30 13 16
30 13 17
30 13 18
30 14 14
30 14 15
30 14 16
30 14 17
30 15 15
30 15 16
30 16 16
30 18 9
30 18 10
30 19 7
30 19 8
30 19 9
30 19 10
30 20 7
30 20 8
30 20 9
30 20 10
30 21 8
30 21 9
30 33 15
30 33 16
30 34 16
30 34 17
30 34 18
30 34 39
30 34 40
30 35 16
30 35 17
30 35 18
30 35 19
30 35 36
30 35 37
30 35 38
30 35 39
30 35 40
30 36 17
30 36 18
30 36 19
30 36 20
30 36 35
30 36 36
30 36 37
30 36 38
30 37 17
30 37 18
30 37 19
30 37 20
30 37 34
30 37 35
30 37 36
30 37 37
30 38 18
30 38 19
30 38 20
30 38 21
30 38 32
30 38 33
30 38 34
30 38 35
30 38 36
30 39 19
30 39 20
30 39 21
30 39 22
30 39 23
30 39 24
30 39 25
30 39 26
30 39 27
30 39 28
30 39 29
30 39 30
30 39 31
30 39 32
30 39 33
30 39 34
30 40 20
30 40 21
30 40 22
30 40 23
30 40 24
30 40 25
30 40 26
30 40 27
30 40 28
30 40 29
30 40 30
30 40 31
30 40 32
30 41 21
30 41 22
30 41 23
30 41 24
30 41 25
30 41 26
30 41 27
30 41 28
30 41 29
30 41 30
30 41 31
30 42 22
30 42 23
30 42 24
30 42 25
30 42 26
30 42 27
30 42 28
30 42 29
30 42 30
30 42 31
30 43 23
30 43 24
30 43 25
30 43 26
30 43 27
30 43 28
30 43 29
30 43 30
30 44 25
30 44 26
30 44 27
30 44 28
30 44 29
30 44 30
30 45 27
30 45 28
31 11 18
31 12 16
31 12 17
31 12 18
31 13 15
31 13 16
31 13 17
31 13 18
31 14 15
31 14 16
31 14 17
31 15 15
31 15 16
31 18 8
31 18 9
31 19 7
31 19 8
31 19 9
31 19 10
31 20 7
31 20 8
31 20 9
31 21 8
31 36 17
31 36 18
31 37 18
31 37 19
31 37 20
31 37 34
31 37 35
31 37 36
31 38 19
31 38 20
31 38 21
31 38 32
31 38 33
31 38 34
31 38 35
31 39 19
31 39 20
31 39 21
31 39 22
31 39 31
31 39 32
31 39 33
31 39 34
31 40 20
31 40 21
31 40 22
31 40 23
31 40 29
31 40 30
31 40 31
31 40 32
31 40 33
31 41 20
31 41 21
31 41 22
31 41 23
31 41 24
31 41 28
31 41 29
31 41 30
31 41 31
31 42 21
31 42 22
31 42 23
31 42 24
31 42 25
31 42 26
31 42 27
31 42 28
31 42 29
31 42 30
31 42 31
31 43 23
31 43 24
31 43 25
31 43 26
31 43 27
31 43 28
31 43 29
31 43 30
31 44 24
31 44 25
31 44 26
31 44 27
31 44 28
31 44 29
31 45 27
31 45 28
32 11 17
32 11 18
32 11 19
32 12 16
32 12 17
32 12 18
32 12 19
32 13 15
32 13 16
32 13 17
32 13 18
32 14 16
32 14 17
32 18 8
32 18 9
32 19 7
32 19 8
32 19 9
32 19 10
32 20 7
32 20 8
32 20 9
32 21 8
32 39 20
32 39 21
32 39 31
32 39 32
32 40 20
32 40 21
32 40 22
32 40 30
32 40 31
32 40 32
32 41 21
32 41 22
32 41 23
32 41 28
32 41 29
32 41 30
32 41 31
32 42 21
32 42 22
32 42 23
32 42 24
32 42 25
32 42 26
32 42 27
32 42 28
32 42 29
32 42 30
32 42 31
32 43 22
32 43 23
32 43 24
32 43 25
32 43 26
32 43 27
32 43 28
32 43 29
32 43 30
32 44 24
32 44 25
32 44 26
32 44 27
32 44 28
32 44 29
32 45 27
32 45 28
33 10 17
33 10 18
33 10 19
33 11 16
33 11 17
33 11 18
33 11 19
33 12 16
33 12 17
33 12 18
33 12 19
33 13 16
33 13 17
33 13 18
33 18 7
33 18 8
33 18 9
33 19 7
33 19 8
33 19 9
33 20 7
33 20 8
33 20 9
33 38 32
33 39 30
33 39 31
33 39 32
33 39 33
33 40 30
33 40 31
33 40 32
33 40 33
33 41 30
33 41 31
33 41 32
33 42 22
33 42 23
33 42 26
33 42 27
33 42 28
33 42 29
33 42 30
33 42 31
33 43 23
33 43 24
33 43 25
33 43 26
33 43 27
33 43 28
33 43 29
33 43 30
33 44 25
33 44 26
33 44 27
33 44 28
33 44 29
33 45 27
33 45 28
34 9 18
34 9 19
34 9 20
34 10 17
34 10 18
34 10 19
34 10 20
34 11 17
34 11 18
34 11 19
34 12 16
34 12 17
34 12 18
34 12 19
34 13 17
34 13 18
34 18 7
34 18 8
34 18 9
34 19 6
34 19 7
34 19 8
34 19 9
34 20 7
34 20 8
34 38 31
34 38 32
34 38 33
34 39 30
34 39 31
34 39 32
34 39 33
34 40 30
34 40 31
34 40 32
34 40 33
34 41 30
34 41 31
34 41 32
34 42 26
34 42 27
34 42 28
34 42 29
34 42 30
34 42 31
34 43 25
34 43 26
34 43 27
34 43 28
34 43 29
34 43 30
34 44 26
34 44 27
34 44 28
35 8 20
35 9 18
35 9 19
35 9 20
35 10 17
35 10 18
35 10 19
35 10 20
35 11 17
35 11 18
35 11 19
35 12 17
35 12 18
35 12 19
35 17 8
35 18 6
35 18 7
35 18 8
35 18 9
35 19 6
35 19 7
35 19 8
35 19 9
35 20 7
35 20 8
35 37 32
35 37 33
35 37 34
35 38 31
35 38 32
35 38 33
35 38 34
35 39 31
35 39 32
35 39 33
35 40 31
35 40 32
35 40 33
35 41 31
35 41 32
35 42 26
35 42 27
35 42 28
35 43 25
35 43 26
35 43 27
35 43 28
35 44 26
35 44 27
35 44 28
36 8 19
36 8 20
36 9 18
36 9 19
36 9 20
36 9 21
36 10 17
36 10 18
36 10 19
36 10 20
36 11 18
36 11 19
36 11 20
36 17 7
36 17 8
36 18 6
36 18 7
36 18 8
36 18 9
36 19 6
36 19 7
36 19 8
36 20 7
36 20 8
36 36 33
36 36 34
36 37 32
36 37 33
36 37 34
36 38 31
36 38 32
36 38 33
36 38 34
36 39 31
36 39 32
36 39 33
36 41 27
36 42 25
36 42 26
36 42 27
36 42 28
36 43 25
36 43 26
36 43 27
36 43 28
36 44 26
36 44 27
37 7 20
37 7 21
37 8 18
37 8 19
37 8 20
37 8 21
37 9 18
37 9 19
37 9 20
37 9 21
37 10 18
37 10 19
37 10 20
37 17 7
37 17 8
37 18 6
37 18 7
37 18 8
37 19 6
37 19 7
37 19 8
37 20 7
37 36 33
37 36 34
37 36 35
37 37 32
37 37 33
37 37 34
37 37 35
37 38 32
37 38 33
37 38 34
37 39 32
37 39 33
37 41 26
37 41 27
37 42 25
37 42 26
37 42 27
37 42 28
37 43 25
37 43 26
37 43 27
37 44 26
37 44 27
38 6 21
38 7 19
38 7 20
38 7 21
38 7 22
38 8 19
38 8 20
38 8 21
38 8 22
38 9 19
38 9 20
38 9 21
38 10 19
38 10 20
38 17 6
38 17 7
38 17 8
38 18 6
38 18 7
38 18 8
38 19 6
38 19 7
38 19 8
38 20 7
38 35 34
38 35 35
38 36 32
38 36 33
38 36 34
38 36 35
38 37 32
38 37 33
38 37 34
38 38 33
38 38 34
38 41 26
38 41 27
38 42 25
38 42 26
38 42 27
38 43 25
38 43 26
38 43 27
38 44 26
39 6 20
39 6 21
39 6 22
39 7 19
39 7 20
39 7 21
39 7 22
39 8 19
39 8 20
39 8 21
39 8 22
39 9 19
39 9 20
39 9 21
39 17 6
39 17 7
39 17 8
39 18 5
39 18 6
39 18 7
39 18 8
39 19 6
39 19 7
39 19 8
39 34 35
39 34 36
39 35 33
39 35 34
39 35 35
39 35 36
39 36 33
39 36 34
39 36 35
39 37 33
39 37 34
39 37 35
39 41 25
39 41 26
39 41 27
39 42 25
39 42 26
39 42 27
39 43 24
39 43 25
39 43 26
39 43 27
39 44 26
40 5 21
40 5 22
40 5 23
40 6 20
40 6 21
40 6 22
40 6 23
40 7 20
40 7 21
40 7 22
40 8 20
40 8 21
40 16 7
40 17 5
40 17 6
40 17 7
40 17 8
40 18 5
40 18 6
40 18 7
40 18 8
40 19 6
40 19 7
40 33 36
40 34 34
40 34 35
40 34 36
40 35 33
40 35 34
40 35 35
40 35 36
40 36 33
40 36 34
40 36 35
40 41 25
40 41 26
40 41 27
40 42 24
40 42 25
40 42 26
40 42 27
40 43 25
40 43 26
41 4 22
41 4 23
41 5 21
41 5 22
41 5 23
41 6 20
41 6 21
41 6 22
41 6 23
41 6 24
41 7 20
41 7 21
41 7 22
41 7 23
41 7 24
41 8 22
41 8 23
41 8 24
41 9 23
41 9 24
41 16 7
41 17 5
41 17 6
41 17 7
41 17 8
41 18 5
41 18 6
41 18 7
41 18 8
41 19 5
41 19 6
41 19 7
41 33 35
41 33 36
41 33 37
41 34 34
41 34 35
41 34 36
41 34 37
41 35 34
41 35 35
41 35 36
41 36 34
41 36 35
41 36 36
41 41 25
41 41 26
41 41 27
41 42 24
41 42 25
41 42 26
41 43 24
41 43 25
41 43 26
42 4 22
42 4 23
42 4 24
42 5 21
42 5 22
42 5 23
42 5 24
42 6 21
42 6 22
42 6 23
42 6 24
42 7 21
42 7 22
42 7 23
42 7 24
42 7 25
42 8 22
42 8 23
42 8 24
42 8 25
42 8 26
42 9 23
42 9 24
42 9 25
42 9 26
42 10 24
42 10 25
42 10 26
42 10 27
42 11 24
42 11 25
42 11 26
42 12 25
42 12 26
42 12 27
42 16 7
42 17 5
42 17 6
42 17 7
42 17 8
42 18 5
42 18 6
42 18 7
42 19 6
42 32 36
42 32 37
42 33 35
42 33 36
42 33 37
42 34 35
42 34 36
42 34 37
42 35 34
42 35 35
42 35 36
42 40 26
42 41 24
42 41 25
42 41 26
42 42 24
42 42 25
42 42 26
42 43 25
42 43 26
43 2 24
43 3 22
43 3 23
43 3 24
43 4 21
43 4 22
43 4 23
43 4 24
43 4 25
43 5 21
43 5 22
43 5 23
43 5 24
43 6 22
43 6 23
43 7 22
43 7 23
43 7 24
43 8 22
43 8 23
43 8 24
43 8 25
43 8 26
43 9 23
43 9 24
43 9 25
43 9 26
43 9 27
43 10 24
43 10 25
43 10 26
43 10 27
43 11 24
43 11 25
43 11 26
43 11 27
43 11 28
43 12 25
43 12 26
43 12 27
43 12 28
43 12 29
43 13 26
43 13 27
43 13 28
43 13 29
43 14 27
43 14 28
43 14 29
43 15 27
43 15 28
43 15 29
43 16 5
43 16 6
43 16 7
43 17 4
43 17 5
43 17 6
43 17 7
43 17 8
43 18 5
43 18 6
43 18 7
43 19 6
43 31 37
43 31 38
43 32 35
43 32 36
43 32 37
43 32 38
43 33 35
43 33 36
43 33 37
43 34 35
43 34 36
43 34 37
43 40 25
43 40 26
43 41 24
43 41 25
43 41 26
43 42 24
43 42 25
43 42 26
43 43 25
44 2 23
44 2 24
44 2 25
44 3 22
44 3 23
44 3 24
44 3 25
44 4 22
44 4 23
44 4 24
44 5 22
44 5 23
44 5 24
44 10 24
44 10 25
44 10 26
44 11 25
44 11 26
44 11 27
44 11 28
44 12 26
44 12 27
44 12 28
44 12 29
44 13 26
44 13 27
44 13 28
44 13 29
44 13 30
44 14 27
44 14 28
44 14 29
44 14 30
44 15 28
44 15 29
44 15 30
44 15 31
44 16 5
44 16 6
44 16 7
44 16 28
44 16 29
44 16 30
44 16 31
44 17 4
44 17 5
44 17 6
44 17 7
44 17 29
44 17 30
44 17 31
44 18 4
44 18 5
44 18 6
44 18 7
44 18 8
44 18 30
44 18 31
44 19 6
44 19 7
44 30 38
44 31 36
44 31 37
44 31 38
44 31 39
44 32 35
44 32 36
44 32 37
44 32 38
44 33 36
44 33 37
44 33 38
44 34 36
44 40 25
44 40 26
44 41 24
44 41 25
44 41 26
44 42 24
44 42 25
44 42 26
44 43 25
45 1 24
45 1 25
45 2 23
45 2 24
45 2 25
45 2 26
45 3 22
45 3 23
45 3 24
45 3 25
45 4 23
45 4 24
45 4 25
45 5 23
45 5 24
45 13 27
45 13 28
45 14 27
45 14 28
45 14 29
45 14 30
45 15 28
45 15 29
45 15 30
45 15 31
45 16 4
45 16 5
45 16 6
45 16 7
45 16 29
45 16 30
45 16 31
45 16 32
45 17 4
45 17 5
45 17 6
45 17 7
45 17 29
45 17 30
45 17 31
45 17 32
45 17 33
45 18 4
45 18 5
45 18 6
45 18 7
45 18 8
45 18 30
45 18 31
45 18 32
45 18 33
45 19 5
45 19 6
45 19 7
45 19 8
45 19 9
45 19 31
45 19 32
45 19 33
45 20 6
45 20 7
45 20 8
45 20 9
45 20 10
45 20 31
45 20 32
45 20 33
45 20 34
45 21 7
45 21 8
45 21 9
45 21 10
45 21 32
45 21 33
45 21 34
45 22 8
45 22 9
45 30 37
45 30 38
45 30 39
45 31 36
45 31 37
45 31 38
45 31 39
45 32 36
45 32 37
45 32 38
45 33 36
45 33 37
45 33 38
45 40 24
45 40 25
45 40 26
45 41 23
45 41 24
45 41 25
45 41 26
45 42 23
45 42 24
45 42 25
45 43 24
46 0 26
46 1 24
46 1 25
46 1 26
46 2 23
46 2 24
46 2 25
46 2 26
46 3 23
46 3 24
46 3 25
46 4 23
46 4 24
46 16 4
46 16 5
46 16 6
46 16 7
46 16 29
46 16 30
46 16 31
46 17 4
46 17 5
46 17 6
46 17 7
46 17 29
46 17 30
46 17 31
46 17 32
46 17 33
46 18 4
46 18 5
46 18 6
46 18 7
46 18 30
46 18 31
46 18 32
46 18 33
46 18 34
46 19 5
46 19 6
46 19 7
46 19 8
46 19 9
46 19 31
46 19 32
46 19 33
46 19 34
46 20 6
46 20 7
46 20 8
46 20 9
46 20 10
46 20 31
46 20 32
46 20 33
46 20 34
46 20 35
46 21 7
46 21 8
46 21 9
46 21 10
46 21 11
46 21 32
46 21 33
46 21 34
46 21 35
46 21 36
46 22 8
46 22 9
46 22 10
46 22 11
46 22 33
46 22 34
46 22 35
46 22 36
46 23 8
46 23 9
46 23 10
46 23 11
46 23 12
46 23 33
46 23 34
46 23 35
46 23 36
46 24 9
46 24 10
46 24 11
46 24 12
46 24 34
46 24 35
46 24 36
46 25 10
46 25 11
46 25 12
46 29 38
46 29 39
46 30 37
46 30 38
46 30 39
46 30 40
46 31 36
46 31 37
46 31 38
46 31 39
46 32 37
46 32 38
46 40 24
46 40 25
46 40 26
46 41 23
46 41 24
46 41 25
46 41 26
46 42 23
46 42 24
46 42 25
47 0 25
47 0 26
47 1 23
47 1 24
47 1 25
47 1 26
47 2 24
47 2 25
47 2 26
47 3 24
47 3 25
47 15 6
47 16 4
47 16 5
47 16 6
47 16 7
47 17 4
47 17 5
47 17 6
47 18 4
47 18 5
47 18 6
47 19 31
47 19 32
47 19 33
47 20 8
47 20 32
47 20 33
47 20 34
47 20 35
47 21 7
47 21 8
47 21 9
47 21 32
47 21 33
47 21 34
47 21 35
47 21 36
47 22 8
47 22 9
47 22 10
47 22 11
47 22 33
47 22 34
47 22 35
47 22 36
47 23 9
47 23 10
47 23 11
47 23 12
47 23 34
47 23 35
47 23 36
47 23 37
47 24 9
47 24 10
47 24 11
47 24 12
47 24 13
47 24 34
47 24 35
47 24 36
47 24 37
47 24 38
47 25 10
47 25 11
47 25 12
47 25 13
47 25 35
47 25 36
47 25 37
47 25 38
47 26 11
47 26 12
47 26 13
47 26 14
47 26 36
47 26 37
47 26 38
47 27 11
47 27 12
47 27 13
47 27 14
47 27 15
47 27 37
47 27 38
47 28 13
47 28 14
47 28 40
47 29 38
47 29 39
47 29 40
47 30 37
47 30 38
47 30 39
47 30 40
47 31 37
47 31 38
47 31 39
47 40 23
47 40 24
47 40 25
47 40 26
47 41 23
47 41 24
47 41 25
47 42 23
47 42 24
47 42 25
48 0 26
48 1 24
48 1 25
48 1 26
48 2 24
48 2 25
48 2 26
48 3 24
48 15 5
48 15 6
48 16 3
48 16 4
48 16 5
48 16 6
48 17 3
48 17 4
48 17 5
48 17 6
48 18 4
48 18 5
48 22 34
48 22 35
48 23 9
48 23 11
48 23 34
48 23 35
48 23 36
48 23 37
48 24 10
48 24 11
48 24 35
48 24 36
48 24 37
48 24 38
48 25 10
48 25 11
48 25 12
48 25 13
48 25 36
48 25 37
48 25 38
48 25 39
48 26 11
48 26 12
48 26 13
48 26 14
48 26 36
48 26 37
48 26 38
48 26 39
48 26 40
48 27 12
48 27 13
48 27 14
48 27 15
48 27 37
48 27 38
48 27 39
48 27 40
48 28 12
48 28 13
48 28 14
48 28 15
48 28 16
48 28 37
48 28 38
48 28 39
48 28 40
48 28 41
48 29 13
48 29 14
48 29 15
48 29 16
48 29 38
48 29 39
48 29 40
48 30 14
48 30 15
48 30 16
48 30 17
48 30 38
48 30 39
48 30 40
48 31 15
48 31 16
48 39 25
48 40 23
48 40 24
48 40 25
48 41 23
48 41 24
48 41 25
48 42 23
48 42 24
48 42 25
49 15 4
49 15 5
49 15 6
49 16 3
49 16 4
49 16 5
49 16 6
49 17 3
49 17 4
49 17 5
49 17 6
49 18 4
49 18 5
49 25 36
49 25 37
49 26 36
49 26 37
49 26 38
49 27 12
49 27 13
49 27 14
49 27 37
49 27 38
49 27 39
49 27 40
49 27 41
49 28 12
49 28 13
49 28 14
49 28 15
49 28 16
49 28 38
49 28 39
49 28 40
49 28 41
49 29 13
49 29 14
49 29 15
49 29 16
49 29 17
49 29 38
49 29 39
49 29 40
49 30 14
49 30 15
49 30 16
49 30 17
49 30 39
49 30 40
49 31 15
49 31 16
49 31 17
49 31 18
49 32 15
49 32 16
49 32 17
49 32 18
49 32 19
49 33 16
49 33 17
49 33 18
49 33 19
49 34 17
49 34 18
49 34 19
49 39 24
49 40 22
49 40 23
49 40 24
49 40 25
49 41 23
49 41 24
49 41 25
49 42 23
49 42 24
50 15 4
50 15 5
50 15 6
50 16 3
50 16 4
50 16 5
50 16 6
50 17 3
50 17 4
50 17 5
50 18 4
50 26 40
50 26 41
50 27 39
50 27 40
50 27 41
50 27 42
50 28 39
50 28 40
50 28 41
50 29 38
50 29 39
50 29 40
50 29 41
50 30 14
50 30 15
50 30 16
50 31 15
50 31 16
50 31 17
50 31 18
50 32 15
50 32 16
50 32 17
50 32 18
50 32 19
50 33 16
50 33 17
50 33 18
50 33 19
50 33 20
50 34 17
50 34 18
50 34 19
50 34 20
50 35 18
50 35 19
50 35 20
50 35 21
50 36 18
50 36 19
50 36 20
50 36 21
50 36 22
50 37 20
50 37 21
50 39 23
50 39 24
50 39 25
50 40 22
50 40 23
50 40 24
50 40 25
50 41 22
50 41 23
50 41 24
50 41 25
50 42 23
50 42 24
51 15 3
51 15 4
51 15 5
51 16 3
51 16 4
51 16 5
51 16 6
51 17 3
51 17 4
51 17 5
51 25 41
51 25 42
51 26 40
51 26 41
51 26 42
51 27 39
51 27 40
51 27 41
51 27 42
51 28 39
51 28 40
51 28 41
51 33 16
51 33 17
51 33 18
51 34 17
51 34 18
51 34 19
51 34 20
51 35 18
51 35 19
51 35 20
51 35 21
51 36 19
51 36 20
51 36 21
51 36 22
51 37 19
51 37 20
51 37 21
51 37 22
51 37 23
51 38 20
51 38 21
51 38 22
51 38 23
51 39 21
51 39 22
51 39 23
51 39 24
51 40 22
51 40 23
51 40 24
51 40 25
51 41 22
51 41 23
51 41 24
51 42 23
51 42 24
52 15 3
52 15 4
52 15 5
52 16 3
52 16 4
52 16 5
52 17 3
52 17 4
52 17 5
52 25 41
52 25 42
52 25 43
52 26 40
52 26 41
52 26 42
52 26 43
52 27 40
52 27 41
52 27 42
52 28 40
52 28 41
52 28 42
52 36 19
52 36 20
52 36 21
52 37 19
52 37 20
52 37 21
52 37 22
52 37 23
52 38 20
52 38 21
52 38 22
52 38 23
52 39 21
52 39 22
52 39 23
52 39 24
52 40 22
52 40 23
52 40 24
52 41 22
52 41 23
52 41 24
53 15 3
53 15 4
53 15 5
53 16 3
53 16 4
53 16 5
53 17 3
53 17 4
53 24 42
53 24 43
53 24 44
53 25 40
53 25 41
53 25 42
53 25 43
53 26 40
53 26 41
53 26 42
53 26 43
53 27 40
53 27 41
53 27 42
53 39 21
53 39 22
53 39 23
53 39 24
53 40 22
53 40 23
53 40 24
53 41 22
53 41 23
53 41 24
54 23 43
54 23 44
54 24 41
54 24 42
54 24 43
54 24 44
54 25 41
54 25 42
54 25 43
54 26 41
54 26 42
54 26 43
54 38 24
54 39 21
54 39 22
54 39 23
54 39 24
54 40 21
54 40 22
54 40 23
54 40 24
54 41 22
54 41 23
54 41 24
55 23 42
55 23 43
55 23 44
55 24 41
55 24 42
55 24 43
55 24 44
55 25 41
55 25 42
55 25 43
55 25 44
55 38 23
55 39 21
55 39 22
55 39 23
55 39 24
55 40 21
55 40 22
55 40 23
55 40 24
55 41 22
55 41 23
56 23 43
56 24 42
56 24 43
56 25 42
56 25 43
56 38 22
56 38 23
56 39 21
56 39 22
56 39 23
56 39 24
56 40 21
56 40 22
56 40 23
56 41 22
56 41 23
57 38 21
57 38 22
57 38 23
57 39 21
57 39 22
57 39 23
57 40 21
57 40 22
57 40 23
57 41 22
58 38 21
58 38 22
58 38 23
58 39 20
58 39 21
58 39 22
58 39 23
58 40 21
58 40 22
58 40 23
58 41 22
59 38 21
59 38 22
59 38 23
59 39 20
59 39 21
59 39 22
59 39 23
59 40 21
59 40 22
60 38 21
60 38 22
60 38 23
60 39 20
60 39 21
60 39 22
60 40 21
60 40 22
61 38 21
61 39 21
