0 16 35
0 16 36
0 17 34
0 17 35
0 17 36
0 18 34
0 18 35
0 18 36
0 19 34
0 19 35
1 14 36
1 15 34
1 15 35
1 15 36
1 16 34
1 16 35
1 16 36
1 17 33
1 17 34
1 17 35
1 17 36
1 18 33
1 18 34
1 18 35
1 18 36
1 19 33
1 19 34
1 19 35
1 20 32
1 20 33
1 20 34
1 20 35
1 21 33
1 21 34
2 13 36
2 14 34
2 14 35
2 14 36
2 15 34
2 15 35
2 15 36
2 16 34
2 16 35
2 16 36
2 17 33
2 17 34
2 17 35
2 17 36
2 18 33
2 18 34
2 18 35
2 18 36
2 19 32
2 19 33
2 19 34
2 19 35
2 20 31
2 20 32
2 20 33
2 20 34
2 20 35
2 21 31
2 21 32
2 21 33
2 21 34
2 22 31
2 22 32
2 22 33
3 12 36
3 13 34
3 13 35
3 13 36
3 14 34
3 14 35
3 14 36
3 15 34
3 15 35
3 15 36
3 16 33
3 16 34
3 16 35
3 16 36
3 17 33
3 17 34
3 17 35
3 18 33
3 18 34
3 19 32
3 19 33
3 19 34
3 20 31
3 20 32
3 20 33
3 20 34
3 21 31
3 21 32
3 21 33
3 21 34
3 22 30
3 22 31
3 22 32
3 22 33
3 23 30
3 23 31
3 23 32
3 23 33
3 24 31
3 24 32
4 12 35
4 12 36
4 13 34
4 13 35
4 13 36
4 14 34
4 14 35
4 14 36
4 15 33
4 15 34
4 15 35
4 15 36
4 16 33
4 16 34
4 16 35
4 17 33
4 17 34
4 17 35
4 18 33
4 18 34
4 19 32
4 19 33
4 19 34
4 20 31
4 20 32
4 20 33
4 20 34
4 21 31
4 21 32
4 21 33
4 22 30
4 22 31
4 22 32
4 22 33
4 23 30
4 23 31
4 23 32
4 23 33
4 24 29
4 24 30
4 24 31
4 24 32
4 25 30
4 25 31
5 11 35
5 11 36
5 12 34
5 12 35
5 12 36
5 13 34
5 13 35
5 13 36
5 14 34
5 14 35
5 14 36
5 15 33
5 15 34
5 15 35
5 16 33
5 16 34
5 16 35
5 17 33
5 17 34
5 17 35
5 18 32
5 18 33
5 18 34
5 19 32
5 19 33
5 19 34
5 20 31
5 20 32
5 20 33
5 21 31
5 21 32
5 21 33
5 22 30
5 22 31
5 22 32
5 22 33
5 23 30
5 23 31
5 23 32
5 24 29
5 24 30
5 24 31
5 24 32
5 25 29
5 25 30
5 25 31
5 26 28
5 26 29
5 26 30
5 26 31
6 10 36
6 11 34
6 11 35
6 11 36
6 12 34
6 12 35
6 12 36
6 13 34
6 13 35
6 13 36
6 14 34
6 14 35
6 14 36
6 15 33
6 15 34
6 15 35
6 16 33
6 16 34
6 16 35
6 17 33
6 17 34
6 18 32
6 18 33
6 18 34
6 19 32
6 19 33
6 19 34
6 20 31
6 20 32
6 20 33
6 21 31
6 21 32
6 21 33
6 22 30
6 22 31
6 22 32
6 23 30
6 23 31
6 23 32
6 24 29
6 24 30
6 24 31
6 25 28
6 25 29
6 25 30
6 25 31
6 26 28
6 26 29
6 26 30
6 26 31
6 27 27
6 27 28
6 27 29
6 27 30
6 28 28
6 28 29
7 10 34
7 10 35
7 10 36
7 11 34
7 11 35
7 11 36
7 12 34
7 12 35
7 12 36
7 13 34
7 13 35
7 13 36
7 14 34
7 14 35
7 15 33
7 15 34
7 15 35
7 16 33
7 16 34
7 16 35
7 17 33
7 17 34
7 18 32
7 18 33
7 18 34
7 19 32
7 19 33
7 19 34
7 20 31
7 20 32
7 20 33
7 21 31
7 21 32
7 21 33
7 22 30
7 22 31
7 22 32
7 23 30
7 23 31
7 23 32
7 25 29
7 25 30
7 26 27
7 26 28
7 26 29
7 26 30
7 27 27
7 27 28
7 27 29
7 27 30
7 28 26
7 28 27
7 28 28
7 28 29
7 29 26
7 29 27
7 29 28
7 29 29
8 9 35
8 9 36
8 10 34
8 10 35
8 10 36
8 11 34
8 11 35
8 11 36
8 12 34
8 12 35
8 12 36
8 13 34
8 13 35
8 13 36
8 14 33
8 14 34
8 14 35
8 15 33
8 15 34
8 15 35
8 16 33
8 16 34
8 17 32
8 17 33
8 17 34
8 18 32
8 18 33
8 18 34
8 19 31
8 19 32
8 19 33
8 20 31
8 20 32
8 20 33
8 21 30
8 21 31
8 21 32
8 21 33
8 22 30
8 22 31
8 22 32
8 23 31
8 23 32
8 26 29
8 27 27
8 27 28
8 27 29
8 27 30
8 28 26
8 28 27
8 28 28
8 28 29
8 29 26
8 29 27
8 29 28
8 29 29
8 30 25
8 30 26
8 30 27
8 30 28
8 31 26
8 31 27
9 8 36
9 9 34
9 9 35
9 9 36
9 10 34
9 10 35
9 10 36
9 11 34
9 11 35
9 11 36
9 12 34
9 12 35
9 12 36
9 13 34
9 13 35
9 14 33
9 14 34
9 14 35
9 15 33
9 15 34
9 15 35
9 16 32
9 16 33
9 16 34
9 17 32
9 17 33
9 17 34
9 18 31
9 18 32
9 18 33
9 18 34
9 19 31
9 19 32
9 19 33
9 20 30
9 20 31
9 20 32
9 20 33
9 21 30
9 21 31
9 21 32
9 22 31
9 22 32
9 28 26
9 28 27
9 28 28
9 28 29
9 29 25
9 29 26
9 29 27
9 29 28
9 30 25
9 30 26
9 30 27
9 30 28
9 31 24
9 31 25
9 31 26
9 31 27
9 32 25
9 32 26
9 32 27
10 7 36
10 8 34
10 8 35
10 8 36
10 9 34
10 9 35
10 9 36
10 10 34
10 10 35
10 10 36
10 11 34
10 11 35
10 11 36
10 12 34
10 12 35
10 12 36
10 13 33
10 13 34
10 13 35
10 14 33
10 14 34
10 14 35
10 15 33
10 15 34
10 16 32
10 16 33
10 16 34
10 17 31
10 17 32
10 17 33
10 17 34
10 18 31
10 18 32
10 18 33
10 19 31
10 19 32
10 19 33
10 20 30
10 20 31
10 20 32
10 21 30
10 21 31
10 21 32
10 29 26
10 29 27
10 30 24
10 30 25
10 30 26
10 30 27
10 31 24
10 31 25
10 31 26
10 31 27
10 32 24
10 32 25
10 32 26
10 33 23
10 33 24
10 33 25
10 33 26
11 7 35
11 7 36
11 8 34
11 8 35
11 8 36
11 9 34
11 9 35
11 9 36
11 10 34
11 10 35
11 10 36
11 11 34
11 11 35
11 11 36
11 12 33
11 12 34
11 12 35
11 13 33
11 13 34
11 13 35
11 14 33
11 14 34
11 14 35
11 15 32
11 15 33
11 15 34
11 16 31
11 16 32
11 16 33
11 16 34
11 17 31
11 17 32
11 17 33
11 18 31
11 18 32
11 18 33
11 19 30
11 19 31
11 19 32
11 19 33
11 20 30
11 20 31
11 20 32
11 31 24
11 31 25
11 31 26
11 31 27
11 32 23
11 32 24
11 32 25
11 32 26
11 33 23
11 33 24
11 33 25
11 33 26
11 34 23
11 34 24
11 34 25
11 35 23
11 35 24
12 6 35
12 6 36
12 7 34
12 7 35
12 7 36
12 8 34
12 8 35
12 8 36
12 9 34
12 9 35
12 9 36
12 10 34
12 10 35
12 10 36
12 11 33
12 11 34
12 11 35
12 11 36
12 12 33
12 12 34
12 12 35
12 13 33
12 13 34
12 13 35
12 14 32
12 14 33
12 14 34
12 15 31
12 15 32
12 15 33
12 15 34
12 16 31
12 16 32
12 16 33
12 16 34
12 17 31
12 17 32
12 17 33
12 18 30
12 18 31
12 18 32
12 18 33
12 19 30
12 19 31
12 19 32
12 20 31
12 20 32
12 32 24
12 32 25
12 32 26
12 33 23
12 33 24
12 33 25
12 33 26
12 34 22
12 34 23
12 34 24
12 34 25
12 35 21
12 35 22
12 35 23
12 35 24
12 36 21
12 36 22
12 36 23
12 36 24
13 5 36
13 6 34
13 6 35
13 6 36
13 7 34
13 7 35
13 7 36
13 8 34
13 8 35
13 8 36
13 9 34
13 9 35
13 9 36
13 10 34
13 10 35
13 10 36
13 11 33
13 11 34
13 11 35
13 12 33
13 12 34
13 12 35
13 13 32
13 13 33
13 13 34
13 14 32
13 14 33
13 14 34
13 15 31
13 15 32
13 15 33
13 16 31
13 16 32
13 16 33
13 17 31
13 17 32
13 17 33
13 18 30
13 18 31
13 18 32
13 19 31
13 19 32
13 33 23
13 33 24
13 34 22
13 34 23
13 34 24
13 35 21
13 35 22
13 35 23
13 35 24
13 36 21
13 36 22
13 36 23
13 36 24
13 37 21
13 37 22
13 37 23
13 37 24
13 38 21
13 38 22
13 38 23
13 38 24
13 39 23
13 39 24
14 4 36
14 5 34
14 5 35
14 5 36
14 6 34
14 6 35
14 6 36
14 7 34
14 7 35
14 7 36
14 8 34
14 8 35
14 8 36
14 9 34
14 9 35
14 9 36
14 10 33
14 10 34
14 10 35
14 11 33
14 11 34
14 11 35
14 12 32
14 12 33
14 12 34
14 13 32
14 13 33
14 13 34
14 14 31
14 14 32
14 14 33
14 14 34
14 15 31
14 15 32
14 15 33
14 16 30
14 16 31
14 16 32
14 16 33
14 17 30
14 17 31
14 17 32
14 18 30
14 18 31
14 18 32
14 35 21
14 35 22
14 35 23
14 35 24
14 36 20
14 36 21
14 36 22
14 36 23
14 36 24
14 37 20
14 37 21
14 37 22
14 37 23
14 37 24
14 38 20
14 38 21
14 38 22
14 38 23
14 38 24
14 38 25
14 39 20
14 39 21
14 39 22
14 39 23
14 39 24
14 39 25
14 40 20
14 40 21
14 40 22
14 40 23
14 40 24
15 4 35
15 4 36
15 5 34
15 5 35
15 5 36
15 6 34
15 6 35
15 6 36
15 7 34
15 7 35
15 7 36
15 8 34
15 8 35
15 8 36
15 9 33
15 9 34
15 9 35
15 10 33
15 10 34
15 10 35
15 11 33
15 11 34
15 11 35
15 12 32
15 12 33
15 12 34
15 13 31
15 13 32
15 13 33
15 13 34
15 14 31
15 14 32
15 14 33
15 15 31
15 15 32
15 15 33
15 16 30
15 16 31
15 16 32
15 16 33
15 17 30
15 17 31
15 17 32
15 18 31
15 36 21
15 36 22
15 36 23
15 36 24
15 37 5
15 37 6
15 37 7
15 37 8
15 37 9
15 37 10
15 37 11
15 37 12
15 37 13
15 37 14
15 37 15
15 37 16
15 37 17
15 37 18
15 37 19
15 37 20
15 37 21
15 37 22
15 37 23
15 37 24
15 38 19
15 38 20
15 38 21
15 38 22
15 38 23
15 38 24
15 39 19
15 39 20
15 39 21
15 39 22
15 39 23
15 39 24
15 39 25
15 40 18
15 40 19
15 40 20
15 40 21
15 40 22
15 40 23
15 40 24
15 40 25
15 41 19
15 41 20
15 41 21
15 41 22
16 3 35
16 3 36
16 4 34
16 4 35
16 4 36
16 5 34
16 5 35
16 5 36
16 6 34
16 6 35
16 6 36
16 7 34
16 7 35
16 7 36
16 8 33
16 8 34
16 8 35
16 9 33
16 9 34
16 9 35
16 10 33
16 10 34
16 10 35
16 11 32
16 11 33
16 11 34
16 12 32
16 12 33
16 12 34
16 13 31
16 13 32
16 13 33
16 14 31
16 14 32
16 14 33
16 15 30
16 15 31
16 15 32
16 15 33
16 16 30
16 16 31
16 16 32
16 17 31
16 36 2
16 36 3
16 36 4
16 36 5
16 36 6
16 36 7
16 36 8
16 36 9
16 36 10
16 36 11
16 36 12
16 36 13
16 36 14
16 36 15
16 36 16
16 36 17
16 36 18
16 36 19
16 36 20
16 36 21
16 36 22
16 36 23
16 36 24
16 36 25
16 36 26
16 37 2
16 37 3
16 37 4
16 37 5
16 37 6
16 37 7
16 37 8
16 37 9
16 37 10
16 37 11
16 37 12
16 37 13
16 37 14
16 37 15
16 37 16
16 37 17
16 37 18
16 37 19
16 37 20
16 37 21
16 37 22
16 37 23
16 37 24
16 37 25
16 37 26
16 38 2
16 38 3
16 38 4
16 38 5
16 38 6
16 38 7
16 38 8
16 38 9
16 38 10
16 38 11
16 38 12
16 38 13
16 38 14
16 38 15
16 38 16
16 38 17
16 38 18
16 38 19
16 38 20
16 38 21
16 38 22
16 38 23
16 38 24
16 38 25
16 38 26
16 39 2
16 39 3
16 39 4
16 39 5
16 39 6
16 39 7
16 39 8
16 39 9
16 39 10
16 39 11
16 39 12
16 39 13
16 39 14
16 39 15
16 39 16
16 39 17
16 39 18
16 39 19
16 39 20
16 39 21
16 39 22
16 39 23
16 39 24
16 39 25
16 39 26
16 40 18
16 40 19
16 40 20
16 40 21
16 40 22
16 40 23
16 40 24
16 40 25
16 41 18
16 41 19
16 41 20
16 41 21
16 41 22
16 41 23
16 41 24
16 41 25
17 2 36
17 3 34
17 3 35
17 3 36
17 4 34
17 4 35
17 4 36
17 5 34
17 5 35
17 5 36
17 6 34
17 6 35
17 6 36
17 7 33
17 7 34
17 7 35
17 8 33
17 8 34
17 8 35
17 9 33
17 9 34
17 9 35
17 10 32
17 10 33
17 10 34
17 11 31
17 11 32
17 11 33
17 11 34
17 12 31
17 12 32
17 12 33
17 12 34
17 13 31
17 13 32
17 13 33
17 14 30
17 14 31
17 14 32
17 14 33
17 15 30
17 15 31
17 15 32
17 16 30
17 16 31
17 16 32
17 17 31
17 35 3
17 35 4
17 35 5
17 35 6
17 35 7
17 35 8
17 35 9
17 35 10
17 35 11
17 35 12
17 35 13
17 35 14
17 35 15
17 35 16
17 35 17
17 35 18
17 35 19
17 35 20
17 35 21
17 35 22
17 35 23
17 35 24
17 35 25
17 35 26
17 36 1
17 36 2
17 36 3
17 36 4
17 36 5
17 36 6
17 36 7
17 36 8
17 36 9
17 36 10
17 36 11
17 36 12
17 36 13
17 36 14
17 36 15
17 36 16
17 36 17
17 36 18
17 36 19
17 36 20
17 36 21
17 36 22
17 36 23
17 36 24
17 36 25
17 36 26
17 37 1
17 37 2
17 37 3
17 37 4
17 37 5
17 37 6
17 37 7
17 37 8
17 37 9
17 37 10
17 37 11
17 37 12
17 37 13
17 37 14
17 37 15
17 37 16
17 37 17
17 37 18
17 37 19
17 37 20
17 37 21
17 37 22
17 37 23
17 37 24
17 37 25
17 37 26
17 37 27
17 38 1
17 38 2
17 38 3
17 38 4
17 38 5
17 38 6
17 38 7
17 38 8
17 38 9
17 38 10
17 38 11
17 38 12
17 38 13
17 38 14
17 38 15
17 38 16
17 38 17
17 38 18
17 38 19
17 38 20
17 38 21
17 38 22
17 38 23
17 38 24
17 38 25
17 38 26
17 38 27
17 39 1
17 39 2
17 39 3
17 39 4
17 39 5
17 39 6
17 39 7
17 39 8
17 39 9
17 39 10
17 39 11
17 39 12
17 39 13
17 39 14
17 39 15
17 39 16
17 39 17
17 39 18
17 39 19
17 39 20
17 39 21
17 39 22
17 39 23
17 39 24
17 39 25
17 39 26
17 40 18
17 40 19
17 40 20
17 40 21
17 40 23
17 40 24
17 40 25
17 41 17
17 41 18
17 41 19
17 41 20
17 41 23
17 41 24
17 41 25
17 41 26
17 42 17
17 42 18
17 42 19
17 42 20
17 42 23
17 42 24
17 42 25
17 42 26
17 43 17
17 43 18
17 43 19
17 43 24
17 43 25
17 43 26
18 2 35
18 2 36
18 3 34
18 3 35
18 3 36
18 4 34
18 4 35
18 4 36
18 5 34
18 5 35
18 5 36
18 6 33
18 6 34
18 6 35
18 7 33
18 7 34
18 7 35
18 8 33
18 8 34
18 8 35
18 9 32
18 9 33
18 9 34
18 10 32
18 10 33
18 10 34
18 11 31
18 11 32
18 11 33
18 11 34
18 12 31
18 12 32
18 12 33
18 13 30
18 13 31
18 13 32
18 13 33
18 14 30
18 14 31
18 14 32
18 15 30
18 15 31
18 15 32
18 16 31
18 34 2
18 34 3
18 34 4
18 34 5
18 34 6
18 34 7
18 34 8
18 34 9
18 34 10
18 34 11
18 34 12
18 34 13
18 34 14
18 34 15
18 34 16
18 34 17
18 34 18
18 34 19
18 34 20
18 34 21
18 34 22
18 34 23
18 34 24
18 34 25
18 34 26
18 35 1
18 35 2
18 35 3
18 35 4
18 35 5
18 35 6
18 35 7
18 35 8
18 35 9
18 35 10
18 35 11
18 35 12
18 35 13
18 35 14
18 35 15
18 35 16
18 35 17
18 35 18
18 35 19
18 35 20
18 35 21
18 35 22
18 35 23
18 35 24
18 35 25
18 35 26
18 35 27
18 36 1
18 36 2
18 36 3
18 36 4
18 36 5
18 36 6
18 36 7
18 36 8
18 36 9
18 36 10
18 36 11
18 36 12
18 36 13
18 36 14
18 36 15
18 36 16
18 36 17
18 36 18
18 36 19
18 36 20
18 36 21
18 36 22
18 36 23
18 36 24
18 36 25
18 36 26
18 36 27
18 37 0
18 37 1
18 37 2
18 37 3
18 37 25
18 37 26
18 37 27
18 38 0
18 38 1
18 38 2
18 38 3
18 38 25
18 38 26
18 38 27
18 39 1
18 39 2
18 39 3
18 40 19
18 40 20
18 40 24
18 40 25
18 41 17
18 41 18
18 41 19
18 41 20
18 41 23
18 41 24
18 41 25
18 41 26
18 42 16
18 42 17
18 42 18
18 42 19
18 42 23
18 42 24
18 42 25
18 42 26
18 43 16
18 43 17
18 43 18
18 43 19
18 43 23
18 43 24
18 43 25
18 43 26
18 44 16
18 44 17
18 44 18
18 44 24
18 44 25
18 44 26
19 1 35
19 1 36
19 2 34
19 2 35
19 2 36
19 3 34
19 3 35
19 3 36
19 4 34
19 4 35
19 4 36
19 5 33
19 5 34
19 5 35
19 6 33
19 6 34
19 6 35
19 7 33
19 7 34
19 7 35
19 8 32
19 8 33
19 8 34
19 9 32
19 9 33
19 9 34
19 10 31
19 10 32
19 10 33
19 10 34
19 11 31
19 11 32
19 11 33
19 12 31
19 12 32
19 12 33
19 13 30
19 13 31
19 13 32
19 14 30
19 14 31
19 14 32
19 15 31
19 34 1
19 34 2
19 34 3
19 34 4
19 34 5
19 34 6
19 34 7
19 34 8
19 34 9
19 34 10
19 34 11
19 34 12
19 34 13
19 34 14
19 34 15
19 34 16
19 34 17
19 34 18
19 34 19
19 34 20
19 34 21
19 34 22
19 34 23
19 34 24
19 34 25
19 34 26
19 35 1
19 35 2
19 35 3
19 35 4
19 35 5
19 35 6
19 35 7
19 35 8
19 35 9
19 35 10
19 35 11
19 35 12
19 35 13
19 35 14
19 35 15
19 35 16
19 35 17
19 35 18
19 35 19
19 35 20
19 35 21
19 35 22
19 35 23
19 35 24
19 35 25
19 35 26
19 35 27
19 36 0
19 36 1
19 36 2
19 36 3
19 36 4
19 36 5
19 36 6
19 36 7
19 36 8
19 36 9
19 36 10
19 36 11
19 36 12
19 36 13
19 36 14
19 36 15
19 36 16
19 36 17
19 36 18
19 36 19
19 36 20
19 36 21
19 36 22
19 36 23
19 36 24
19 36 25
19 36 26
19 36 27
19 37 0
19 37 1
19 37 2
19 37 25
19 37 26
19 37 27
19 38 1
19 38 2
19 38 27
19 42 16
19 42 17
19 42 18
19 42 19
19 42 23
19 42 24
19 42 25
19 42 26
19 43 16
19 43 17
19 43 18
19 43 19
19 43 24
19 43 25
19 43 26
19 44 15
19 44 16
19 44 17
19 44 18
19 44 24
19 44 25
19 44 26
19 45 15
19 45 16
19 45 17
19 45 24
19 45 25
19 45 26
19 45 27
19 46 16
19 46 17
19 46 26
20 1 34
20 1 35
20 1 36
20 2 34
20 2 35
20 2 36
20 3 34
20 3 35
20 3 36
20 4 33
20 4 34
20 4 35
20 5 33
20 5 34
20 5 35
20 6 33
20 6 34
20 6 35
20 7 32
20 7 33
20 7 34
20 8 32
20 8 33
20 8 34
20 9 31
20 9 32
20 9 33
20 9 34
20 10 31
20 10 32
20 10 33
20 11 31
20 11 32
20 11 33
20 12 30
20 12 31
20 12 32
20 12 33
20 13 30
20 13 31
20 13 32
20 14 31
20 33 1
20 33 2
20 33 3
20 33 4
20 33 5
20 33 6
20 33 7
20 33 8
20 33 9
20 33 10
20 33 11
20 33 12
20 33 13
20 33 14
20 33 15
20 33 16
20 33 17
20 33 18
20 33 19
20 33 20
20 33 21
20 33 22
20 33 23
20 33 24
20 33 25
20 33 26
20 34 1
20 34 2
20 34 3
20 34 4
20 34 5
20 34 6
20 34 7
20 34 8
20 34 9
20 34 10
20 34 11
20 34 12
20 34 13
20 34 14
20 34 15
20 34 16
20 34 17
20 34 18
20 34 19
20 34 20
20 34 21
20 34 22
20 34 23
20 34 24
20 34 25
20 34 26
20 34 27
20 35 0
20 35 1
20 35 2
20 35 3
20 35 4
20 35 5
20 35 6
20 35 7
20 35 8
20 35 9
20 35 10
20 35 11
20 35 12
20 35 13
20 35 14
20 35 15
20 35 16
20 35 17
20 35 18
20 35 19
20 35 20
20 35 21
20 35 22
20 35 23
20 35 24
20 35 25
20 35 26
20 35 27
20 36 0
20 36 1
20 36 2
20 36 26
20 36 27
20 37 0
20 37 1
20 37 26
20 37 27
20 43 17
20 43 18
20 43 25
20 43 26
20 44 15
20 44 16
20 44 17
20 44 18
20 44 24
20 44 25
20 44 26
20 44 27
20 45 14
20 45 15
20 45 16
20 45 17
20 45 24
20 45 25
20 45 26
20 45 27
20 46 14
20 46 15
20 46 16
20 46 17
20 46 24
20 46 25
20 46 26
20 46 27
20 47 14
20 47 15
20 47 16
20 47 26
20 47 27
21 1 34
21 1 35
21 1 36
21 2 34
21 2 35
21 2 36
21 3 33
21 3 34
21 3 35
21 3 36
21 4 33
21 4 34
21 4 35
21 5 33
21 5 34
21 5 35
21 6 32
21 6 33
21 6 34
21 7 32
21 7 33
21 7 34
21 8 32
21 8 33
21 8 34
21 9 31
21 9 32
21 9 33
21 10 31
21 10 32
21 10 33
21 11 30
21 11 31
21 11 32
21 11 33
21 12 30
21 12 31
21 12 32
21 13 30
21 13 31
21 32 2
21 32 3
21 32 4
21 32 5
21 32 6
21 32 7
21 32 8
21 32 9
21 32 10
21 32 11
21 32 12
21 32 13
21 32 14
21 32 15
21 32 16
21 32 17
21 32 18
21 32 19
21 32 20
21 32 21
21 32 22
21 32 23
21 32 24
21 32 25
21 32 26
21 33 1
21 33 2
21 33 3
21 33 4
21 33 5
21 33 6
21 33 7
21 33 8
21 33 9
21 33 10
21 33 11
21 33 12
21 33 13
21 33 14
21 33 15
21 33 16
21 33 17
21 33 18
21 33 19
21 33 20
21 33 21
21 33 22
21 33 23
21 33 24
21 33 25
21 33 26
21 33 27
21 34 1
21 34 2
21 34 3
21 34 4
21 34 5
21 34 6
21 34 7
21 34 8
21 34 9
21 34 10
21 34 11
21 34 12
21 34 13
21 34 14
21 34 15
21 34 16
21 34 17
21 34 18
21 34 19
21 34 20
21 34 21
21 34 22
21 34 23
21 34 24
21 34 25
21 34 26
21 34 27
21 35 0
21 35 1
21 35 2
21 35 25
21 35 26
21 35 27
21 36 0
21 36 1
21 36 2
21 36 26
21 36 27
21 37 1
21 37 27
21 44 16
21 44 17
21 44 25
21 44 26
21 45 14
21 45 15
21 45 16
21 45 17
21 45 24
21 45 25
21 45 26
21 45 27
21 46 14
21 46 15
21 46 16
21 46 17
21 46 24
21 46 25
21 46 26
21 46 27
21 47 13
21 47 14
21 47 15
21 47 16
21 47 25
21 47 26
21 47 27
21 48 13
21 48 14
21 48 15
21 48 16
21 48 25
21 48 26
21 48 27
22 0 35
22 1 34
22 1 35
22 1 36
22 2 33
22 2 34
22 2 35
22 2 36
22 3 33
22 3 34
22 3 35
22 3 36
22 4 33
22 4 34
22 4 35
22 5 32
22 5 33
22 5 34
22 6 32
22 6 33
22 6 34
22 7 31
22 7 32
22 7 33
22 7 34
22 8 31
22 8 32
22 8 33
22 9 31
22 9 32
22 9 33
22 10 30
22 10 31
22 10 32
22 10 33
22 11 30
22 11 31
22 11 32
22 12 30
22 12 31
22 12 32
22 32 1
22 32 2
22 32 3
22 32 4
22 32 5
22 32 6
22 32 7
22 32 8
22 32 9
22 32 10
22 32 11
22 32 12
22 32 13
22 32 14
22 32 15
22 32 16
22 32 17
22 32 18
22 32 19
22 32 20
22 32 21
22 32 22
22 32 23
22 32 24
22 32 25
22 32 26
22 32 27
22 33 1
22 33 2
22 33 3
22 33 4
22 33 5
22 33 6
22 33 7
22 33 8
22 33 9
22 33 10
22 33 11
22 33 12
22 33 13
22 33 14
22 33 15
22 33 16
22 33 17
22 33 18
22 33 19
22 33 20
22 33 21
22 33 22
22 33 23
22 33 24
22 33 25
22 33 26
22 33 27
22 34 0
22 34 1
22 34 2
22 34 3
22 34 4
22 34 5
22 34 6
22 34 7
22 34 8
22 34 9
22 34 10
22 34 11
22 34 12
22 34 13
22 34 14
22 34 15
22 34 16
22 34 17
22 34 18
22 34 19
22 34 20
22 34 21
22 34 22
22 34 23
22 34 24
22 34 25
22 34 26
22 34 27
22 35 0
22 35 1
22 35 2
22 35 26
22 35 27
22 36 1
22 36 27
22 45 15
22 45 16
22 45 26
22 45 27
22 46 14
22 46 15
22 46 16
22 46 25
22 46 26
22 46 27
22 47 13
22 47 14
22 47 15
22 47 16
22 47 25
22 47 26
22 47 27
22 48 13
22 48 14
22 48 15
22 48 16
22 48 25
22 48 26
22 48 27
22 48 28
22 49 12
22 49 13
22 49 14
22 49 15
22 49 25
22 49 26
22 49 27
22 49 28
22 50 13
22 50 14
22 50 27
22 50 28
23 1 33
23 1 34
23 1 35
23 1 36
23 2 33
23 2 34
23 2 35
23 2 36
23 3 33
23 3 34
23 3 35
23 4 32
23 4 33
23 4 34
23 5 32
23 5 33
23 5 34
23 6 31
23 6 32
23 6 33
23 6 34
23 7 31
23 7 32
23 7 33
23 8 31
23 8 32
23 8 33
23 9 30
23 9 31
23 9 32
23 9 33
23 10 30
23 10 31
23 10 32
23 11 30
23 11 31
23 11 32
23 12 30
23 12 31
23 31 1
23 31 2
23 31 3
23 31 4
23 31 5
23 31 6
23 31 7
23 31 8
23 31 9
23 31 10
23 31 11
23 31 12
23 31 13
23 31 14
23 31 15
23 31 16
23 31 17
23 31 18
23 31 19
23 31 20
23 31 21
23 31 22
23 31 23
23 31 24
23 31 25
23 31 26
23 32 1
23 32 2
23 32 3
23 32 4
23 32 5
23 32 6
23 32 7
23 32 8
23 32 9
23 32 10
23 32 11
23 32 12
23 32 13
23 32 14
23 32 15
23 32 16
23 32 17
23 32 18
23 32 19
23 32 20
23 32 21
23 32 22
23 32 23
23 32 24
23 32 25
23 32 26
23 32 27
23 33 0
23 33 1
23 33 2
23 33 3
23 33 4
23 33 5
23 33 6
23 33 7
23 33 8
23 33 9
23 33 10
23 33 11
23 33 12
23 33 13
23 33 14
23 33 15
23 33 16
23 33 17
23 33 18
23 33 19
23 33 20
23 33 21
23 33 22
23 33 23
23 33 24
23 33 25
23 33 26
23 33 27
23 34 0
23 34 1
23 34 2
23 34 26
23 34 27
23 35 0
23 35 1
23 35 2
23 35 26
23 35 27
23 47 14
23 47 15
23 47 26
23 47 27
23 48 12
23 48 13
23 48 14
23 48 15
23 48 25
23 48 26
23 48 27
23 48 28
23 49 11
23 49 12
23 49 13
23 49 14
23 49 15
23 49 26
23 49 27
23 49 28
23 50 11
23 50 12
23 50 13
23 50 14
23 50 26
23 50 27
23 50 28
23 51 11
23 51 12
23 51 13
23 51 26
23 51 27
23 51 28
23 51 29
24 1 33
24 1 34
24 1 35
24 1 36
24 2 33
24 2 34
24 2 35
24 3 32
24 3 33
24 3 34
24 3 35
24 4 32
24 4 33
24 4 34
24 5 31
24 5 32
24 5 33
24 5 34
24 6 31
24 6 32
24 6 33
24 7 31
24 7 32
24 7 33
24 8 30
24 8 31
24 8 32
24 8 33
24 9 30
24 9 31
24 9 32
24 10 30
24 10 31
24 10 32
24 11 30
24 11 31
24 30 2
24 30 3
24 30 4
24 30 5
24 30 6
24 30 7
24 30 8
24 30 9
24 30 10
24 30 11
24 30 12
24 30 13
24 30 14
24 30 15
24 30 16
24 30 17
24 30 18
24 30 19
24 30 20
24 30 21
24 30 22
24 30 23
24 30 24
24 30 25
24 30 26
24 31 1
24 31 2
24 31 3
24 31 4
24 31 5
24 31 6
24 31 7
24 31 8
24 31 9
24 31 10
24 31 11
24 31 12
24 31 13
24 31 14
24 31 15
24 31 16
24 31 17
24 31 18
24 31 19
24 31 20
24 31 21
24 31 22
24 31 23
24 31 24
24 31 25
24 31 26
24 31 27
24 32 0
24 32 1
24 32 2
24 32 3
24 32 4
24 32 5
24 32 6
24 32 7
24 32 8
24 32 9
24 32 10
24 32 11
24 32 12
24 32 13
24 32 14
24 32 15
24 32 16
24 32 17
24 32 18
24 32 19
24 32 20
24 32 21
24 32 22
24 32 23
24 32 24
24 32 25
24 32 26
24 32 27
24 33 0
24 33 1
24 33 2
24 33 25
24 33 26
24 33 27
24 34 0
24 34 1
24 34 2
24 34 26
24 34 27
24 48 13
24 48 14
24 48 27
24 48 28
24 49 11
24 49 12
24 49 13
24 49 14
24 49 26
24 49 27
24 49 28
24 50 11
24 50 12
24 50 13
24 50 14
24 50 26
24 50 27
24 50 28
24 50 29
24 51 10
24 51 11
24 51 12
24 51 13
24 51 26
24 51 27
24 51 28
24 51 29
24 52 10
24 52 11
24 52 12
24 52 13
24 52 26
24 52 27
24 52 28
24 52 29
24 53 11
24 53 12
24 53 27
24 53 28
24 53 29
25 1 34
25 1 35
25 2 32
25 2 33
25 2 34
25 2 35
25 3 32
25 3 33
25 3 34
25 3 35
25 4 31
25 4 32
25 4 33
25 4 34
25 5 31
25 5 32
25 5 33
25 6 31
25 6 32
25 6 33
25 7 30
25 7 31
25 7 32
25 7 33
25 8 30
25 8 31
25 8 32
25 9 30
25 9 31
25 9 32
25 10 30
25 10 31
25 29 2
25 29 3
25 29 4
25 29 5
25 29 6
25 29 7
25 29 8
25 29 9
25 29 10
25 29 11
25 29 12
25 29 13
25 29 14
25 29 15
25 29 16
25 29 17
25 29 18
25 29 19
25 29 20
25 29 21
25 29 22
25 29 23
25 29 24
25 29 25
25 29 26
25 30 1
25 30 2
25 30 3
25 30 4
25 30 5
25 30 6
25 30 7
25 30 8
25 30 9
25 30 10
25 30 11
25 30 12
25 30 13
25 30 14
25 30 15
25 30 16
25 30 17
25 30 18
25 30 19
25 30 20
25 30 21
25 30 22
25 30 23
25 30 24
25 30 25
25 30 26
25 30 27
25 31 1
25 31 2
25 31 3
25 31 4
25 31 5
25 31 6
25 31 7
25 31 8
25 31 9
25 31 10
25 31 11
25 31 12
25 31 13
25 31 14
25 31 15
25 31 16
25 31 17
25 31 18
25 31 19
25 31 20
25 31 21
25 31 22
25 31 23
25 31 24
25 31 25
25 31 26
25 31 27
25 32 0
25 32 1
25 32 2
25 32 25
25 32 26
25 32 27
25 33 0
25 33 1
25 33 2
25 33 26
25 33 27
25 50 11
25 50 12
25 50 13
25 50 26
25 50 27
25 50 28
25 51 10
25 51 11
25 51 12
25 51 13
25 51 26
25 51 27
25 51 28
25 51 29
25 52 10
25 52 11
25 52 12
25 52 13
25 52 26
25 52 27
25 52 28
25 52 29
25 53 9
25 53 10
25 53 11
25 53 12
25 53 27
25 53 28
25 53 29
25 54 10
25 54 11
25 54 28
25 54 29
26 3 32
26 3 33
26 3 34
26 4 31
26 4 32
26 4 33
26 4 34
26 5 30
26 5 31
26 5 32
26 5 33
26 6 30
26 6 31
26 6 32
26 6 33
26 7 30
26 7 31
26 7 32
26 8 30
26 8 31
26 8 32
26 9 30
26 9 31
26 10 30
26 10 31
26 29 1
26 29 2
26 29 3
26 29 4
26 29 5
26 29 6
26 29 7
26 29 8
26 29 9
26 29 10
26 29 11
26 29 12
26 29 13
26 29 14
26 29 15
26 29 16
26 29 17
26 29 18
26 29 19
26 29 20
26 29 21
26 29 22
26 29 23
26 29 24
26 29 25
26 29 26
26 30 1
26 30 2
26 30 3
26 30 4
26 30 5
26 30 6
26 30 7
26 30 8
26 30 9
26 30 10
26 30 11
26 30 12
26 30 13
26 30 14
26 30 15
26 30 16
26 30 17
26 30 18
26 30 19
26 30 20
26 30 21
26 30 22
26 30 23
26 30 24
26 30 25
26 30 26
26 30 27
26 31 0
26 31 1
26 31 2
26 31 3
26 31 4
26 31 5
26 31 6
26 31 7
26 31 8
26 31 9
26 31 10
26 31 11
26 31 12
26 31 13
26 31 14
26 31 15
26 31 16
26 31 17
26 31 18
26 31 19
26 31 20
26 31 21
26 31 22
26 31 23
26 31 24
26 31 25
26 31 26
26 31 27
26 32 0
26 32 1
26 32 2
26 32 26
26 32 27
26 33 1
26 33 27
26 51 11
26 51 12
26 51 27
26 51 28
26 51 29
26 52 9
26 52 10
26 52 11
26 52 12
26 52 26
26 52 27
26 52 28
26 52 29
26 53 9
26 53 10
26 53 11
26 53 12
26 53 27
26 53 28
26 53 29
26 54 9
26 54 10
26 54 11
26 54 27
26 54 28
26 54 29
26 54 30
26 55 8
26 55 9
26 55 10
26 55 11
26 55 27
26 55 28
26 55 29
26 55 30
27 3 33
27 4 31
27 4 32
27 4 33
27 5 30
27 5 31
27 5 32
27 5 33
27 6 30
27 6 31
27 6 32
27 6 33
27 7 29
27 7 30
27 7 31
27 7 32
27 8 29
27 8 30
27 8 31
27 9 30
27 9 31
27 28 1
27 28 2
27 28 3
27 28 4
27 28 5
27 28 6
27 28 7
27 28 8
27 28 9
27 28 10
27 28 11
27 28 12
27 28 13
27 28 14
27 28 15
27 28 16
27 28 17
27 28 18
27 28 19
27 28 20
27 28 21
27 28 22
27 28 23
27 28 24
27 28 25
27 28 26
27 29 1
27 29 2
27 29 3
27 29 4
27 29 5
27 29 6
27 29 7
27 29 8
27 29 9
27 29 10
27 29 11
27 29 12
27 29 13
27 29 14
27 29 15
27 29 16
27 29 17
27 29 18
27 29 19
27 29 20
27 29 21
27 29 22
27 29 23
27 29 24
27 29 25
27 29 26
27 29 27
27 30 0
27 30 1
27 30 2
27 30 3
27 30 4
27 30 5
27 30 6
27 30 7
27 30 8
27 30 9
27 30 10
27 30 11
27 30 12
27 30 13
27 30 14
27 30 15
27 30 16
27 30 17
27 30 18
27 30 19
27 30 20
27 30 21
27 30 22
27 30 23
27 30 24
27 30 25
27 30 26
27 30 27
27 31 0
27 31 1
27 31 2
27 31 26
27 31 27
27 32 0
27 32 1
27 32 2
27 32 26
27 32 27
27 53 9
27 53 10
27 53 11
27 53 27
27 53 28
27 53 29
27 54 8
27 54 9
27 54 10
27 54 11
27 54 27
27 54 28
27 54 29
27 54 30
27 55 7
27 55 8
27 55 9
27 55 10
27 55 11
27 55 27
27 55 28
27 55 29
27 55 30
27 56 7
27 56 8
27 56 9
27 56 10
27 56 27
27 56 28
27 56 29
27 56 30
27 57 8
27 57 9
27 57 29
27 57 30
28 5 31
28 5 32
28 6 30
28 6 31
28 6 32
28 6 33
28 7 29
28 7 30
28 7 31
28 7 32
28 8 29
28 8 30
28 8 31
28 9 29
28 9 30
28 9 31
28 27 2
28 27 3
28 27 4
28 27 5
28 27 6
28 27 7
28 27 8
28 27 9
28 27 10
28 27 11
28 27 12
28 27 13
28 27 14
28 27 15
28 27 16
28 27 17
28 27 18
28 27 19
28 27 20
28 27 21
28 27 22
28 27 23
28 27 24
28 27 25
28 27 26
28 28 1
28 28 2
28 28 3
28 28 4
28 28 5
28 28 6
28 28 7
28 28 8
28 28 9
28 28 10
28 28 11
28 28 12
28 28 13
28 28 14
28 28 15
28 28 16
28 28 17
28 28 18
28 28 19
28 28 20
28 28 21
28 28 22
28 28 23
28 28 24
28 28 25
28 28 26
28 28 27
28 29 1
28 29 2
28 29 3
28 29 4
28 29 5
28 29 6
28 29 7
28 29 8
28 29 9
28 29 10
28 29 11
28 29 12
28 29 13
28 29 14
28 29 15
28 29 16
28 29 17
28 29 18
28 29 19
28 29 20
28 29 21
28 29 22
28 29 23
28 29 24
28 29 25
28 29 26
28 29 27
28 30 0
28 30 1
28 30 2
28 30 25
28 30 26
28 30 27
28 31 0
28 31 1
28 31 2
28 31 26
28 31 27
28 53 9
28 53 10
28 53 27
28 53 28
28 53 29
28 53 30
28 54 8
28 54 9
28 54 10
28 54 27
28 54 28
28 54 29
28 54 30
28 55 7
28 55 8
28 55 9
28 55 10
28 55 27
28 55 28
28 55 29
28 55 30
28 56 7
28 56 8
28 56 9
28 56 10
28 56 28
28 56 29
28 56 30
28 57 6
28 57 7
28 57 8
28 57 9
28 57 28
28 57 29
28 57 30
28 58 7
28 58 8
28 58 9
28 58 29
28 58 30
29 6 31
29 7 29
29 7 30
29 7 31
29 8 28
29 8 29
29 8 30
29 8 31
29 9 28
29 9 29
29 9 30
29 9 31
29 10 27
29 10 28
29 10 29
29 10 30
29 27 1
29 27 2
29 27 3
29 27 4
29 27 5
29 27 6
29 27 7
29 27 8
29 27 9
29 27 10
29 27 11
29 27 12
29 27 13
29 27 14
29 27 15
29 27 16
29 27 17
29 27 18
29 27 19
29 27 20
29 27 21
29 27 22
29 27 23
29 27 24
29 27 25
29 27 26
29 27 27
29 28 1
29 28 2
29 28 3
29 28 4
29 28 5
29 28 6
29 28 7
29 28 8
29 28 9
29 28 10
29 28 11
29 28 12
29 28 13
29 28 14
29 28 15
29 28 16
29 28 17
29 28 18
29 28 19
29 28 20
29 28 21
29 28 22
29 28 23
29 28 24
29 28 25
29 28 26
29 28 27
29 29 0
29 29 1
29 29 2
29 29 25
29 29 26
29 29 27
29 30 0
29 30 1
29 30 2
29 30 26
29 30 27
29 31 1
29 31 27
29 52 29
29 53 8
29 53 9
29 53 10
29 53 27
29 53 28
29 53 29
29 53 30
29 54 8
29 54 9
29 54 10
29 54 27
29 54 28
29 54 29
29 54 30
29 55 8
29 55 9
29 55 10
29 55 29
29 55 30
29 56 7
29 56 8
29 56 9
29 56 10
29 56 28
29 56 29
29 56 30
29 57 6
29 57 7
29 57 8
29 57 9
29 57 28
29 57 29
29 57 30
29 57 31
29 58 6
29 58 7
29 58 8
29 58 9
29 58 28
29 58 29
29 58 30
29 58 31
29 59 5
29 59 6
29 59 7
29 59 8
29 59 29
29 59 30
29 59 31
30 8 29
30 8 30
30 9 28
30 9 29
30 9 30
30 10 27
30 10 28
30 10 29
30 10 30
30 11 27
30 11 28
30 11 29
30 12 27
30 12 28
30 12 29
30 26 1
30 26 2
30 26 3
30 26 4
30 26 5
30 26 6
30 26 7
30 26 8
30 26 9
30 26 10
30 26 11
30 26 12
30 26 13
30 26 14
30 26 15
30 26 16
30 26 17
30 26 18
30 26 19
30 26 20
30 26 21
30 26 22
30 26 23
30 26 24
30 26 25
30 26 26
30 27 1
30 27 2
30 27 3
30 27 4
30 27 5
30 27 6
30 27 7
30 27 8
30 27 9
30 27 10
30 27 11
30 27 12
30 27 13
30 27 14
30 27 15
30 27 16
30 27 17
30 27 18
30 27 19
30 27 20
30 27 21
30 27 22
30 27 23
30 27 24
30 27 25
30 27 26
30 27 27
30 28 0
30 28 1
30 28 2
30 28 3
30 28 4
30 28 5
30 28 6
30 28 7
30 28 8
30 28 9
30 28 10
30 28 11
30 28 12
30 28 13
30 28 14
30 28 15
30 28 16
30 28 17
30 28 18
30 28 19
30 28 20
30 28 21
30 28 22
30 28 23
30 28 24
30 28 25
30 28 26
30 28 27
30 29 0
30 29 1
30 29 2
30 29 26
30 29 27
30 30 0
30 30 1
30 30 2
30 30 26
30 30 27
30 51 29
30 52 8
30 52 9
30 52 10
30 52 27
30 52 28
30 52 29
30 52 30
30 53 8
30 53 9
30 53 10
30 53 27
30 53 28
30 53 29
30 53 30
30 54 8
30 54 9
30 54 10
30 54 29
30 54 30
30 57 6
30 57 7
30 57 8
30 57 9
30 57 28
30 57 29
30 57 30
30 57 31
30 58 5
30 58 6
30 58 7
30 58 8
30 58 29
30 58 30
30 58 31
30 59 5
30 59 6
30 59 7
30 59 8
30 59 29
30 59 30
30 59 31
30 60 4
30 60 5
30 60 6
30 60 7
30 60 29
30 60 30
30 60 31
30 61 5
30 61 6
30 61 7
30 61 30
30 61 31
31 9 29
31 10 27
31 10 28
31 10 29
31 10 30
31 11 26
31 11 27
31 11 28
31 11 29
31 12 26
31 12 27
31 12 28
31 12 29
31 13 26
31 13 27
31 13 28
31 25 2
31 25 3
31 25 4
31 25 5
31 25 6
31 25 7
31 25 8
31 25 9
31 25 10
31 25 11
31 25 12
31 25 13
31 25 14
31 25 15
31 25 16
31 25 17
31 25 18
31 25 19
31 25 20
31 25 21
31 25 22
31 25 23
31 25 24
31 25 25
31 25 26
31 26 1
31 26 2
31 26 3
31 26 4
31 26 5
31 26 6
31 26 7
31 26 8
31 26 9
31 26 10
31 26 11
31 26 12
31 26 13
31 26 14
31 26 15
31 26 16
31 26 17
31 26 18
31 26 19
31 26 20
31 26 21
31 26 22
31 26 23
31 26 24
31 26 25
31 26 26
31 26 27
31 27 0
31 27 1
31 27 2
31 27 3
31 27 4
31 27 5
31 27 6
31 27 7
31 27 8
31 27 9
31 27 10
31 27 11
31 27 12
31 27 13
31 27 14
31 27 15
31 27 16
31 27 17
31 27 18
31 27 19
31 27 20
31 27 21
31 27 22
31 27 23
31 27 24
31 27 25
31 27 26
31 27 27
31 28 0
31 28 1
31 28 2
31 28 26
31 28 27
31 29 0
31 29 1
31 29 2
31 29 26
31 29 27
31 51 9
31 51 10
31 51 27
31 51 28
31 51 29
31 51 30
31 52 8
31 52 9
31 52 10
31 52 27
31 52 28
31 52 29
31 52 30
31 53 8
31 53 9
31 53 10
31 53 27
31 53 28
31 53 29
31 53 30
31 54 9
31 54 10
31 58 6
31 58 7
31 58 30
31 58 31
31 59 4
31 59 5
31 59 6
31 59 7
31 59 29
31 59 30
31 59 31
31 60 4
31 60 5
31 60 6
31 60 7
31 60 29
31 60 30
31 60 31
31 61 4
31 61 5
31 61 6
31 61 7
31 61 29
31 61 30
31 61 31
32 10 28
32 11 27
32 11 28
32 12 25
32 12 26
32 12 27
32 12 28
32 12 29
32 13 25
32 13 26
32 13 27
32 13 28
32 14 25
32 14 26
32 14 27
32 15 25
32 15 26
32 15 27
32 24 2
32 24 3
32 24 4
32 24 5
32 24 6
32 24 7
32 24 8
32 24 9
32 24 10
32 24 11
32 24 12
32 24 13
32 24 14
32 24 15
32 24 16
32 24 17
32 24 18
32 24 19
32 24 20
32 24 21
32 24 22
32 24 23
32 24 24
32 24 25
32 24 26
32 25 1
32 25 2
32 25 3
32 25 4
32 25 5
32 25 6
32 25 7
32 25 8
32 25 9
32 25 10
32 25 11
32 25 12
32 25 13
32 25 14
32 25 15
32 25 16
32 25 17
32 25 18
32 25 19
32 25 20
32 25 21
32 25 22
32 25 23
32 25 24
32 25 25
32 25 26
32 25 27
32 26 1
32 26 2
32 26 3
32 26 4
32 26 5
32 26 6
32 26 7
32 26 8
32 26 9
32 26 10
32 26 11
32 26 12
32 26 13
32 26 14
32 26 15
32 26 16
32 26 17
32 26 18
32 26 19
32 26 20
32 26 21
32 26 22
32 26 23
32 26 24
32 26 25
32 26 26
32 26 27
32 27 0
32 27 1
32 27 2
32 27 25
32 27 26
32 27 27
32 28 0
32 28 1
32 28 2
32 28 26
32 28 27
32 29 1
32 29 27
32 50 9
32 50 10
32 50 27
32 50 28
32 50 29
32 50 30
32 51 8
32 51 9
32 51 10
32 51 27
32 51 28
32 51 29
32 51 30
32 52 8
32 52 9
32 52 10
32 52 27
32 52 28
32 52 29
32 52 30
32 53 9
32 53 10
32 60 4
32 60 5
32 60 6
32 60 7
32 60 29
32 60 30
32 60 31
32 61 4
32 61 5
32 61 6
32 61 29
32 61 30
32 61 31
33 12 26
33 12 27
33 13 25
33 13 26
33 13 27
33 14 24
33 14 25
33 14 26
33 14 27
33 15 24
33 15 25
33 15 26
33 16 24
33 16 25
33 16 26
33 24 1
33 24 2
33 24 3
33 24 4
33 24 5
33 24 6
33 24 7
33 24 8
33 24 9
33 24 10
33 24 11
33 24 12
33 24 13
33 24 14
33 24 15
33 24 16
33 24 17
33 24 18
33 24 19
33 24 20
33 24 21
33 24 22
33 24 23
33 24 24
33 24 25
33 24 26
33 25 1
33 25 2
33 25 3
33 25 4
33 25 5
33 25 6
33 25 7
33 25 8
33 25 9
33 25 10
33 25 11
33 25 12
33 25 13
33 25 14
33 25 15
33 25 16
33 25 17
33 25 18
33 25 19
33 25 20
33 25 21
33 25 22
33 25 23
33 25 24
33 25 25
33 25 26
33 25 27
33 26 0
33 26 1
33 26 2
33 26 3
33 26 4
33 26 5
33 26 6
33 26 7
33 26 8
33 26 9
33 26 10
33 26 11
33 26 12
33 26 13
33 26 14
33 26 15
33 26 16
33 26 17
33 26 18
33 26 19
33 26 20
33 26 21
33 26 22
33 26 23
33 26 24
33 26 25
33 26 26
33 26 27
33 27 0
33 27 1
33 27 2
33 27 26
33 27 27
33 28 1
33 28 27
33 49 29
33 50 8
33 50 9
33 50 10
33 50 27
33 50 28
33 50 29
33 50 30
33 51 8
33 51 9
33 51 10
33 51 27
33 51 28
33 51 29
33 51 30
33 52 9
33 52 10
34 13 26
34 14 24
34 14 25
34 14 26
34 14 27
34 15 23
34 15 24
34 15 25
34 15 26
34 16 23
34 16 24
34 16 25
34 16 26
34 17 23
34 17 24
34 17 25
34 23 1
34 23 2
34 23 3
34 23 4
34 23 5
34 23 6
34 23 7
34 23 8
34 23 9
34 23 10
34 23 11
34 23 12
34 23 13
34 23 14
34 23 15
34 23 16
34 23 17
34 23 18
34 23 19
34 23 20
34 23 21
34 23 22
34 23 23
34 23 24
34 23 25
34 23 26
34 24 1
34 24 2
34 24 3
34 24 4
34 24 5
34 24 6
34 24 7
34 24 8
34 24 9
34 24 10
34 24 11
34 24 12
34 24 13
34 24 14
34 24 15
34 24 16
34 24 17
34 24 18
34 24 19
34 24 20
34 24 21
34 24 22
34 24 23
34 24 24
34 24 25
34 24 26
34 24 27
34 25 0
34 25 1
34 25 2
34 25 3
34 25 4
34 25 5
34 25 6
34 25 7
34 25 8
34 25 9
34 25 10
34 25 11
34 25 12
34 25 13
34 25 14
34 25 15
34 25 16
34 25 17
34 25 18
34 25 19
34 25 20
34 25 21
34 25 22
34 25 23
34 25 24
34 25 25
34 25 26
34 25 27
34 26 0
34 26 1
34 26 2
34 26 26
34 26 27
34 27 1
34 27 27
34 49 8
34 49 9
34 49 10
34 49 27
34 49 28
34 49 29
34 49 30
34 50 8
34 50 9
34 50 10
34 50 27
34 50 28
34 50 29
34 50 30
34 51 8
34 51 9
34 51 10
34 51 29
34 51 30
35 14 25
35 15 24
35 15 25
35 15 26
35 16 23
35 16 24
35 16 25
35 16 26
35 17 22
35 17 23
35 17 24
35 17 25
35 18 22
35 18 23
35 18 24
35 19 22
35 19 23
35 19 24
35 22 3
35 22 4
35 22 5
35 22 6
35 22 7
35 22 8
35 22 9
35 22 10
35 22 11
35 22 12
35 22 13
35 22 14
35 22 15
35 22 16
35 22 17
35 22 18
35 22 19
35 22 20
35 22 21
35 22 22
35 22 23
35 22 24
35 22 25
35 22 26
35 23 1
35 23 2
35 23 3
35 23 4
35 23 5
35 23 6
35 23 7
35 23 8
35 23 9
35 23 10
35 23 11
35 23 12
35 23 13
35 23 14
35 23 15
35 23 16
35 23 17
35 23 18
35 23 19
35 23 20
35 23 21
35 23 22
35 23 23
35 23 24
35 23 25
35 23 26
35 23 27
35 24 0
35 24 1
35 24 2
35 24 3
35 24 4
35 24 5
35 24 6
35 24 7
35 24 8
35 24 9
35 24 10
35 24 11
35 24 12
35 24 13
35 24 14
35 24 15
35 24 16
35 24 17
35 24 18
35 24 19
35 24 20
35 24 21
35 24 22
35 24 23
35 24 24
35 24 25
35 24 26
35 24 27
35 25 0
35 25 1
35 25 2
35 25 26
35 25 27
35 26 0
35 26 1
35 26 2
35 26 26
35 26 27
35 48 9
35 48 10
35 48 27
35 48 28
35 48 29
35 48 30
35 49 8
35 49 9
35 49 10
35 49 27
35 49 28
35 49 29
35 49 30
35 50 8
35 50 9
35 50 10
35 50 27
35 50 28
35 50 29
35 50 30
35 51 9
35 51 10
36 16 23
36 16 24
36 17 22
36 17 23
36 17 24
36 17 25
36 18 21
36 18 22
36 18 23
36 18 24
36 19 21
36 19 22
36 19 23
36 19 24
36 20 21
36 20 22
36 20 23
36 20 24
36 21 4
36 21 5
36 21 6
36 21 7
36 21 8
36 21 9
36 21 10
36 21 11
36 21 12
36 21 13
36 21 14
36 21 15
36 21 16
36 21 17
36 21 18
36 21 19
36 21 20
36 21 21
36 21 22
36 21 23
36 21 24
36 22 1
36 22 2
36 22 3
36 22 4
36 22 5
36 22 6
36 22 7
36 22 8
36 22 9
36 22 10
36 22 11
36 22 12
36 22 13
36 22 14
36 22 15
36 22 16
36 22 17
36 22 18
36 22 19
36 22 20
36 22 21
36 22 22
36 22 23
36 22 24
36 22 25
36 22 26
36 23 1
36 23 2
36 23 3
36 23 4
36 23 5
36 23 6
36 23 7
36 23 8
36 23 9
36 23 10
36 23 11
36 23 12
36 23 13
36 23 14
36 23 15
36 23 16
36 23 17
36 23 18
36 23 19
36 23 20
36 23 21
36 23 22
36 23 23
36 23 24
36 23 25
36 23 26
36 23 27
36 24 0
36 24 1
36 24 2
36 24 3
36 24 25
36 24 26
36 24 27
36 25 0
36 25 1
36 25 2
36 25 26
36 25 27
36 26 1
36 26 27
36 47 29
36 48 8
36 48 9
36 48 10
36 48 27
36 48 28
36 48 29
36 48 30
36 49 8
36 49 9
36 49 10
36 49 27
36 49 28
36 49 29
36 49 30
36 50 9
36 50 10
37 17 23
37 18 21
37 18 22
37 18 23
37 18 24
37 19 21
37 19 22
37 19 23
37 19 24
37 20 20
37 20 21
37 20 22
37 20 23
37 20 24
37 21 4
37 21 5
37 21 6
37 21 7
37 21 8
37 21 9
37 21 10
37 21 11
37 21 12
37 21 13
37 21 14
37 21 15
37 21 16
37 21 17
37 21 18
37 21 19
37 21 20
37 21 21
37 21 22
37 21 23
37 21 24
37 21 25
37 22 2
37 22 3
37 22 4
37 22 5
37 22 6
37 22 7
37 22 8
37 22 9
37 22 10
37 22 11
37 22 12
37 22 13
37 22 14
37 22 15
37 22 16
37 22 17
37 22 18
37 22 19
37 22 20
37 22 21
37 22 22
37 22 23
37 22 24
37 22 25
37 22 26
37 23 1
37 23 2
37 23 3
37 23 4
37 23 5
37 23 6
37 23 7
37 23 8
37 23 9
37 23 10
37 23 11
37 23 12
37 23 13
37 23 14
37 23 15
37 23 16
37 23 17
37 23 18
37 23 19
37 23 20
37 23 21
37 23 22
37 23 23
37 23 24
37 23 25
37 23 26
37 23 27
37 24 0
37 24 1
37 24 2
37 24 3
37 24 25
37 24 26
37 24 27
37 25 1
37 25 2
37 25 27
37 46 29
37 47 8
37 47 9
37 47 10
37 47 27
37 47 28
37 47 29
37 47 30
37 48 8
37 48 9
37 48 10
37 48 27
37 48 28
37 48 29
37 48 30
37 49 8
37 49 9
37 49 10
37 49 29
37 49 30
38 19 21
38 19 22
38 19 23
38 19 24
38 20 20
38 20 21
38 20 22
38 20 23
38 20 24
38 21 19
38 21 20
38 21 21
38 21 22
38 21 23
38 21 24
38 22 2
38 22 3
38 22 4
38 22 5
38 22 6
38 22 7
38 22 8
38 22 9
38 22 10
38 22 11
38 22 12
38 22 13
38 22 14
38 22 15
38 22 16
38 22 17
38 22 18
38 22 19
38 22 20
38 22 21
38 22 22
38 22 23
38 22 24
38 22 25
38 22 26
38 23 1
38 23 2
38 23 3
38 23 4
38 23 5
38 23 6
38 23 7
38 23 8
38 23 9
38 23 10
38 23 11
38 23 12
38 23 13
38 23 14
38 23 15
38 23 16
38 23 17
38 23 18
38 23 19
38 23 20
38 23 21
38 23 22
38 23 23
38 23 24
38 23 25
38 23 26
38 23 27
38 24 1
38 24 2
38 24 3
38 24 25
38 24 26
38 24 27
38 45 29
38 46 9
38 46 10
38 46 27
38 46 28
38 46 29
38 46 30
38 47 8
38 47 9
38 47 10
38 47 27
38 47 28
38 47 29
38 47 30
38 48 8
38 48 9
38 48 10
38 48 29
38 48 30
39 20 21
39 20 23
39 20 24
39 21 19
39 21 20
39 21 21
39 21 22
39 21 23
39 21 24
39 22 3
39 22 4
39 22 5
39 22 6
39 22 7
39 22 8
39 22 9
39 22 10
39 22 11
39 22 12
39 22 13
39 22 14
39 22 15
39 22 16
39 22 17
39 22 18
39 22 19
39 22 20
39 22 21
39 22 22
39 22 23
39 22 24
39 22 25
39 22 26
39 23 2
39 23 3
39 23 4
39 23 5
39 23 6
39 23 7
39 23 8
39 23 9
39 23 10
39 23 11
39 23 12
39 23 13
39 23 14
39 23 15
39 23 16
39 23 17
39 23 18
39 23 19
39 23 20
39 23 21
39 23 22
39 23 23
39 23 24
39 23 25
39 23 26
39 24 18
39 24 19
39 24 20
39 24 23
39 24 24
39 24 25
39 45 9
39 45 10
39 45 27
39 45 28
39 45 29
39 45 30
39 46 8
39 46 9
39 46 10
39 46 27
39 46 28
39 46 29
39 46 30
39 47 8
39 47 9
39 47 10
39 47 27
39 47 28
39 47 29
39 47 30
39 48 9
39 48 10
40 21 20
40 21 22
40 21 23
40 21 24
40 22 19
40 22 20
40 22 21
40 22 22
40 22 23
40 22 24
40 22 25
40 23 18
40 23 19
40 23 20
40 23 21
40 23 22
40 23 23
40 23 24
40 23 25
40 24 17
40 24 18
40 24 19
40 24 20
40 24 21
40 24 22
40 24 23
40 24 24
40 24 25
40 24 26
40 25 17
40 25 18
40 25 19
40 25 20
40 25 23
40 25 24
40 25 25
40 25 26
40 44 29
40 45 8
40 45 9
40 45 10
40 45 27
40 45 28
40 45 29
40 45 30
40 46 8
40 46 9
40 46 10
40 46 27
40 46 28
40 46 29
40 46 30
40 47 8
40 47 9
40 47 10
40 47 29
40 47 30
41 22 20
41 22 21
41 22 22
41 22 23
41 22 24
41 23 18
41 23 19
41 23 20
41 23 21
41 23 22
41 23 23
41 23 24
41 23 25
41 24 17
41 24 18
41 24 19
41 24 20
41 24 21
41 24 23
41 24 24
41 24 25
41 25 17
41 25 18
41 25 19
41 25 20
41 25 23
41 25 24
41 25 25
41 25 26
41 26 16
41 26 17
41 26 18
41 26 19
41 26 23
41 26 24
41 26 25
41 26 26
41 27 17
41 27 18
41 27 24
41 27 25
41 27 26
41 43 29
41 44 8
41 44 9
41 44 10
41 44 27
41 44 28
41 44 29
41 44 30
41 45 8
41 45 9
41 45 10
41 45 27
41 45 28
41 45 29
41 45 30
41 46 8
41 46 9
41 46 10
41 46 29
41 46 30
42 24 18
42 24 19
42 24 24
42 24 25
42 24 26
42 25 16
42 25 17
42 25 18
42 25 19
42 25 23
42 25 24
42 25 25
42 25 26
42 26 16
42 26 17
42 26 18
42 26 19
42 26 23
42 26 24
42 26 25
42 26 26
42 27 16
42 27 17
42 27 18
42 27 24
42 27 25
42 27 26
42 28 15
42 28 16
42 28 17
42 28 18
42 28 24
42 28 25
42 28 26
42 43 8
42 43 9
42 43 10
42 43 27
42 43 28
42 43 29
42 43 30
42 44 8
42 44 9
42 44 10
42 44 27
42 44 28
42 44 29
42 44 30
42 45 8
42 45 9
42 45 10
42 45 29
42 45 30
43 26 17
43 26 18
43 26 24
43 26 25
43 26 26
43 27 15
43 27 16
43 27 17
43 27 18
43 27 24
43 27 25
43 27 26
43 28 14
43 28 15
43 28 16
43 28 17
43 28 24
43 28 25
43 28 26
43 28 27
43 29 14
43 29 15
43 29 16
43 29 17
43 29 24
43 29 25
43 29 26
43 29 27
43 30 15
43 30 16
43 30 26
43 30 27
43 42 9
43 42 10
43 42 27
43 42 28
43 42 29
43 42 30
43 43 8
43 43 9
43 43 10
43 43 27
43 43 28
43 43 29
43 43 30
43 44 8
43 44 9
43 44 10
43 44 27
43 44 28
43 44 29
43 44 30
43 45 9
43 45 10
44 27 16
44 27 17
44 27 25
44 27 26
44 28 14
44 28 15
44 28 16
44 28 17
44 28 24
44 28 25
44 28 26
44 28 27
44 29 14
44 29 15
44 29 16
44 29 17
44 29 24
44 29 25
44 29 26
44 29 27
44 30 13
44 30 14
44 30 15
44 30 16
44 30 25
44 30 26
44 30 27
44 31 14
44 31 15
44 31 16
44 31 26
44 31 27
44 41 29
44 42 8
44 42 9
44 42 10
44 42 27
44 42 28
44 42 29
44 42 30
44 43 8
44 43 9
44 43 10
44 43 27
44 43 28
44 43 29
44 43 30
44 44 9
44 44 10
45 28 16
45 28 26
45 28 27
45 29 14
45 29 15
45 29 16
45 29 25
45 29 26
45 29 27
45 30 13
45 30 14
45 30 15
45 30 16
45 30 25
45 30 26
45 30 27
45 31 13
45 31 14
45 31 15
45 31 16
45 31 25
45 31 26
45 31 27
45 31 28
45 32 12
45 32 13
45 32 14
45 32 15
45 32 25
45 32 26
45 32 27
45 32 28
45 33 13
45 33 14
45 33 26
45 33 27
45 33 28
45 41 8
45 41 9
45 41 10
45 41 27
45 41 28
45 41 29
45 41 30
45 42 8
45 42 9
45 42 10
45 42 27
45 42 28
45 42 29
45 42 30
45 43 8
45 43 9
45 43 10
45 43 29
45 43 30
46 30 14
46 30 15
46 30 26
46 30 27
46 31 12
46 31 13
46 31 14
46 31 15
46 31 25
46 31 26
46 31 27
46 32 11
46 32 12
46 32 13
46 32 14
46 32 15
46 32 25
46 32 26
46 32 27
46 32 28
46 33 11
46 33 12
46 33 13
46 33 14
46 33 26
46 33 27
46 33 28
46 34 12
46 34 13
46 34 27
46 34 28
46 40 9
46 40 10
46 40 27
46 40 28
46 40 29
46 40 30
46 41 8
46 41 9
46 41 10
46 41 27
46 41 28
46 41 29
46 41 30
46 42 8
46 42 9
46 42 10
46 42 27
46 42 28
46 42 29
46 42 30
47 31 13
47 31 14
47 31 26
47 31 27
47 31 28
47 32 12
47 32 13
47 32 14
47 32 26
47 32 27
47 32 28
47 33 11
47 33 12
47 33 13
47 33 14
47 33 26
47 33 27
47 33 28
47 33 29
47 34 10
47 34 11
47 34 12
47 34 13
47 34 26
47 34 27
47 34 28
47 34 29
47 35 11
47 35 12
47 35 13
47 35 27
47 35 28
47 35 29
47 39 9
47 39 10
47 39 27
47 39 28
47 39 29
47 39 30
47 40 8
47 40 9
47 40 10
47 40 27
47 40 28
47 40 29
47 40 30
47 41 8
47 41 9
47 41 10
47 41 27
47 41 28
47 41 29
47 41 30
47 42 9
47 42 10
48 32 13
48 32 27
48 32 28
48 33 11
48 33 12
48 33 13
48 33 27
48 33 28
48 34 10
48 34 11
48 34 12
48 34 13
48 34 26
48 34 27
48 34 28
48 34 29
48 35 10
48 35 11
48 35 12
48 35 13
48 35 26
48 35 27
48 35 28
48 35 29
48 36 9
48 36 10
48 36 11
48 36 12
48 36 27
48 36 28
48 36 29
48 38 29
48 39 8
48 39 9
48 39 10
48 39 27
48 39 28
48 39 29
48 39 30
48 40 8
48 40 9
48 40 10
48 40 27
48 40 28
48 40 29
48 40 30
48 41 8
48 41 9
48 41 10
48 41 29
48 41 30
49 34 11
49 34 12
49 34 27
49 34 28
49 34 29
49 35 9
49 35 10
49 35 11
49 35 12
49 35 26
49 35 27
49 35 28
49 35 29
49 36 9
49 36 10
49 36 11
49 36 12
49 36 27
49 36 28
49 36 29
49 37 9
49 37 10
49 37 11
49 37 27
49 37 28
49 37 29
49 37 30
49 38 9
49 38 10
49 38 11
49 38 27
49 38 28
49 38 29
49 38 30
49 39 8
49 39 9
49 39 10
49 39 27
49 39 28
49 39 29
49 39 30
49 40 8
49 40 9
49 40 10
49 40 29
49 40 30
50 35 11
50 35 28
50 35 29
50 36 9
50 36 10
50 36 11
50 36 27
50 36 28
50 36 29
50 37 8
50 37 9
50 37 10
50 37 11
50 37 27
50 37 28
50 37 29
50 37 30
50 38 8
50 38 9
50 38 10
50 38 11
50 38 27
50 38 28
50 38 29
50 38 30
50 39 7
50 39 8
50 39 9
50 39 10
50 39 27
50 39 28
50 39 29
50 39 30
50 40 9
50 40 10
51 36 10
51 36 28
51 36 29
51 37 9
51 37 10
51 37 28
51 37 29
51 37 30
51 38 7
51 38 8
51 38 9
51 38 10
51 38 27
51 38 28
51 38 29
51 38 30
51 39 7
51 39 8
51 39 9
51 39 10
51 39 28
51 39 29
51 39 30
51 40 7
51 40 8
51 40 9
51 40 28
51 40 29
51 40 30
51 41 7
51 41 8
51 41 9
51 41 29
51 41 30
52 38 9
52 38 29
52 38 30
52 39 7
52 39 8
52 39 9
52 39 10
52 39 28
52 39 29
52 39 30
52 40 6
52 40 7
52 40 8
52 40 9
52 40 28
52 40 29
52 40 30
52 41 6
52 41 7
52 41 8
52 41 9
52 41 28
52 41 29
52 41 30
52 41 31
52 42 6
52 42 7
52 42 8
52 42 29
52 42 30
52 42 31
53 39 8
53 39 29
53 39 30
53 40 6
53 40 7
53 40 8
53 40 9
53 40 28
53 40 29
53 40 30
53 41 5
53 41 6
53 41 7
53 41 8
53 41 9
53 41 28
53 41 29
53 41 30
53 41 31
53 42 5
53 42 6
53 42 7
53 42 8
53 42 29
53 42 30
53 42 31
53 43 4
53 43 5
53 43 6
53 43 7
53 43 29
53 43 30
53 43 31
54 40 7
54 40 30
54 40 31
54 41 6
54 41 7
54 41 29
54 41 30
54 41 31
54 42 4
54 42 5
54 42 6
54 42 7
54 42 29
54 42 30
54 42 31
54 43 4
54 43 5
54 43 6
54 43 7
54 43 29
54 43 30
54 43 31
54 44 4
54 44 5
54 44 6
54 44 7
54 44 29
54 44 30
54 44 31
54 45 6
54 45 31
55 42 6
55 42 30
55 42 31
55 43 4
55 43 5
55 43 6
55 43 7
55 43 29
55 43 30
55 43 31
55 44 4
55 44 5
55 44 6
55 44 29
55 44 30
55 44 31
55 45 5
55 45 6
55 45 30
55 45 31
