0 38 21
0 38 22
0 38 23
0 39 21
0 39 22
0 39 23
0 40 21
0 40 22
0 40 23
1 38 22
1 38 23
1 39 21
1 39 22
1 39 23
1 39 24
1 40 21
1 40 22
1 40 23
1 41 22
2 38 22
2 38 23
2 39 21
2 39 22
2 39 23
2 39 24
2 40 21
2 40 22
2 40 23
2 41 22
3 38 22
3 38 23
3 39 21
3 39 22
3 39 23
3 39 24
3 40 21
3 40 22
3 40 23
3 41 22
3 41 23
4 24 43
4 25 43
4 26 43
4 38 23
4 39 21
4 39 22
4 39 23
4 39 24
4 40 21
4 40 22
4 40 23
4 40 24
4 41 22
4 41 23
5 24 42
5 24 43
5 24 44
5 24 45
5 25 42
5 25 43
5 25 44
5 26 42
5 26 43
5 26 44
5 38 24
5 39 22
5 39 23
5 39 24
5 40 22
5 40 23
5 40 24
5 41 22
5 41 23
5 41 24
6 23 44
6 24 42
6 24 43
6 24 44
6 24 45
6 25 41
6 25 42
6 25 43
6 25 44
6 25 45
6 26 41
6 26 42
6 26 43
6 26 44
6 27 42
6 27 43
6 39 22
6 39 23
6 39 24
6 40 22
6 40 23
6 40 24
6 40 25
6 41 22
6 41 23
6 41 24
7 16 3
7 16 4
7 16 5
7 17 4
7 17 5
7 24 43
7 24 44
7 25 41
7 25 42
7 25 43
7 25 44
7 26 41
7 26 42
7 26 43
7 26 44
7 27 41
7 27 42
7 27 43
7 28 42
7 39 23
7 39 24
7 40 22
7 40 23
7 40 24
7 40 25
7 41 22
7 41 23
7 41 24
7 42 23
8 15 4
8 15 5
8 15 6
8 16 3
8 16 4
8 16 5
8 16 6
8 17 3
8 17 4
8 17 5
8 25 42
8 25 43
8 26 41
8 26 42
8 26 43
8 26 44
8 27 40
8 27 41
8 27 42
8 27 43
8 28 41
8 28 42
8 37 20
8 37 21
8 37 22
8 38 20
8 38 21
8 38 22
8 38 23
8 38 24
8 39 21
8 39 22
8 39 23
8 39 24
8 39 25
8 40 22
8 40 23
8 40 24
8 40 25
8 41 22
8 41 23
8 41 24
8 42 23
8 42 24
9 15 4
9 15 5
9 15 6
9 16 3
9 16 4
9 16 5
9 16 6
9 17 4
9 17 5
9 17 6
9 18 4
9 18 5
9 25 43
9 26 41
9 26 42
9 26 43
9 27 40
9 27 41
9 27 42
9 27 43
9 28 40
9 28 41
9 28 42
9 29 41
9 34 17
9 34 18
9 34 19
9 35 18
9 35 19
9 35 20
9 35 21
9 36 19
9 36 20
9 36 21
9 36 22
9 37 20
9 37 21
9 37 22
9 37 23
9 38 20
9 38 21
9 38 22
9 38 23
9 38 24
9 39 21
9 39 22
9 39 23
9 39 24
9 39 25
9 40 22
9 40 23
9 40 24
9 40 25
9 41 23
9 41 24
9 41 25
9 42 23
9 42 24
10 15 6
10 16 3
10 16 4
10 16 5
10 16 6
10 17 4
10 17 5
10 17 6
10 18 4
10 18 5
10 26 42
10 27 40
10 27 41
10 27 42
10 28 39
10 28 40
10 28 41
10 28 42
10 29 39
10 29 40
10 29 41
10 29 42
10 30 40
10 31 15
10 31 16
10 31 17
10 32 16
10 32 17
10 32 18
10 32 19
10 33 17
10 33 18
10 33 19
10 33 20
10 34 17
10 34 18
10 34 19
10 34 20
10 34 21
10 35 18
10 35 19
10 35 20
10 35 21
10 36 19
10 36 20
10 36 21
10 36 22
10 37 19
10 37 20
10 37 21
10 37 22
10 37 23
10 38 21
10 38 22
10 39 25
10 40 23
10 40 24
10 40 25
10 40 26
10 41 23
10 41 24
10 41 25
10 42 23
10 42 24
10 42 25
11 16 4
11 16 5
11 16 6
11 17 4
11 17 5
11 17 6
11 18 4
11 18 5
11 26 37
11 26 38
11 26 39
11 27 37
11 27 38
11 27 39
11 27 41
11 27 42
11 28 13
11 28 14
11 28 15
11 28 38
11 28 39
11 28 40
11 28 41
11 28 42
11 29 13
11 29 14
11 29 15
11 29 16
11 29 17
11 29 39
11 29 40
11 29 41
11 30 14
11 30 15
11 30 16
11 30 17
11 30 18
11 30 39
11 30 40
11 30 41
11 31 15
11 31 16
11 31 17
11 31 18
11 31 40
11 32 16
11 32 17
11 32 18
11 32 19
11 33 16
11 33 17
11 33 18
11 33 19
11 33 20
11 34 17
11 34 18
11 34 19
11 34 20
11 35 18
11 35 19
11 35 20
11 40 23
11 40 24
11 40 25
11 40 26
11 41 23
11 41 24
11 41 25
11 41 26
11 42 24
11 42 25
12 1 25
12 1 26
12 1 27
12 2 25
12 2 26
12 3 26
12 16 4
12 16 5
12 16 6
12 16 7
12 17 4
12 17 5
12 17 6
12 18 4
12 18 5
12 18 6
12 23 35
12 23 36
12 24 11
12 24 35
12 24 36
12 24 37
12 24 38
12 25 10
12 25 11
12 25 12
12 25 36
12 25 37
12 25 38
12 25 39
12 26 11
12 26 12
12 26 13
12 26 14
12 26 15
12 26 36
12 26 37
12 26 38
12 26 39
12 26 40
12 27 12
12 27 13
12 27 14
12 27 15
12 27 37
12 27 38
12 27 39
12 27 40
12 27 41
12 28 13
12 28 14
12 28 15
12 28 16
12 28 38
12 28 39
12 28 40
12 28 41
12 29 13
12 29 14
12 29 15
12 29 16
12 29 17
12 29 38
12 29 39
12 29 40
12 29 41
12 30 14
12 30 15
12 30 16
12 30 17
12 30 38
12 30 39
12 30 40
12 30 41
12 31 15
12 31 16
12 31 17
12 31 18
12 31 38
12 31 39
12 31 40
12 32 16
12 32 17
12 40 23
12 40 24
12 40 25
12 40 26
12 41 23
12 41 24
12 41 25
12 41 26
12 42 23
12 42 24
12 42 25
13 0 27
13 1 25
13 1 26
13 1 27
13 2 24
13 2 25
13 2 26
13 2 27
13 3 24
13 3 25
13 3 26
13 16 4
13 16 5
13 16 6
13 16 7
13 17 4
13 17 5
13 17 6
13 17 7
13 18 5
13 18 6
13 20 32
13 20 33
13 20 34
13 21 8
13 21 9
13 21 33
13 21 34
13 21 35
13 21 36
13 22 8
13 22 9
13 22 10
13 22 34
13 22 35
13 22 36
13 22 37
13 23 9
13 23 10
13 23 11
13 23 12
13 23 34
13 23 35
13 23 36
13 23 37
13 24 10
13 24 11
13 24 12
13 24 13
13 24 35
13 24 36
13 24 37
13 24 38
13 25 10
13 25 11
13 25 12
13 25 13
13 25 14
13 25 36
13 25 37
13 25 38
13 25 39
13 26 11
13 26 12
13 26 13
13 26 14
13 26 36
13 26 37
13 26 38
13 26 39
13 27 12
13 27 13
13 27 14
13 27 15
13 27 37
13 27 38
13 27 39
13 28 13
13 28 14
13 28 15
13 28 16
13 28 38
13 28 39
13 29 14
13 29 15
13 29 38
13 29 39
13 29 40
13 29 41
13 30 38
13 30 39
13 30 40
13 30 41
13 31 38
13 31 39
13 31 40
13 32 38
13 32 39
13 40 24
13 40 25
13 40 26
13 41 23
13 41 24
13 41 25
13 41 26
13 42 24
13 42 25
13 42 26
13 43 24
13 43 25
14 1 25
14 1 26
14 1 27
14 2 24
14 2 25
14 2 26
14 2 27
14 3 24
14 3 25
14 3 26
14 4 24
14 4 25
14 16 5
14 16 6
14 16 7
14 17 4
14 17 5
14 17 6
14 17 7
14 17 30
14 17 31
14 17 32
14 18 5
14 18 6
14 18 7
14 18 30
14 18 31
14 18 32
14 18 33
14 19 6
14 19 7
14 19 8
14 19 31
14 19 32
14 19 33
14 19 34
14 20 7
14 20 8
14 20 9
14 20 10
14 20 32
14 20 33
14 20 34
14 20 35
14 21 7
14 21 8
14 21 9
14 21 10
14 21 11
14 21 32
14 21 33
14 21 34
14 21 35
14 21 36
14 22 8
14 22 9
14 22 10
14 22 11
14 22 33
14 22 34
14 22 35
14 22 36
14 22 37
14 23 9
14 23 10
14 23 11
14 23 12
14 23 34
14 23 35
14 23 36
14 23 37
14 24 9
14 24 10
14 24 11
14 24 12
14 24 13
14 24 35
14 24 36
14 24 37
14 25 10
14 25 11
14 25 12
14 25 13
14 25 35
14 25 36
14 25 37
14 26 11
14 26 12
14 26 13
14 29 40
14 30 38
14 30 39
14 30 40
14 31 37
14 31 38
14 31 39
14 31 40
14 32 37
14 32 38
14 32 39
14 33 38
14 40 24
14 40 25
14 40 26
14 41 23
14 41 24
14 41 25
14 41 26
14 42 24
14 42 25
14 42 26
14 43 24
14 43 25
15 2 24
15 2 25
15 2 26
15 3 23
15 3 24
15 3 25
15 3 26
15 4 23
15 4 24
15 4 25
15 5 24
15 14 28
15 14 29
15 15 28
15 15 29
15 15 30
15 15 31
15 16 5
15 16 6
15 16 7
15 16 29
15 16 30
15 16 31
15 16 32
15 17 5
15 17 6
15 17 7
15 17 8
15 17 29
15 17 30
15 17 31
15 17 32
15 17 33
15 18 5
15 18 6
15 18 7
15 18 8
15 18 30
15 18 31
15 18 32
15 18 33
15 18 34
15 19 5
15 19 6
15 19 7
15 19 8
15 19 9
15 19 31
15 19 32
15 19 33
15 19 34
15 20 6
15 20 7
15 20 8
15 20 9
15 20 10
15 20 31
15 20 32
15 20 33
15 20 34
15 20 35
15 21 7
15 21 8
15 21 9
15 21 10
15 21 11
15 21 32
15 21 33
15 21 34
15 21 35
15 22 8
15 22 9
15 22 10
15 22 11
15 22 33
15 22 34
15 22 35
15 23 9
15 23 10
15 30 38
15 30 39
15 31 37
15 31 38
15 31 39
15 31 40
15 32 37
15 32 38
15 32 39
15 33 37
15 33 38
15 33 39
15 40 25
15 40 26
15 41 24
15 41 25
15 41 26
15 41 27
15 42 24
15 42 25
15 42 26
15 43 24
15 43 25
15 43 26
16 2 25
16 3 23
16 3 24
16 3 25
16 3 26
16 4 23
16 4 24
16 4 25
16 5 22
16 5 23
16 5 24
16 5 25
16 6 23
16 11 25
16 11 26
16 11 27
16 12 26
16 12 27
16 12 28
16 12 29
16 13 27
16 13 28
16 13 29
16 13 30
16 14 27
16 14 28
16 14 29
16 14 30
16 14 31
16 15 28
16 15 29
16 15 30
16 15 31
16 16 7
16 16 29
16 16 30
16 16 31
16 16 32
16 17 5
16 17 6
16 17 7
16 17 8
16 17 29
16 17 30
16 17 31
16 17 32
16 18 5
16 18 6
16 18 7
16 18 8
16 18 30
16 18 31
16 18 32
16 19 5
16 19 6
16 19 7
16 19 8
16 19 31
16 19 32
16 20 7
16 20 8
16 31 37
16 31 38
16 31 39
16 32 36
16 32 37
16 32 38
16 32 39
16 33 36
16 33 37
16 33 38
16 33 39
16 34 36
16 34 37
16 34 38
16 40 26
16 41 24
16 41 25
16 41 26
16 41 27
16 42 24
16 42 25
16 42 26
16 42 27
16 43 24
16 43 25
16 43 26
17 3 23
17 3 24
17 3 25
17 4 23
17 4 24
17 4 25
17 5 22
17 5 23
17 5 24
17 6 22
17 6 23
17 6 24
17 8 23
17 8 24
17 8 25
17 9 24
17 9 25
17 9 26
17 9 27
17 10 24
17 10 25
17 10 26
17 10 27
17 11 25
17 11 26
17 11 27
17 11 28
17 12 26
17 12 27
17 12 28
17 12 29
17 13 26
17 13 27
17 13 28
17 13 29
17 13 30
17 14 27
17 14 28
17 14 29
17 14 30
17 15 28
17 15 29
17 15 30
17 16 29
17 16 30
17 17 5
17 17 6
17 17 7
17 17 8
17 18 5
17 18 6
17 18 7
17 19 6
17 19 7
17 31 38
17 32 36
17 32 37
17 32 38
17 32 39
17 33 36
17 33 37
17 33 38
17 33 39
17 34 36
17 34 37
17 34 38
17 35 36
17 35 37
17 40 26
17 41 24
17 41 25
17 41 26
17 41 27
17 42 24
17 42 25
17 42 26
17 42 27
17 43 25
17 43 26
18 4 22
18 4 23
18 4 24
18 5 22
18 5 23
18 5 24
18 6 22
18 6 23
18 6 24
18 6 25
18 7 22
18 7 23
18 7 24
18 7 25
18 8 23
18 8 24
18 8 25
18 8 26
18 9 23
18 9 24
18 9 25
18 9 26
18 9 27
18 10 24
18 10 25
18 10 26
18 10 27
18 11 25
18 11 26
18 11 27
18 11 28
18 12 25
18 12 26
18 12 27
18 13 27
18 13 28
18 17 5
18 17 6
18 17 7
18 17 8
18 18 5
18 18 6
18 18 7
18 18 8
18 19 6
18 19 7
18 32 37
18 32 38
18 33 35
18 33 36
18 33 37
18 33 38
18 34 35
18 34 36
18 34 37
18 34 38
18 35 35
18 35 36
18 35 37
18 41 25
18 41 26
18 41 27
18 42 24
18 42 25
18 42 26
18 42 27
18 43 25
18 43 26
19 5 22
19 5 23
19 5 24
19 6 21
19 6 22
19 6 23
19 6 24
19 6 25
19 7 21
19 7 22
19 7 23
19 7 24
19 7 25
19 8 22
19 8 23
19 8 24
19 8 25
19 9 23
19 9 24
19 9 25
19 10 24
19 10 25
19 17 6
19 17 7
19 17 8
19 18 5
19 18 6
19 18 7
19 18 8
19 19 6
19 19 7
19 19 8
19 33 36
19 33 37
19 34 35
19 34 36
19 34 37
19 34 38
19 35 34
19 35 35
19 35 36
19 35 37
19 36 35
19 36 36
19 37 35
19 41 25
19 41 26
19 41 27
19 42 24
19 42 25
19 42 26
19 42 27
19 43 25
19 43 26
19 43 27
19 44 26
20 5 23
20 6 21
20 6 22
20 6 23
20 6 24
20 7 21
20 7 22
20 7 23
20 8 20
20 8 21
20 8 22
20 8 23
20 9 21
20 17 6
20 17 7
20 17 8
20 18 6
20 18 7
20 18 8
20 19 6
20 19 7
20 19 8
20 33 37
20 34 35
20 34 36
20 34 37
20 35 34
20 35 35
20 35 36
20 35 37
20 36 34
20 36 35
20 36 36
20 37 35
20 41 26
20 41 27
20 42 25
20 42 26
20 42 27
20 43 25
20 43 26
20 43 27
20 44 26
21 6 22
21 6 23
21 7 20
21 7 21
21 7 22
21 7 23
21 8 20
21 8 21
21 8 22
21 8 23
21 9 20
21 9 21
21 9 22
21 17 6
21 17 7
21 17 8
21 18 6
21 18 7
21 18 8
21 18 9
21 19 6
21 19 7
21 19 8
21 20 6
21 20 7
21 34 36
21 35 34
21 35 35
21 35 36
21 35 37
21 36 33
21 36 34
21 36 35
21 36 36
21 36 37
21 37 33
21 37 34
21 37 35
21 37 36
21 38 34
21 38 35
21 41 26
21 41 27
21 42 25
21 42 26
21 42 27
21 42 28
21 43 25
21 43 26
21 43 27
21 44 26
21 44 27
22 7 20
22 7 21
22 7 22
22 7 23
22 8 20
22 8 21
22 8 22
22 9 19
22 9 20
22 9 21
22 9 22
22 10 20
22 10 21
22 17 8
22 18 6
22 18 7
22 18 8
22 18 9
22 19 6
22 19 7
22 19 8
22 20 7
22 20 8
22 35 35
22 35 36
22 36 33
22 36 34
22 36 35
22 36 36
22 37 33
22 37 34
22 37 35
22 37 36
22 38 33
22 38 34
22 38 35
22 39 34
22 41 27
22 42 25
22 42 26
22 42 27
22 42 28
22 43 25
22 43 26
22 43 27
22 43 28
22 44 26
22 44 27
23 7 22
23 8 20
23 8 21
23 8 22
23 9 19
23 9 20
23 9 21
23 9 22
23 10 19
23 10 20
23 10 21
23 11 19
23 11 20
23 18 6
23 18 7
23 18 8
23 18 9
23 19 6
23 19 7
23 19 8
23 19 9
23 20 7
23 20 8
23 36 33
23 36 34
23 36 35
23 37 32
23 37 33
23 37 34
23 37 35
23 37 36
23 38 32
23 38 33
23 38 34
23 38 35
23 39 33
23 39 34
23 41 27
23 42 26
23 42 27
23 42 28
23 43 25
23 43 26
23 43 27
23 43 28
23 44 26
23 44 27
24 8 21
24 9 19
24 9 20
24 9 21
24 10 18
24 10 19
24 10 20
24 10 21
24 11 19
24 11 20
24 18 6
24 18 7
24 18 8
24 18 9
24 19 6
24 19 7
24 19 8
24 19 9
24 20 7
24 20 8
24 20 9
24 36 35
24 37 32
24 37 33
24 37 34
24 37 35
24 38 32
24 38 33
24 38 34
24 38 35
24 39 32
24 39 33
24 39 34
24 40 32
24 40 33
24 42 26
24 42 27
24 42 28
24 43 26
24 43 27
24 43 28
24 44 26
24 44 27
24 44 28
25 9 19
25 9 20
25 9 21
25 10 18
25 10 19
25 10 20
25 10 21
25 11 18
25 11 19
25 11 20
25 12 18
25 12 19
25 18 7
25 18 8
25 18 9
25 19 6
25 19 7
25 19 8
25 19 9
25 19 10
25 20 7
25 20 8
25 20 9
25 37 34
25 38 32
25 38 33
25 38 34
25 38 35
25 39 31
25 39 32
25 39 33
25 39 34
25 40 31
25 40 32
25 40 33
25 41 32
25 42 27
25 42 28
25 42 29
25 43 26
25 43 27
25 43 28
25 43 29
25 44 26
25 44 27
25 44 28
25 45 27
26 10 18
26 10 19
26 10 20
26 11 18
26 11 19
26 11 20
26 12 17
26 12 18
26 12 19
26 12 20
26 13 18
26 18 7
26 18 8
26 18 9
26 19 7
26 19 8
26 19 9
26 19 10
26 20 7
26 20 8
26 20 9
26 38 32
26 38 33
26 38 34
26 39 31
26 39 32
26 39 33
26 39 34
26 40 31
26 40 32
26 40 33
26 41 31
26 41 32
26 41 33
26 42 27
26 42 28
26 42 31
26 43 26
26 43 27
26 43 28
26 43 29
26 44 26
26 44 27
26 44 28
26 45 27
27 11 17
27 11 18
27 11 19
27 11 20
27 12 17
27 12 18
27 12 19
27 13 17
27 13 18
27 13 19
27 14 18
27 18 8
27 18 9
27 19 7
27 19 8
27 19 9
27 19 10
27 20 7
27 20 8
27 20 9
27 21 8
27 21 9
27 38 33
27 39 31
27 39 32
27 39 33
27 40 31
27 40 32
27 40 33
27 41 30
27 41 31
27 41 32
27 41 33
27 42 27
27 42 28
27 42 29
27 42 30
27 42 31
27 42 32
27 43 24
27 43 26
27 43 27
27 43 28
27 43 29
27 43 30
27 43 31
27 44 25
27 44 26
27 44 27
27 44 28
27 44 29
27 44 30
27 44 31
27 45 27
27 45 28
28 11 17
28 11 18
28 11 19
28 12 17
28 12 18
28 12 19
28 13 16
28 13 17
28 13 18
28 13 19
28 14 16
28 14 17
28 14 18
28 18 9
28 19 7
28 19 8
28 19 9
28 19 10
28 20 8
28 20 9
28 20 10
28 21 8
28 21 9
28 39 32
28 40 21
28 40 22
28 40 30
28 40 31
28 40 32
28 40 33
28 41 21
28 41 22
28 41 23
28 41 29
28 41 30
28 41 31
28 41 32
28 41 33
28 42 22
28 42 23
28 42 24
28 42 25
28 42 27
28 42 28
28 42 29
28 42 30
28 42 31
28 42 32
28 43 22
28 43 23
28 43 24
28 43 25
28 43 26
28 43 27
28 43 28
28 43 29
28 43 30
28 43 31
28 43 32
28 44 24
28 44 25
28 44 26
28 44 27
28 44 28
28 44 29
28 44 30
28 44 31
28 45 27
28 45 28
28 45 29
28 45 30
28 46 28
29 12 17
29 12 18
29 12 19
29 13 16
29 13 17
29 13 18
29 13 19
29 14 16
29 14 17
29 14 18
29 15 16
29 15 17
29 19 7
29 19 8
29 19 9
29 19 10
29 20 8
29 20 9
29 20 10
29 21 8
29 21 9
29 37 19
29 38 19
29 38 20
29 38 21
29 38 34
29 38 35
29 39 20
29 39 21
29 39 22
29 39 32
29 39 33
29 39 34
29 39 35
29 40 20
29 40 21
29 40 22
29 40 23
29 40 30
29 40 31
29 40 32
29 40 33
29 41 21
29 41 22
29 41 23
29 41 24
29 41 29
29 41 30
29 41 31
29 41 32
29 42 21
29 42 22
29 42 23
29 42 24
29 42 25
29 42 26
29 42 27
29 42 28
29 42 29
29 42 30
29 42 31
29 42 32
29 43 23
29 43 24
29 43 25
29 43 26
29 43 27
29 43 28
29 43 29
29 43 30
29 43 31
29 43 32
29 44 24
29 44 25
29 44 26
29 44 27
29 44 28
29 44 29
29 44 30
29 44 31
29 45 27
29 45 28
29 45 29
29 45 30
29 46 28
29 46 29
30 13 16
30 13 17
30 13 18
30 14 15
30 14 16
30 14 17
30 14 18
30 15 15
30 15 16
30 15 17
30 16 16
30 19 8
30 19 9
30 19 10
30 20 8
30 20 9
30 20 10
30 21 8
30 21 9
30 21 10
30 34 16
30 34 17
30 35 17
30 35 18
30 35 19
30 35 38
30 35 39
30 35 40
30 36 17
30 36 18
30 36 19
30 36 20
30 36 36
30 36 37
30 36 38
30 36 39
30 37 18
30 37 19
30 37 20
30 37 35
30 37 36
30 37 37
30 37 38
30 38 18
30 38 19
30 38 20
30 38 21
30 38 33
30 38 34
30 38 35
30 38 36
30 39 19
30 39 20
30 39 21
30 39 22
30 39 31
30 39 32
30 39 33
30 39 34
30 39 35
30 40 20
30 40 21
30 40 22
30 40 23
30 40 24
30 40 25
30 40 26
30 40 27
30 40 28
30 40 29
30 40 30
30 40 31
30 40 32
30 40 33
30 40 34
30 41 21
30 41 22
30 41 23
30 41 24
30 41 25
30 41 26
30 41 27
30 41 28
30 41 29
30 41 30
30 41 31
30 41 32
30 42 22
30 42 23
30 42 24
30 42 25
30 42 26
30 42 27
30 42 28
30 42 29
30 42 30
30 42 31
30 42 32
30 43 23
30 43 24
30 43 25
30 43 26
30 43 27
30 43 28
30 43 29
30 43 30
30 43 31
30 44 24
30 44 25
30 44 26
30 44 27
30 44 28
30 44 29
30 44 30
30 44 31
30 45 27
30 45 28
30 45 29
30 46 28
31 13 17
31 14 15
31 14 16
31 14 17
31 14 18
31 15 15
31 15 16
31 15 17
31 16 14
31 16 15
31 16 16
31 16 17
31 17 15
31 19 8
31 19 9
31 19 10
31 19 11
31 20 8
31 20 9
31 20 10
31 20 11
31 21 8
31 21 9
31 21 10
31 31 14
31 31 15
31 31 44
31 32 14
31 32 15
31 32 16
31 32 42
31 32 43
31 32 44
31 33 15
31 33 16
31 33 17
31 33 18
31 33 40
31 33 41
31 33 42
31 33 43
31 34 15
31 34 16
31 34 17
31 34 18
31 34 39
31 34 40
31 34 41
31 34 42
31 35 16
31 35 17
31 35 18
31 35 19
31 35 38
31 35 39
31 35 40
31 35 41
31 36 17
31 36 18
31 36 19
31 36 20
31 36 36
31 36 37
31 36 38
31 36 39
31 37 18
31 37 19
31 37 20
31 37 21
31 37 22
31 37 23
31 37 24
31 37 25
31 37 26
31 37 27
31 37 28
31 37 29
31 37 30
31 37 31
31 37 32
31 37 33
31 37 34
31 37 35
31 37 36
31 37 37
31 37 38
31 38 19
31 38 20
31 38 21
31 38 22
31 38 23
31 38 24
31 38 25
31 38 26
31 38 27
31 38 28
31 38 29
31 38 30
31 38 31
31 38 32
31 38 33
31 38 34
31 38 35
31 38 36
31 39 20
31 39 21
31 39 22
31 39 23
31 39 24
31 39 25
31 39 26
31 39 27
31 39 28
31 39 29
31 39 30
31 39 31
31 39 32
31 39 33
31 39 34
31 39 35
31 40 20
31 40 21
31 40 22
31 40 23
31 40 24
31 40 25
31 40 26
31 40 27
31 40 28
31 40 29
31 40 30
31 40 31
31 40 32
31 40 33
31 41 21
31 41 22
31 41 23
31 41 24
31 41 25
31 41 26
31 41 27
31 41 28
31 41 29
31 41 30
31 41 31
31 41 32
31 42 22
31 42 23
31 42 24
31 42 25
31 42 26
31 42 27
31 42 28
31 42 29
31 42 30
31 42 31
31 43 24
31 43 25
31 43 26
31 43 27
31 43 28
31 43 29
31 43 30
31 43 31
31 44 25
31 44 26
31 44 27
31 44 28
31 44 29
31 44 30
31 44 31
31 45 27
31 45 28
31 45 29
31 45 30
32 14 15
32 14 16
32 14 17
32 15 14
32 15 15
32 15 16
32 15 17
32 16 14
32 16 15
32 16 16
32 16 17
32 17 14
32 17 15
32 17 16
32 19 9
32 19 10
32 19 11
32 20 8
32 20 9
32 20 10
32 20 11
32 21 8
32 21 9
32 21 10
32 27 12
32 28 11
32 28 12
32 28 44
32 28 45
32 29 12
32 29 13
32 29 14
32 29 44
32 29 45
32 30 13
32 30 14
32 30 15
32 30 44
32 30 45
32 31 13
32 31 14
32 31 15
32 31 16
32 31 43
32 31 44
32 31 45
32 32 14
32 32 15
32 32 16
32 32 17
32 32 42
32 32 43
32 32 44
32 32 45
32 33 15
32 33 16
32 33 17
32 33 18
32 33 30
32 33 35
32 33 40
32 33 41
32 33 42
32 33 43
32 33 44
32 34 16
32 34 17
32 34 18
32 34 19
32 34 20
32 34 21
32 34 22
32 34 23
32 34 24
32 34 25
32 34 26
32 34 27
32 34 28
32 34 29
32 34 30
32 34 31
32 34 32
32 34 33
32 34 34
32 34 35
32 34 36
32 34 37
32 34 38
32 34 39
32 34 40
32 34 41
32 34 42
32 35 16
32 35 17
32 35 18
32 35 19
32 35 20
32 35 21
32 35 22
32 35 23
32 35 24
32 35 25
32 35 26
32 35 27
32 35 28
32 35 29
32 35 30
32 35 31
32 35 32
32 35 33
32 35 34
32 35 35
32 35 36
32 35 37
32 35 38
32 35 39
32 35 40
32 36 17
32 36 18
32 36 19
32 36 20
32 36 21
32 36 22
32 36 23
32 36 24
32 36 25
32 36 26
32 36 27
32 36 28
32 36 29
32 36 30
32 36 31
32 36 32
32 36 33
32 36 34
32 36 35
32 36 36
32 36 37
32 36 38
32 36 39
32 37 18
32 37 19
32 37 20
32 37 21
32 37 22
32 37 23
32 37 24
32 37 25
32 37 26
32 37 27
32 37 28
32 37 29
32 37 30
32 37 31
32 37 32
32 37 33
32 37 34
32 37 35
32 37 36
32 37 37
32 37 38
32 38 19
32 38 20
32 38 21
32 38 22
32 38 23
32 38 24
32 38 25
32 38 26
32 38 27
32 38 28
32 38 29
32 38 30
32 38 31
32 38 32
32 38 33
32 38 34
32 38 35
32 38 36
32 39 20
32 39 21
32 39 22
32 39 23
32 39 24
32 39 25
32 39 26
32 39 27
32 39 28
32 39 29
32 39 30
32 39 31
32 39 32
32 39 33
32 39 34
32 40 21
32 40 22
32 40 23
32 40 24
32 40 25
32 40 26
32 40 27
32 40 28
32 40 29
32 40 30
32 40 31
32 40 32
32 40 33
32 41 25
32 41 30
32 42 30
32 43 28
32 43 29
32 43 30
32 43 31
32 44 27
32 44 28
32 44 29
32 44 30
32 44 31
32 45 27
32 45 28
32 45 29
32 45 30
32 46 28
32 46 29
33 15 15
33 15 16
33 16 14
33 16 15
33 16 16
33 16 17
33 17 13
33 17 14
33 17 15
33 17 16
33 18 13
33 18 14
33 18 15
33 19 9
33 19 10
33 19 11
33 20 8
33 20 9
33 20 10
33 20 11
33 21 9
33 21 10
33 21 11
33 22 9
33 24 42
33 25 9
33 25 10
33 25 42
33 25 43
33 26 10
33 26 11
33 26 12
33 26 42
33 26 43
33 26 44
33 26 45
33 27 10
33 27 11
33 27 12
33 27 13
33 27 43
33 27 44
33 27 45
33 28 11
33 28 12
33 28 13
33 28 14
33 28 43
33 28 44
33 28 45
33 29 11
33 29 12
33 29 13
33 29 14
33 29 15
33 29 44
33 29 45
33 30 12
33 30 13
33 30 14
33 30 15
33 30 20
33 30 25
33 30 44
33 30 45
33 31 13
33 31 14
33 31 15
33 31 16
33 31 17
33 31 18
33 31 19
33 31 20
33 31 21
33 31 22
33 31 23
33 31 24
33 31 25
33 31 26
33 31 27
33 31 28
33 31 29
33 31 30
33 31 31
33 31 32
33 31 33
33 31 34
33 31 35
33 31 36
33 31 37
33 31 38
33 31 39
33 31 40
33 31 41
33 31 42
33 31 43
33 31 44
33 31 45
33 32 14
33 32 15
33 32 16
33 32 17
33 32 18
33 32 19
33 32 20
33 32 21
33 32 22
33 32 23
33 32 24
33 32 25
33 32 26
33 32 27
33 32 28
33 32 29
33 32 30
33 32 31
33 32 32
33 32 33
33 32 34
33 32 35
33 32 36
33 32 37
33 32 38
33 32 39
33 32 40
33 32 41
33 32 42
33 32 43
33 32 44
33 33 15
33 33 16
33 33 17
33 33 18
33 33 19
33 33 20
33 33 21
33 33 22
33 33 23
33 33 24
33 33 25
33 33 26
33 33 27
33 33 28
33 33 29
33 33 30
33 33 31
33 33 32
33 33 33
33 33 34
33 33 35
33 33 36
33 33 37
33 33 38
33 33 39
33 33 40
33 33 41
33 33 42
33 33 43
33 34 16
33 34 17
33 34 18
33 34 19
33 34 20
33 34 21
33 34 22
33 34 23
33 34 24
33 34 25
33 34 26
33 34 27
33 34 28
33 34 29
33 34 30
33 34 31
33 34 32
33 34 33
33 34 34
33 34 35
33 34 36
33 34 37
33 34 38
33 34 39
33 34 40
33 34 41
33 34 42
33 35 17
33 35 18
33 35 19
33 35 20
33 35 21
33 35 22
33 35 23
33 35 24
33 35 25
33 35 26
33 35 27
33 35 28
33 35 29
33 35 30
33 35 31
33 35 32
33 35 33
33 35 34
33 35 35
33 35 36
33 35 37
33 35 38
33 35 39
33 35 40
33 36 18
33 36 19
33 36 20
33 36 21
33 36 22
33 36 23
33 36 24
33 36 25
33 36 26
33 36 27
33 36 28
33 36 29
33 36 30
33 36 31
33 36 32
33 36 33
33 36 34
33 36 35
33 36 36
33 36 37
33 36 38
33 36 39
33 37 19
33 37 20
33 37 21
33 37 22
33 37 23
33 37 24
33 37 25
33 37 26
33 37 27
33 37 28
33 37 29
33 37 30
33 37 31
33 37 32
33 37 33
33 37 34
33 37 35
33 37 36
33 37 37
33 43 28
33 43 29
33 43 30
33 44 28
33 44 29
33 44 30
33 45 27
33 45 28
33 45 29
33 45 30
33 46 27
33 46 28
33 46 29
33 47 28
34 15 16
34 16 13
34 16 14
34 16 15
34 16 16
34 17 12
34 17 13
34 17 14
34 17 15
34 17 16
34 18 11
34 18 12
34 18 13
34 18 14
34 18 15
34 19 10
34 19 11
34 19 12
34 19 13
34 19 14
34 20 8
34 20 9
34 20 10
34 20 11
34 21 9
34 21 10
34 21 11
34 21 39
34 21 40
34 22 9
34 22 10
34 22 40
34 22 41
34 23 9
34 23 10
34 23 40
34 23 41
34 23 42
34 24 9
34 24 10
34 24 11
34 24 41
34 24 42
34 24 43
34 25 9
34 25 10
34 25 11
34 25 41
34 25 42
34 25 43
34 25 44
34 26 9
34 26 10
34 26 11
34 26 12
34 26 41
34 26 42
34 26 43
34 26 44
34 27 10
34 27 11
34 27 12
34 27 13
34 27 14
34 27 15
34 27 17
34 27 19
34 27 20
34 27 22
34 27 24
34 27 25
34 27 27
34 27 29
34 27 31
34 27 33
34 27 35
34 27 36
34 27 38
34 27 39
34 27 40
34 27 41
34 27 42
34 27 43
34 27 44
34 27 45
34 28 11
34 28 12
34 28 13
34 28 14
34 28 15
34 28 16
34 28 17
34 28 18
34 28 19
34 28 20
34 28 21
34 28 22
34 28 23
34 28 24
34 28 25
34 28 26
34 28 27
34 28 28
34 28 29
34 28 30
34 28 31
34 28 32
34 28 33
34 28 34
34 28 35
34 28 36
34 28 37
34 28 38
34 28 39
34 28 40
34 28 41
34 28 42
34 28 43
34 28 44
34 28 45
34 29 12
34 29 13
34 29 14
34 29 15
34 29 16
34 29 17
34 29 18
34 29 19
34 29 20
34 29 21
34 29 22
34 29 23
34 29 24
34 29 25
34 29 26
34 29 27
34 29 28
34 29 29
34 29 30
34 29 31
34 29 32
34 29 33
34 29 34
34 29 35
34 29 36
34 29 37
34 29 38
34 29 39
34 29 40
34 29 41
34 29 42
34 29 43
34 29 44
34 29 45
34 30 13
34 30 14
34 30 15
34 30 16
34 30 17
34 30 18
34 30 19
34 30 20
34 30 21
34 30 22
34 30 23
34 30 24
34 30 25
34 30 26
34 30 27
34 30 28
34 30 29
34 30 30
34 30 31
34 30 32
34 30 33
34 30 34
34 30 35
34 30 36
34 30 37
34 30 38
34 30 39
34 30 40
34 30 41
34 30 42
34 30 43
34 30 44
34 30 45
34 31 14
34 31 15
34 31 16
34 31 17
34 31 18
34 31 19
34 31 20
34 31 21
34 31 22
34 31 23
34 31 24
34 31 25
34 31 26
34 31 27
34 31 28
34 31 29
34 31 30
34 31 31
34 31 32
34 31 33
34 31 34
34 31 35
34 31 36
34 31 37
34 31 38
34 31 39
34 31 40
34 31 41
34 31 42
34 31 43
34 31 44
34 32 14
34 32 15
34 32 16
34 32 17
34 32 18
34 32 19
34 32 20
34 32 21
34 32 22
34 32 23
34 32 24
34 32 25
34 32 26
34 32 27
34 32 28
34 32 29
34 32 30
34 32 31
34 32 32
34 32 33
34 32 34
34 32 35
34 32 36
34 32 37
34 32 38
34 32 39
34 32 40
34 32 41
34 32 42
34 32 43
34 32 44
34 33 16
34 33 17
34 33 18
34 33 19
34 33 20
34 33 21
34 33 22
34 33 23
34 33 24
34 33 25
34 33 26
34 33 27
34 33 28
34 33 29
34 33 30
34 33 31
34 33 32
34 33 33
34 33 34
34 33 35
34 33 36
34 33 37
34 33 38
34 33 39
34 33 40
34 33 41
34 33 42
34 33 43
34 34 17
34 34 18
34 34 19
34 34 20
34 34 21
34 34 22
34 34 23
34 34 24
34 34 25
34 34 26
34 34 27
34 34 28
34 34 29
34 34 30
34 34 31
34 34 32
34 34 33
34 34 34
34 34 35
34 34 36
34 34 37
34 34 38
34 34 39
34 34 40
34 34 41
34 44 28
34 44 29
34 44 30
34 45 27
34 45 28
34 45 29
34 45 30
34 46 26
34 46 27
34 46 28
34 46 29
34 47 27
34 47 28
35 16 14
35 16 15
35 17 12
35 17 13
35 17 14
35 17 15
35 18 11
35 18 12
35 18 13
35 18 14
35 18 15
35 18 37
35 18 38
35 19 9
35 19 10
35 19 11
35 19 12
35 19 13
35 19 14
35 19 37
35 19 38
35 20 9
35 20 10
35 20 11
35 20 12
35 20 13
35 20 37
35 20 38
35 20 39
35 20 40
35 21 9
35 21 10
35 21 11
35 21 12
35 21 38
35 21 39
35 21 40
35 21 41
35 22 9
35 22 10
35 22 11
35 22 39
35 22 40
35 22 41
35 23 9
35 23 10
35 23 11
35 23 39
35 23 40
35 23 41
35 23 42
35 24 9
35 24 10
35 24 11
35 24 12
35 24 13
35 24 14
35 24 15
35 24 16
35 24 17
35 24 18
35 24 19
35 24 20
35 24 21
35 24 23
35 24 24
35 24 25
35 24 26
35 24 27
35 24 28
35 24 29
35 24 30
35 24 31
35 24 32
35 24 33
35 24 34
35 24 35
35 24 36
35 24 37
35 24 38
35 24 39
35 24 40
35 24 41
35 24 42
35 24 43
35 25 9
35 25 10
35 25 11
35 25 12
35 25 13
35 25 14
35 25 15
35 25 16
35 25 17
35 25 18
35 25 19
35 25 20
35 25 21
35 25 22
35 25 23
35 25 24
35 25 25
35 25 26
35 25 27
35 25 28
35 25 29
35 25 30
35 25 31
35 25 32
35 25 33
35 25 34
35 25 35
35 25 36
35 25 37
35 25 38
35 25 39
35 25 40
35 25 41
35 25 42
35 25 43
35 26 10
35 26 11
35 26 12
35 26 13
35 26 14
35 26 15
35 26 16
35 26 17
35 26 18
35 26 19
35 26 20
35 26 21
35 26 22
35 26 23
35 26 24
35 26 25
35 26 26
35 26 27
35 26 28
35 26 29
35 26 30
35 26 31
35 26 32
35 26 33
35 26 34
35 26 35
35 26 36
35 26 37
35 26 38
35 26 39
35 26 40
35 26 41
35 26 42
35 26 43
35 26 44
35 27 10
35 27 11
35 27 12
35 27 13
35 27 14
35 27 15
35 27 16
35 27 17
35 27 18
35 27 19
35 27 20
35 27 21
35 27 22
35 27 23
35 27 24
35 27 25
35 27 26
35 27 27
35 27 28
35 27 29
35 27 30
35 27 31
35 27 32
35 27 33
35 27 34
35 27 35
35 27 36
35 27 37
35 27 38
35 27 39
35 27 40
35 27 41
35 27 42
35 27 43
35 27 44
35 28 11
35 28 12
35 28 13
35 28 14
35 28 15
35 28 16
35 28 17
35 28 18
35 28 19
35 28 20
35 28 21
35 28 22
35 28 23
35 28 24
35 28 25
35 28 26
35 28 27
35 28 28
35 28 29
35 28 30
35 28 31
35 28 32
35 28 33
35 28 34
35 28 35
35 28 36
35 28 37
35 28 38
35 28 39
35 28 40
35 28 41
35 28 42
35 28 43
35 28 44
35 28 45
35 29 12
35 29 13
35 29 14
35 29 15
35 29 16
35 29 17
35 29 18
35 29 19
35 29 20
35 29 21
35 29 22
35 29 23
35 29 24
35 29 25
35 29 26
35 29 27
35 29 28
35 29 29
35 29 30
35 29 31
35 29 32
35 29 33
35 29 34
35 29 35
35 29 36
35 29 37
35 29 38
35 29 39
35 29 40
35 29 41
35 29 42
35 29 43
35 29 44
35 29 45
35 30 13
35 30 14
35 30 15
35 30 16
35 30 17
35 30 18
35 30 19
35 30 20
35 30 21
35 30 22
35 30 23
35 30 24
35 30 25
35 30 26
35 30 27
35 30 28
35 30 29
35 30 30
35 30 31
35 30 32
35 30 33
35 30 34
35 30 35
35 30 36
35 30 37
35 30 38
35 30 39
35 30 40
35 30 41
35 30 42
35 30 43
35 30 44
35 30 45
35 31 14
35 31 15
35 31 16
35 31 17
35 31 18
35 31 19
35 31 20
35 31 21
35 31 22
35 31 23
35 31 24
35 31 25
35 31 26
35 31 27
35 31 28
35 31 29
35 31 30
35 31 31
35 31 32
35 31 33
35 31 34
35 31 35
35 31 36
35 31 37
35 31 38
35 31 39
35 31 40
35 31 41
35 31 42
35 31 43
35 44 29
35 45 27
35 45 28
35 45 29
35 46 26
35 46 27
35 46 28
35 46 29
35 47 26
35 47 27
35 47 28
35 48 27
36 15 35
36 16 16
36 16 17
36 16 18
36 16 35
36 16 36
36 16 37
36 17 13
36 17 14
36 17 15
36 17 16
36 17 17
36 17 18
36 17 35
36 17 36
36 17 37
36 17 38
36 18 11
36 18 12
36 18 13
36 18 14
36 18 15
36 18 16
36 18 17
36 18 36
36 18 37
36 18 38
36 19 10
36 19 11
36 19 12
36 19 13
36 19 14
36 19 15
36 19 16
36 19 36
36 19 37
36 19 38
36 19 39
36 20 9
36 20 10
36 20 11
36 20 12
36 20 13
36 20 14
36 20 37
36 20 38
36 20 39
36 20 40
36 21 9
36 21 10
36 21 11
36 21 12
36 21 13
36 21 14
36 21 15
36 21 16
36 21 17
36 21 18
36 21 19
36 21 20
36 21 21
36 21 22
36 21 23
36 21 24
36 21 25
36 21 26
36 21 27
36 21 28
36 21 29
36 21 30
36 21 31
36 21 32
36 21 33
36 21 34
36 21 35
36 21 36
36 21 37
36 21 38
36 21 39
36 21 40
36 22 9
36 22 10
36 22 11
36 22 12
36 22 13
36 22 14
36 22 15
36 22 16
36 22 17
36 22 18
36 22 19
36 22 20
36 22 21
36 22 22
36 22 23
36 22 24
36 22 25
36 22 26
36 22 27
36 22 28
36 22 29
36 22 30
36 22 31
36 22 32
36 22 33
36 22 34
36 22 35
36 22 36
36 22 37
36 22 38
36 22 39
36 22 40
36 22 41
36 23 9
36 23 10
36 23 11
36 23 12
36 23 13
36 23 14
36 23 15
36 23 16
36 23 17
36 23 18
36 23 19
36 23 20
36 23 21
36 23 22
36 23 23
36 23 24
36 23 25
36 23 26
36 23 27
36 23 28
36 23 29
36 23 30
36 23 31
36 23 32
36 23 33
36 23 34
36 23 35
36 23 36
36 23 37
36 23 38
36 23 39
36 23 40
36 23 41
36 24 9
36 24 10
36 24 11
36 24 12
36 24 13
36 24 14
36 24 15
36 24 16
36 24 17
36 24 18
36 24 19
36 24 20
36 24 21
36 24 22
36 24 23
36 24 24
36 24 25
36 24 26
36 24 27
36 24 28
36 24 29
36 24 30
36 24 31
36 24 32
36 24 33
36 24 34
36 24 35
36 24 36
36 24 37
36 24 38
36 24 39
36 24 40
36 24 41
36 24 42
36 25 10
36 25 11
36 25 12
36 25 13
36 25 14
36 25 15
36 25 16
36 25 17
36 25 18
36 25 19
36 25 20
36 25 21
36 25 22
36 25 23
36 25 24
36 25 25
36 25 26
36 25 27
36 25 28
36 25 29
36 25 30
36 25 31
36 25 32
36 25 33
36 25 34
36 25 35
36 25 36
36 25 37
36 25 38
36 25 39
36 25 40
36 25 41
36 25 42
36 26 10
36 26 11
36 26 12
36 26 13
36 26 14
36 26 15
36 26 16
36 26 17
36 26 18
36 26 19
36 26 20
36 26 21
36 26 22
36 26 23
36 26 24
36 26 25
36 26 26
36 26 27
36 26 28
36 26 29
36 26 30
36 26 31
36 26 32
36 26 33
36 26 34
36 26 35
36 26 36
36 26 37
36 26 38
36 26 39
36 26 40
36 26 41
36 26 42
36 26 43
36 27 11
36 27 12
36 27 13
36 27 14
36 27 15
36 27 16
36 27 17
36 27 18
36 27 19
36 27 20
36 27 21
36 27 22
36 27 23
36 27 24
36 27 25
36 27 26
36 27 27
36 27 28
36 27 29
36 27 30
36 27 31
36 27 32
36 27 33
36 27 34
36 27 35
36 27 36
36 27 37
36 27 38
36 27 39
36 27 40
36 27 41
36 27 42
36 27 43
36 28 12
36 28 13
36 28 14
36 28 15
36 28 16
36 28 17
36 28 18
36 28 19
36 28 20
36 28 21
36 28 22
36 28 23
36 28 24
36 28 25
36 28 26
36 28 27
36 28 28
36 28 29
36 28 30
36 28 31
36 28 32
36 28 33
36 28 34
36 28 35
36 28 36
36 28 37
36 28 38
36 28 39
36 28 40
36 28 41
36 28 42
36 28 43
36 45 28
36 46 26
36 46 27
36 46 28
36 46 29
36 47 26
36 47 27
36 47 28
36 48 25
36 48 26
36 48 27
36 48 28
36 49 26
37 12 32
37 12 33
37 13 21
37 13 22
37 13 33
37 13 34
37 13 35
37 14 20
37 14 21
37 14 22
37 14 33
37 14 34
37 14 35
37 15 18
37 15 19
37 15 20
37 15 21
37 15 34
37 15 35
37 15 36
37 16 17
37 16 18
37 16 19
37 16 20
37 16 34
37 16 35
37 16 36
37 16 37
37 17 15
37 17 16
37 17 17
37 17 18
37 17 19
37 17 35
37 17 36
37 17 37
37 17 38
37 18 12
37 18 13
37 18 14
37 18 15
37 18 16
37 18 17
37 18 18
37 18 19
37 18 20
37 18 21
37 18 22
37 18 23
37 18 24
37 18 25
37 18 26
37 18 27
37 18 28
37 18 29
37 18 30
37 18 31
37 18 32
37 18 33
37 18 34
37 18 35
37 18 36
37 18 37
37 18 38
37 19 12
37 19 13
37 19 14
37 19 15
37 19 16
37 19 17
37 19 18
37 19 19
37 19 20
37 19 21
37 19 22
37 19 23
37 19 24
37 19 25
37 19 26
37 19 27
37 19 28
37 19 29
37 19 30
37 19 31
37 19 32
37 19 33
37 19 34
37 19 35
37 19 36
37 19 37
37 19 38
37 20 9
37 20 10
37 20 11
37 20 12
37 20 13
37 20 14
37 20 15
37 20 16
37 20 17
37 20 18
37 20 19
37 20 20
37 20 21
37 20 22
37 20 23
37 20 24
37 20 25
37 20 26
37 20 27
37 20 28
37 20 29
37 20 30
37 20 31
37 20 32
37 20 33
37 20 34
37 20 35
37 20 36
37 20 37
37 20 38
37 20 39
37 21 9
37 21 10
37 21 11
37 21 12
37 21 13
37 21 14
37 21 15
37 21 16
37 21 17
37 21 18
37 21 19
37 21 20
37 21 21
37 21 22
37 21 23
37 21 24
37 21 25
37 21 26
37 21 27
37 21 28
37 21 29
37 21 30
37 21 31
37 21 32
37 21 33
37 21 34
37 21 35
37 21 36
37 21 37
37 21 38
37 21 39
37 21 40
37 22 10
37 22 11
37 22 12
37 22 13
37 22 14
37 22 15
37 22 16
37 22 17
37 22 18
37 22 19
37 22 20
37 22 21
37 22 22
37 22 23
37 22 24
37 22 25
37 22 26
37 22 27
37 22 28
37 22 29
37 22 30
37 22 31
37 22 32
37 22 33
37 22 34
37 22 35
37 22 36
37 22 37
37 22 38
37 22 39
37 22 40
37 23 10
37 23 11
37 23 12
37 23 13
37 23 14
37 23 15
37 23 16
37 23 17
37 23 18
37 23 19
37 23 20
37 23 21
37 23 22
37 23 23
37 23 24
37 23 25
37 23 26
37 23 27
37 23 28
37 23 29
37 23 30
37 23 31
37 23 32
37 23 33
37 23 34
37 23 35
37 23 36
37 23 37
37 23 38
37 23 39
37 23 40
37 23 41
37 24 10
37 24 11
37 24 12
37 24 13
37 24 14
37 24 15
37 24 16
37 24 17
37 24 18
37 24 19
37 24 20
37 24 21
37 24 22
37 24 23
37 24 24
37 24 25
37 24 26
37 24 27
37 24 28
37 24 29
37 24 30
37 24 31
37 24 32
37 24 33
37 24 34
37 24 35
37 24 36
37 24 37
37 24 38
37 24 39
37 24 40
37 24 41
37 25 10
37 25 11
37 25 12
37 25 13
37 25 14
37 25 15
37 25 16
37 25 17
37 25 18
37 25 19
37 25 20
37 25 21
37 25 22
37 25 23
37 25 24
37 25 25
37 25 26
37 25 27
37 25 28
37 25 29
37 25 30
37 25 31
37 25 32
37 25 33
37 25 34
37 25 35
37 25 36
37 25 37
37 25 38
37 25 39
37 25 40
37 46 26
37 46 27
37 46 28
37 47 25
37 47 26
37 47 27
37 47 28
37 48 25
37 48 26
37 48 27
37 49 25
37 49 26
37 49 27
37 50 26
38 9 28
38 10 25
38 10 26
38 10 27
38 10 28
38 10 29
38 10 30
38 10 31
38 10 32
38 11 24
38 11 25
38 11 26
38 11 27
38 11 31
38 11 32
38 11 33
38 12 22
38 12 23
38 12 24
38 12 25
38 12 26
38 12 31
38 12 32
38 12 33
38 12 34
38 13 21
38 13 22
38 13 23
38 13 24
38 13 31
38 13 32
38 13 33
38 13 34
38 14 20
38 14 21
38 14 22
38 14 23
38 14 32
38 14 33
38 14 34
38 14 35
38 15 18
38 15 19
38 15 20
38 15 21
38 15 22
38 15 23
38 15 24
38 15 25
38 15 26
38 15 27
38 15 28
38 15 29
38 15 30
38 15 31
38 15 32
38 15 33
38 15 34
38 15 35
38 15 36
38 16 18
38 16 19
38 16 20
38 16 21
38 16 22
38 16 23
38 16 24
38 16 25
38 16 26
38 16 27
38 16 28
38 16 29
38 16 30
38 16 31
38 16 32
38 16 33
38 16 34
38 16 35
38 16 36
38 17 17
38 17 18
38 17 19
38 17 20
38 17 21
38 17 22
38 17 23
38 17 24
38 17 25
38 17 26
38 17 27
38 17 28
38 17 29
38 17 30
38 17 31
38 17 32
38 17 33
38 17 34
38 17 35
38 17 36
38 17 37
38 18 16
38 18 17
38 18 18
38 18 19
38 18 20
38 18 21
38 18 22
38 18 23
38 18 24
38 18 25
38 18 26
38 18 27
38 18 28
38 18 29
38 18 30
38 18 31
38 18 32
38 18 33
38 18 34
38 18 35
38 18 36
38 18 37
38 19 11
38 19 12
38 19 13
38 19 14
38 19 15
38 19 16
38 19 17
38 19 18
38 19 19
38 19 20
38 19 21
38 19 22
38 19 23
38 19 24
38 19 25
38 19 26
38 19 27
38 19 28
38 19 29
38 19 30
38 19 31
38 19 32
38 19 33
38 19 34
38 19 35
38 19 36
38 19 37
38 19 38
38 20 10
38 20 11
38 20 12
38 20 13
38 20 14
38 20 15
38 20 16
38 20 17
38 20 18
38 20 19
38 20 20
38 20 21
38 20 22
38 20 23
38 20 24
38 20 25
38 20 26
38 20 27
38 20 28
38 20 29
38 20 30
38 20 31
38 20 32
38 20 33
38 20 34
38 20 35
38 20 36
38 20 37
38 20 38
38 21 9
38 21 10
38 21 11
38 21 12
38 21 13
38 21 14
38 21 15
38 21 16
38 21 17
38 21 18
38 21 19
38 21 20
38 21 21
38 21 22
38 21 23
38 21 24
38 21 25
38 21 26
38 21 27
38 21 28
38 21 29
38 21 30
38 21 31
38 21 32
38 21 33
38 21 34
38 21 35
38 21 36
38 21 37
38 21 38
38 22 10
38 22 11
38 22 12
38 22 13
38 22 14
38 22 15
38 22 16
38 22 17
38 22 18
38 22 19
38 22 20
38 22 21
38 22 22
38 22 23
38 22 24
38 22 25
38 22 26
38 22 27
38 22 28
38 22 29
38 22 30
38 22 31
38 22 32
38 22 33
38 22 34
38 22 35
38 22 36
38 22 37
38 22 38
38 47 25
38 47 26
38 47 27
38 48 25
38 48 26
38 48 27
38 49 24
38 49 25
38 49 26
38 49 27
38 50 24
38 50 25
38 50 26
39 9 27
39 9 28
39 9 29
39 9 30
39 9 31
39 10 25
39 10 26
39 10 27
39 10 28
39 10 29
39 10 30
39 10 31
39 10 32
39 11 24
39 11 25
39 11 26
39 11 27
39 11 28
39 11 29
39 11 30
39 11 31
39 11 32
39 11 33
39 12 23
39 12 24
39 12 25
39 12 26
39 12 27
39 12 28
39 12 29
39 12 30
39 12 31
39 12 32
39 12 33
39 12 34
39 13 22
39 13 23
39 13 24
39 13 25
39 13 26
39 13 27
39 13 28
39 13 29
39 13 30
39 13 31
39 13 32
39 13 33
39 13 34
39 14 21
39 14 22
39 14 23
39 14 24
39 14 25
39 14 26
39 14 27
39 14 28
39 14 29
39 14 30
39 14 31
39 14 32
39 14 33
39 14 34
39 14 35
39 15 20
39 15 21
39 15 22
39 15 23
39 15 24
39 15 25
39 15 26
39 15 27
39 15 28
39 15 29
39 15 30
39 15 31
39 15 32
39 15 33
39 15 34
39 15 35
39 16 19
39 16 20
39 16 21
39 16 22
39 16 23
39 16 24
39 16 25
39 16 26
39 16 27
39 16 28
39 16 29
39 16 30
39 16 31
39 16 32
39 16 33
39 16 34
39 16 35
39 17 18
39 17 19
39 17 20
39 17 21
39 17 22
39 17 23
39 17 24
39 17 25
39 17 26
39 17 27
39 17 28
39 17 29
39 17 30
39 17 31
39 17 32
39 17 33
39 17 34
39 17 35
39 17 36
39 18 17
39 18 18
39 18 19
39 18 20
39 18 21
39 18 22
39 18 23
39 18 24
39 18 25
39 18 26
39 18 27
39 18 28
39 18 29
39 18 30
39 18 31
39 18 32
39 18 33
39 18 34
39 18 35
39 18 36
39 19 13
39 19 17
39 19 18
39 19 19
39 19 20
39 19 21
39 19 22
39 19 23
39 19 24
39 19 25
39 19 26
39 19 27
39 19 28
39 19 29
39 19 30
39 19 31
39 19 32
39 19 33
39 19 34
39 19 35
39 19 36
39 20 10
39 20 11
39 20 12
39 20 13
39 20 14
39 21 10
39 21 11
39 21 12
39 21 13
39 22 10
39 22 11
39 22 12
39 23 11
39 47 26
39 48 24
39 48 25
39 48 26
39 48 27
39 49 24
39 49 25
39 49 26
39 49 27
39 50 24
39 50 25
39 50 26
39 51 24
39 51 25
40 9 28
40 9 29
40 9 30
40 10 26
40 10 27
40 10 28
40 10 29
40 10 30
40 10 31
40 10 32
40 11 26
40 11 27
40 11 28
40 11 29
40 11 30
40 11 31
40 11 32
40 12 24
40 12 25
40 12 26
40 12 27
40 12 28
40 12 29
40 12 30
40 12 31
40 12 32
40 13 23
40 13 24
40 13 25
40 13 26
40 13 27
40 13 28
40 13 29
40 13 30
40 13 31
40 13 32
40 13 33
40 14 22
40 14 23
40 14 24
40 14 25
40 14 26
40 14 27
40 14 28
40 14 29
40 14 30
40 14 31
40 14 32
40 14 33
40 14 34
40 15 22
40 15 23
40 15 24
40 15 25
40 15 26
40 15 27
40 15 28
40 15 29
40 15 30
40 15 31
40 15 32
40 15 33
40 16 21
40 16 22
40 16 23
40 16 24
40 16 25
40 16 26
40 16 27
40 16 28
40 16 29
40 16 30
40 16 31
40 16 32
40 16 33
40 20 11
40 20 12
40 20 13
40 21 10
40 21 11
40 21 12
40 21 13
40 22 10
40 22 11
40 22 12
40 23 10
40 23 11
40 48 26
40 49 24
40 49 25
40 49 26
40 49 27
40 50 23
40 50 24
40 50 25
40 50 26
40 51 23
40 51 24
40 51 25
40 51 26
40 52 24
41 10 29
41 11 27
41 11 28
41 11 29
41 11 30
41 11 31
41 12 26
41 12 27
41 12 28
41 12 29
41 12 30
41 12 31
41 13 26
41 13 27
41 13 28
41 13 29
41 13 30
41 13 31
41 21 10
41 21 11
41 21 12
41 22 9
41 22 10
41 22 11
41 22 12
41 23 9
41 23 10
41 23 11
41 23 12
41 24 9
41 24 10
41 49 24
41 49 25
41 50 23
41 50 24
41 50 25
41 50 26
41 51 23
41 51 24
41 51 25
41 52 23
41 52 24
41 52 25
42 21 12
42 22 9
42 22 10
42 22 11
42 22 12
42 23 9
42 23 10
42 23 11
42 24 8
42 24 9
42 24 10
42 24 11
42 25 9
42 50 23
42 50 24
42 50 25
42 51 22
42 51 23
42 51 24
42 51 25
42 51 26
42 52 22
42 52 23
42 52 24
42 52 25
42 53 23
42 53 24
43 22 9
43 22 11
43 23 9
43 23 10
43 23 11
43 24 8
43 24 9
43 24 10
43 24 11
43 25 8
43 25 9
43 25 10
43 50 24
43 51 23
43 51 24
43 51 25
43 52 22
43 52 23
43 52 24
43 52 25
43 53 22
43 53 23
43 53 24
43 54 22
43 54 23
44 23 9
44 23 10
44 23 11
44 24 8
44 24 9
44 24 10
44 24 11
44 25 8
44 25 9
44 25 10
44 26 8
44 26 9
44 51 23
44 51 24
44 52 22
44 52 23
44 52 24
44 53 21
44 53 22
44 53 23
44 53 24
44 54 21
44 54 22
44 54 23
44 55 22
45 24 8
45 24 9
45 24 10
45 25 7
45 25 8
45 25 9
45 25 10
45 26 7
45 26 8
45 26 9
45 27 8
45 51 18
45 51 19
45 51 20
45 52 19
45 52 20
45 52 21
45 52 22
45 52 23
45 52 24
45 53 20
45 53 21
45 53 22
45 53 23
45 53 24
45 54 21
45 54 22
45 54 23
45 55 21
45 55 22
45 55 23
46 24 9
46 25 7
46 25 8
46 25 9
46 25 10
46 26 7
46 26 8
46 26 9
46 27 7
46 27 8
46 27 9
46 28 7
46 48 16
46 48 17
46 48 18
46 49 17
46 49 18
46 49 19
46 50 17
46 50 18
46 50 19
46 50 20
46 51 18
46 51 19
46 51 20
46 51 21
46 52 18
46 52 19
46 52 20
46 52 21
46 52 22
46 53 19
46 53 20
46 53 21
46 53 22
46 53 23
46 54 20
46 54 21
46 54 22
46 54 23
46 55 20
46 55 21
46 55 22
46 56 20
46 56 21
46 56 22
47 25 7
47 25 8
47 25 9
47 26 7
47 26 8
47 26 9
47 27 6
47 27 7
47 27 8
47 27 9
47 28 6
47 28 7
47 28 8
47 29 7
47 43 13
47 44 13
47 44 14
47 45 14
47 45 15
47 45 16
47 46 14
47 46 15
47 46 16
47 46 17
47 47 15
47 47 16
47 47 17
47 47 18
47 48 15
47 48 16
47 48 17
47 48 18
47 49 16
47 49 17
47 49 18
47 49 19
47 50 16
47 50 17
47 50 18
47 50 19
47 51 16
47 51 17
47 51 18
47 51 19
47 51 20
47 52 17
47 52 18
47 52 19
47 52 20
47 52 21
47 53 18
47 53 19
47 53 20
47 53 21
47 53 22
47 54 18
47 54 19
47 54 20
47 54 21
47 54 22
47 54 23
47 55 20
47 55 21
47 55 22
47 55 23
47 56 20
47 56 21
47 56 22
47 57 20
47 57 21
48 26 6
48 26 7
48 26 8
48 27 6
48 27 7
48 27 8
48 27 9
48 28 5
48 28 6
48 28 7
48 28 8
48 29 6
48 29 7
48 40 11
48 41 11
48 41 12
48 42 12
48 42 13
48 43 12
48 43 13
48 43 14
48 43 15
48 44 13
48 44 14
48 44 15
48 44 16
48 45 13
48 45 14
48 45 15
48 45 16
48 46 13
48 46 14
48 46 15
48 46 16
48 46 17
48 47 14
48 47 15
48 47 16
48 47 17
48 48 15
48 48 16
48 48 17
48 49 15
48 49 16
48 49 17
48 49 18
48 50 15
48 50 16
48 50 17
48 50 18
48 51 16
48 51 17
48 51 18
48 51 19
48 52 16
48 52 17
48 52 18
48 52 19
48 52 20
48 53 17
48 53 18
48 53 19
48 53 20
48 53 21
48 54 18
48 54 19
48 54 20
48 54 21
48 54 22
48 55 18
48 55 19
48 55 20
48 55 21
48 55 22
48 56 19
48 56 20
48 56 21
48 56 22
48 57 19
48 57 20
48 57 21
48 58 20
49 26 8
49 27 6
49 27 7
49 27 8
49 28 5
49 28 6
49 28 7
49 28 8
49 29 5
49 29 6
49 29 7
49 30 6
49 38 11
49 39 9
49 39 10
49 39 11
49 40 10
49 40 11
49 40 12
49 40 13
49 41 10
49 41 11
49 41 12
49 41 13
49 42 11
49 42 12
49 42 13
49 42 14
49 43 11
49 43 12
49 43 13
49 43 14
49 44 12
49 44 13
49 44 14
49 44 15
49 45 12
49 45 13
49 45 14
49 45 15
49 46 13
49 46 14
49 46 15
49 46 16
49 47 13
49 47 14
49 47 15
49 47 16
49 48 14
49 48 15
49 48 16
49 48 17
49 49 14
49 49 15
49 49 16
49 49 17
49 50 14
49 50 15
49 50 16
49 50 17
49 50 18
49 51 15
49 51 16
49 51 17
49 51 18
49 52 16
49 52 17
49 52 18
49 52 19
49 53 16
49 53 17
49 53 18
49 53 19
49 53 20
49 54 17
49 54 18
49 54 19
49 54 20
49 55 18
49 55 19
49 55 20
49 55 21
49 56 18
49 56 19
49 56 20
49 56 21
49 56 22
49 57 18
49 57 19
49 57 20
49 57 21
49 58 19
49 58 20
50 27 7
50 28 5
50 28 6
50 28 7
50 28 8
50 29 5
50 29 6
50 29 7
50 30 4
50 30 5
50 30 6
50 31 5
50 35 8
50 36 7
50 36 8
50 36 9
50 37 8
50 37 9
50 37 10
50 38 8
50 38 9
50 38 10
50 38 11
50 39 9
50 39 10
50 39 11
50 39 12
50 40 9
50 40 10
50 40 11
50 40 12
50 41 10
50 41 11
50 41 12
50 41 13
50 42 10
50 42 11
50 42 12
50 42 13
50 43 10
50 43 11
50 43 12
50 43 13
50 43 14
50 44 11
50 44 12
50 44 13
50 44 14
50 45 12
50 45 13
50 45 14
50 46 12
50 46 13
50 46 14
50 46 15
50 47 12
50 47 13
50 47 14
50 47 15
50 48 13
50 48 14
50 48 15
50 48 16
50 49 13
50 49 14
50 49 15
50 49 16
50 50 14
50 50 15
50 50 16
50 50 17
50 51 14
50 51 15
50 51 16
50 51 17
50 52 14
50 52 15
50 52 16
50 52 17
50 52 18
50 53 16
50 53 17
50 53 18
50 54 16
50 54 17
50 54 18
50 54 19
50 54 20
50 55 17
50 55 18
50 55 19
50 55 20
50 55 21
50 56 18
50 56 19
50 56 20
50 56 21
50 57 18
50 57 19
50 57 20
50 57 21
50 58 18
50 58 19
50 58 20
51 28 5
51 28 6
51 28 7
51 29 5
51 29 6
51 29 7
51 30 4
51 30 5
51 30 6
51 31 4
51 31 5
51 32 5
51 32 6
51 33 5
51 33 6
51 33 7
51 34 6
51 34 7
51 34 8
51 35 6
51 35 7
51 35 8
51 35 9
51 36 7
51 36 8
51 36 9
51 37 7
51 37 8
51 37 9
51 37 10
51 38 7
51 38 8
51 38 9
51 38 10
51 39 8
51 39 9
51 39 10
51 39 11
51 40 8
51 40 9
51 40 10
51 40 11
51 41 9
51 41 10
51 41 11
51 41 12
51 42 9
51 42 10
51 42 11
51 42 12
51 43 9
51 43 10
51 43 11
51 43 12
51 43 13
51 44 10
51 44 11
51 44 12
51 44 13
51 45 10
51 45 11
51 45 12
51 45 13
51 45 14
51 46 11
51 46 12
51 46 13
51 46 14
51 47 11
51 47 12
51 47 13
51 47 14
51 48 12
51 48 13
51 48 14
51 48 15
51 49 12
51 49 13
51 49 14
51 49 15
51 50 13
51 50 14
51 50 15
51 50 16
51 51 14
51 51 15
51 51 16
51 51 17
51 52 14
51 52 15
51 52 16
51 52 17
51 53 15
51 53 16
51 53 17
51 53 18
51 54 15
51 54 16
51 54 17
51 54 18
51 54 19
51 55 16
51 55 17
51 55 18
51 55 19
51 55 20
51 56 17
51 56 18
51 56 19
51 56 20
51 56 21
51 57 17
51 57 18
51 57 19
51 57 20
51 58 17
51 58 18
51 58 19
51 58 20
52 29 4
52 29 5
52 29 6
52 30 4
52 30 5
52 30 6
52 31 3
52 31 4
52 31 5
52 31 6
52 32 4
52 32 5
52 32 6
52 32 7
52 33 5
52 33 6
52 33 7
52 34 5
52 34 6
52 34 7
52 34 8
52 35 5
52 35 6
52 35 7
52 35 8
52 36 6
52 36 7
52 36 8
52 36 9
52 37 6
52 37 7
52 37 8
52 37 9
52 38 7
52 38 8
52 38 9
52 38 10
52 39 7
52 39 8
52 39 9
52 39 10
52 40 8
52 40 9
52 40 10
52 40 11
52 41 8
52 41 9
52 41 10
52 41 11
52 42 8
52 42 9
52 42 10
52 42 11
52 43 9
52 43 10
52 43 11
52 43 12
52 44 9
52 44 10
52 44 11
52 44 12
52 45 10
52 45 11
52 45 12
52 45 13
52 46 10
52 46 11
52 46 12
52 46 13
52 47 10
52 47 11
52 47 12
52 47 13
52 48 11
52 48 12
52 48 13
52 48 14
52 49 12
52 49 13
52 49 14
52 50 12
52 50 13
52 50 14
52 50 15
52 51 13
52 51 14
52 51 15
52 51 16
52 52 13
52 52 14
52 52 15
52 52 16
52 53 14
52 53 15
52 53 16
52 53 17
52 54 15
52 54 16
52 54 17
52 54 18
52 55 15
52 55 16
52 55 17
52 55 18
52 55 19
52 56 16
52 56 17
52 56 18
52 56 19
52 57 16
52 57 17
52 57 18
52 57 19
52 57 20
52 58 16
52 58 17
52 58 18
52 58 19
53 30 3
53 30 4
53 30 5
53 30 6
53 31 3
53 31 4
53 31 5
53 31 6
53 32 3
53 32 4
53 32 5
53 32 6
53 33 4
53 33 5
53 33 6
53 33 7
53 34 4
53 34 5
53 34 6
53 34 7
53 35 5
53 35 6
53 35 7
53 36 5
53 36 6
53 36 7
53 36 8
53 37 5
53 37 6
53 37 7
53 37 8
53 38 6
53 38 7
53 38 8
53 38 9
53 39 6
53 39 7
53 39 8
53 39 9
53 40 7
53 40 8
53 40 9
53 40 10
53 41 7
53 41 8
53 41 9
53 41 10
53 42 7
53 42 8
53 42 9
53 42 10
53 43 8
53 43 9
53 43 10
53 43 11
53 44 8
53 44 9
53 44 10
53 44 11
53 45 9
53 45 10
53 45 11
53 45 12
53 46 9
53 46 10
53 46 11
53 46 12
53 47 10
53 47 11
53 47 12
53 47 13
53 48 10
53 48 11
53 48 12
53 48 13
53 49 11
53 49 12
53 49 13
53 49 14
53 50 11
53 50 12
53 50 13
53 50 14
53 51 12
53 51 13
53 51 14
53 51 15
53 52 13
53 52 14
53 52 15
53 52 16
53 53 13
53 53 14
53 53 15
53 53 16
53 54 14
53 54 15
53 54 16
53 54 17
53 55 15
53 55 16
53 55 17
53 55 18
53 56 14
53 56 15
53 56 16
53 56 17
53 56 18
53 56 19
53 57 15
53 57 16
53 57 17
53 57 18
53 57 19
53 58 15
53 58 16
53 58 17
53 58 18
53 58 19
54 30 5
54 31 3
54 31 4
54 31 5
54 32 3
54 32 4
54 32 5
54 32 6
54 33 2
54 33 3
54 33 4
54 33 5
54 33 6
54 34 3
54 34 4
54 34 5
54 34 6
54 34 7
54 35 4
54 35 5
54 35 6
54 35 7
54 36 4
54 36 5
54 36 6
54 36 7
54 37 5
54 37 6
54 37 7
54 37 8
54 38 5
54 38 6
54 38 7
54 38 8
54 39 5
54 39 6
54 39 7
54 39 8
54 39 9
54 40 6
54 40 7
54 40 8
54 40 9
54 41 6
54 41 7
54 41 8
54 41 9
54 42 7
54 42 8
54 42 9
54 42 10
54 43 7
54 43 8
54 43 9
54 43 10
54 44 7
54 44 8
54 44 9
54 44 10
54 44 11
54 45 8
54 45 9
54 45 10
54 45 11
54 46 9
54 46 10
54 46 11
54 47 9
54 47 10
54 47 11
54 47 12
54 48 10
54 48 11
54 48 12
54 49 10
54 49 11
54 49 12
54 49 13
54 50 11
54 50 12
54 50 13
54 50 14
54 51 11
54 51 12
54 51 13
54 51 14
54 51 15
54 52 12
54 52 13
54 52 14
54 52 15
54 53 12
54 53 13
54 53 14
54 53 15
54 53 16
54 54 12
54 54 13
54 54 14
54 54 15
54 54 16
54 54 17
54 55 13
54 55 14
54 55 15
54 55 16
54 55 17
54 56 13
54 56 14
54 56 15
54 56 16
54 56 17
54 57 14
54 57 15
54 57 16
54 57 17
54 57 18
54 58 15
54 58 16
54 58 17
55 31 3
55 31 4
55 31 5
55 32 2
55 32 3
55 32 4
55 32 5
55 33 2
55 33 3
55 33 4
55 33 5
55 34 2
55 34 3
55 34 4
55 34 5
55 34 6
55 35 3
55 35 4
55 35 5
55 35 6
55 36 4
55 36 5
55 36 6
55 37 4
55 37 5
55 37 6
55 37 7
55 38 4
55 38 5
55 38 6
55 38 7
55 39 5
55 39 6
55 39 7
55 39 8
55 40 5
55 40 6
55 40 7
55 40 8
55 41 6
55 41 7
55 41 8
55 42 6
55 42 7
55 42 8
55 42 9
55 43 7
55 43 8
55 43 9
55 44 7
55 44 8
55 44 9
55 44 10
55 45 8
55 45 9
55 45 10
55 46 8
55 46 9
55 46 10
55 46 11
55 47 8
55 47 9
55 47 10
55 47 11
55 48 9
55 48 10
55 48 11
55 48 12
55 49 10
55 49 11
55 49 12
55 50 10
55 50 11
55 50 12
55 50 13
55 51 10
55 51 11
55 51 12
55 51 13
55 51 14
55 52 10
55 52 11
55 52 12
55 52 13
55 52 14
55 53 11
55 53 12
55 53 13
55 53 14
55 53 15
55 54 12
55 54 13
55 54 14
55 54 15
55 54 16
55 55 12
55 55 13
55 55 14
55 55 15
55 55 16
55 56 13
55 56 14
55 56 15
55 56 16
55 56 17
55 57 14
55 57 15
55 57 16
55 58 15
55 58 16
56 32 2
56 32 3
56 32 4
56 32 5
56 33 1
56 33 2
56 33 3
56 33 4
56 33 5
56 34 1
56 34 2
56 34 3
56 34 4
56 34 5
56 35 1
56 35 2
56 35 3
56 35 4
56 35 5
56 36 3
56 36 4
56 36 5
56 36 6
56 37 3
56 37 4
56 37 5
56 37 6
56 38 4
56 38 5
56 38 6
56 39 4
56 39 5
56 39 6
56 39 7
56 40 4
56 40 5
56 40 6
56 40 7
56 41 5
56 41 6
56 41 7
56 41 8
56 42 5
56 42 6
56 42 7
56 42 8
56 43 6
56 43 7
56 43 8
56 44 7
56 44 8
56 44 9
56 45 7
56 45 8
56 45 9
56 45 10
56 46 8
56 46 9
56 46 10
56 47 7
56 47 8
56 47 9
56 47 10
56 47 11
56 48 8
56 48 9
56 48 10
56 48 11
56 49 8
56 49 9
56 49 10
56 49 11
56 49 12
56 50 9
56 50 10
56 50 11
56 50 12
56 50 13
56 51 10
56 51 11
56 51 12
56 51 13
56 51 14
56 52 10
56 52 11
56 52 12
56 52 13
56 52 14
56 53 11
56 53 12
56 53 13
56 53 14
56 54 12
56 54 13
56 54 14
56 54 15
56 55 12
56 55 13
56 55 14
56 55 15
56 56 14
56 56 15
57 32 3
57 33 1
57 33 2
57 33 3
57 33 4
57 34 1
57 34 2
57 34 3
57 34 4
57 35 1
57 35 2
57 35 3
57 35 4
57 35 5
57 36 1
57 36 2
57 36 3
57 36 4
57 36 5
57 37 3
57 37 4
57 37 5
57 38 3
57 38 4
57 38 5
57 38 6
57 39 3
57 39 4
57 39 5
57 39 6
57 40 4
57 40 5
57 40 6
57 40 7
57 41 4
57 41 5
57 41 6
57 41 7
57 42 5
57 42 6
57 42 7
57 43 5
57 43 6
57 43 7
57 43 8
57 44 5
57 44 6
57 44 7
57 44 8
57 45 5
57 45 6
57 45 7
57 45 8
57 45 9
57 46 6
57 46 7
57 46 8
57 46 9
57 46 10
57 47 7
57 47 8
57 47 9
57 47 10
57 47 11
57 48 7
57 48 8
57 48 9
57 48 10
57 48 11
57 49 8
57 49 9
57 49 10
57 49 11
57 49 12
57 50 9
57 50 10
57 50 11
57 50 12
57 51 10
57 51 11
57 51 12
57 52 10
57 52 11
57 52 12
57 53 11
57 53 12
57 53 13
58 33 3
58 34 1
58 34 2
58 34 3
58 35 0
58 35 1
58 35 2
58 35 3
58 35 4
58 36 1
58 36 2
58 36 3
58 36 4
58 37 1
58 37 2
58 37 3
58 37 4
58 37 5
58 38 1
58 38 2
58 38 3
58 38 4
58 38 5
58 39 2
58 39 3
58 39 4
58 39 5
58 40 2
58 40 3
58 40 4
58 40 5
58 40 6
58 41 3
58 41 4
58 41 5
58 41 6
58 42 3
58 42 4
58 42 5
58 42 6
58 42 7
58 43 4
58 43 5
58 43 6
58 43 7
58 43 8
58 44 4
58 44 5
58 44 6
58 44 7
58 44 8
58 45 5
58 45 6
58 45 7
58 45 8
58 45 9
58 46 6
58 46 7
58 46 8
58 46 9
58 47 6
58 47 7
58 47 8
58 47 9
58 47 10
58 48 7
58 48 8
58 48 9
58 48 10
58 49 8
58 49 9
58 49 10
58 50 9
58 50 10
59 34 1
59 34 2
59 35 0
59 35 1
59 35 2
59 35 3
59 36 0
59 36 1
59 36 2
59 36 3
59 36 4
59 37 1
59 37 2
59 37 3
59 37 4
59 38 1
59 38 2
59 38 3
59 38 4
59 39 1
59 39 2
59 39 3
59 39 4
59 39 5
59 40 2
59 40 3
59 40 4
59 40 5
59 41 2
59 41 3
59 41 4
59 41 5
59 41 6
59 42 3
59 42 4
59 42 5
59 42 6
59 42 7
59 43 3
59 43 4
59 43 5
59 43 6
59 43 7
59 44 4
59 44 5
59 44 6
59 44 7
59 45 5
59 45 6
59 45 7
59 45 8
59 46 6
59 46 7
59 46 8
59 47 7
59 47 8
60 36 1
60 36 2
60 36 3
60 37 0
60 37 1
60 37 2
60 37 3
60 38 1
60 38 2
60 38 3
60 38 4
60 39 1
60 39 2
60 39 3
60 39 4
60 40 1
60 40 2
60 40 3
60 40 4
60 40 5
60 41 2
60 41 3
60 41 4
60 41 5
60 42 3
60 42 4
60 42 5
60 43 4
60 43 5
60 44 4
60 44 5
61 38 2
61 38 3
61 39 2
61 39 3
61 40 3
