0 1 6
0 1 33
0 1 34
0 2 7
0 2 33
0 2 34
0 3 7
0 3 32
0 3 33
0 3 34
0 4 8
0 4 32
0 4 33
0 5 8
0 5 9
0 5 32
0 5 33
0 6 9
0 6 32
0 6 33
0 7 9
0 7 10
0 7 31
0 7 32
0 7 33
0 8 10
0 8 31
0 8 32
0 9 10
0 9 11
0 9 31
0 9 32
0 10 11
0 10 31
0 10 32
0 11 11
0 11 12
0 11 30
0 11 31
0 12 12
0 12 30
0 12 31
0 13 13
0 13 30
0 13 31
0 14 13
0 14 29
0 14 30
0 14 31
0 15 14
0 15 29
0 15 30
0 15 31
0 16 14
0 16 15
0 16 29
0 16 30
0 17 15
0 17 29
0 17 30
0 18 15
0 18 16
0 18 29
0 18 30
0 19 16
0 19 17
0 19 28
0 19 29
0 20 17
0 20 28
0 20 29
0 21 17
0 21 28
0 21 29
0 22 18
0 22 27
0 22 28
0 22 29
0 23 18
0 23 19
0 23 27
0 23 28
0 23 29
0 24 19
0 24 27
0 24 28
0 25 19
0 25 20
0 25 27
0 25 28
0 26 20
0 26 21
0 26 27
0 26 28
0 27 20
0 27 21
0 27 22
0 27 23
0 27 26
0 27 27
0 28 21
0 28 22
0 28 23
0 28 24
0 28 25
0 28 26
0 28 27
0 29 21
0 29 22
0 29 23
0 29 24
0 29 25
0 29 26
0 29 27
0 30 22
0 30 23
0 30 25
0 30 26
0 30 27
0 31 23
0 31 25
0 31 26
0 32 23
0 32 24
0 32 25
0 32 26
0 33 24
0 33 25
0 33 26
0 34 25
0 35 25
0 36 25
0 36 26
0 37 26
0 37 27
0 38 27
0 39 27
0 40 28
0 41 29
0 42 29
0 43 29
0 43 30
0 44 30
0 44 31
0 45 31
0 46 31
0 46 32
0 47 32
0 48 32
0 48 33
0 49 33
0 50 33
0 50 34
0 51 34
0 52 35
0 53 35
0 54 35
0 54 36
1 0 5
1 0 6
1 0 7
1 0 32
1 0 33
1 0 34
1 1 5
1 1 6
1 1 7
1 1 31
1 1 32
1 1 33
1 1 34
1 2 5
1 2 6
1 2 7
1 2 8
1 2 31
1 2 32
1 2 33
1 2 34
1 3 5
1 3 6
1 3 7
1 3 8
1 3 9
1 3 31
1 3 32
1 3 33
1 3 34
1 4 6
1 4 7
1 4 8
1 4 9
1 4 31
1 4 32
1 4 33
1 5 7
1 5 8
1 5 9
1 5 10
1 5 31
1 5 32
1 5 33
1 6 7
1 6 8
1 6 9
1 6 10
1 6 30
1 6 31
1 6 32
1 6 33
1 7 8
1 7 9
1 7 10
1 7 11
1 7 30
1 7 31
1 7 32
1 7 33
1 8 8
1 8 9
1 8 10
1 8 11
1 8 30
1 8 31
1 8 32
1 9 9
1 9 10
1 9 11
1 9 12
1 9 29
1 9 30
1 9 31
1 9 32
1 10 9
1 10 10
1 10 11
1 10 12
1 10 13
1 10 29
1 10 30
1 10 31
1 10 32
1 11 10
1 11 11
1 11 12
1 11 13
1 11 29
1 11 30
1 11 31
1 12 11
1 12 12
1 12 13
1 12 29
1 12 30
1 12 31
1 13 11
1 13 12
1 13 13
1 13 14
1 13 29
1 13 30
1 13 31
1 14 12
1 14 13
1 14 14
1 14 15
1 14 28
1 14 29
1 14 30
1 14 31
1 15 12
1 15 13
1 15 14
1 15 15
1 15 28
1 15 29
1 15 30
1 15 31
1 16 13
1 16 14
1 16 15
1 16 16
1 16 28
1 16 29
1 16 30
1 17 13
1 17 14
1 17 15
1 17 16
1 17 17
1 17 27
1 17 28
1 17 29
1 17 30
1 18 14
1 18 15
1 18 16
1 18 17
1 18 27
1 18 28
1 18 29
1 18 30
1 19 14
1 19 15
1 19 16
1 19 17
1 19 27
1 19 28
1 19 29
1 20 15
1 20 16
1 20 17
1 20 18
1 20 27
1 20 28
1 20 29
1 21 15
1 21 16
1 21 17
1 21 18
1 21 19
1 21 27
1 21 28
1 21 29
1 22 16
1 22 17
1 22 18
1 22 19
1 22 26
1 22 27
1 22 28
1 22 29
1 23 17
1 23 18
1 23 19
1 23 20
1 23 26
1 23 27
1 23 28
1 23 29
1 24 17
1 24 18
1 24 19
1 24 20
1 24 26
1 24 27
1 24 28
1 25 18
1 25 19
1 25 20
1 25 21
1 25 25
1 25 26
1 25 27
1 25 28
1 26 18
1 26 19
1 26 20
1 26 21
1 26 22
1 26 25
1 26 26
1 26 27
1 26 28
1 27 19
1 27 20
1 27 21
1 27 22
1 27 23
1 27 24
1 27 25
1 27 26
1 27 27
1 28 19
1 28 20
1 28 21
1 28 22
1 28 23
1 28 24
1 28 25
1 28 26
1 28 27
1 29 20
1 29 21
1 29 22
1 29 23
1 29 24
1 29 25
1 29 26
1 29 27
1 30 21
1 30 22
1 30 23
1 30 24
1 30 25
1 30 26
1 30 27
1 31 21
1 31 22
1 31 23
1 31 24
1 31 25
1 31 26
1 32 22
1 32 23
1 32 24
1 32 25
1 32 26
1 33 23
1 33 24
1 33 25
1 33 26
1 34 23
1 34 24
1 34 25
1 34 26
1 35 23
1 35 24
1 35 25
1 35 26
1 35 27
1 36 24
1 36 25
1 36 26
1 36 27
1 37 25
1 37 26
1 37 27
1 37 28
1 38 25
1 38 26
1 38 27
1 38 28
1 39 26
1 39 27
1 39 28
1 39 29
1 40 26
1 40 27
1 40 28
1 40 29
1 41 27
1 41 28
1 41 29
1 41 30
1 42 27
1 42 28
1 42 29
1 42 30
1 42 31
1 43 28
1 43 29
1 43 30
1 43 31
1 44 29
1 44 30
1 44 31
1 44 32
1 45 29
1 45 30
1 45 31
1 45 32
1 46 29
1 46 30
1 46 31
1 46 32
1 46 33
1 47 30
1 47 31
1 47 32
1 47 33
1 48 31
1 48 32
1 48 33
1 48 34
1 49 31
1 49 32
1 49 33
1 49 34
1 50 32
1 50 33
1 50 34
1 50 35
1 51 33
1 51 34
1 51 35
1 52 33
1 52 34
1 52 35
1 52 36
1 53 33
1 53 34
1 53 35
1 53 36
1 53 37
1 54 34
1 54 35
1 54 36
1 54 37
1 55 35
1 55 36
1 55 37
1 55 38
1 56 35
1 56 36
1 56 37
1 56 38
1 57 37
1 57 38
2 0 5
2 0 6
2 0 7
2 0 32
2 0 33
2 0 34
2 1 5
2 1 6
2 1 7
2 1 31
2 1 32
2 1 33
2 1 34
2 2 5
2 2 6
2 2 7
2 2 8
2 2 31
2 2 32
2 2 33
2 2 34
2 3 5
2 3 6
2 3 7
2 3 8
2 3 9
2 3 31
2 3 32
2 3 33
2 3 34
2 4 6
2 4 7
2 4 8
2 4 9
2 4 31
2 4 32
2 4 33
2 4 34
2 5 7
2 5 8
2 5 9
2 5 10
2 5 31
2 5 32
2 5 33
2 6 7
2 6 8
2 6 9
2 6 10
2 6 30
2 6 31
2 6 32
2 6 33
2 7 8
2 7 9
2 7 10
2 7 11
2 7 30
2 7 31
2 7 32
2 7 33
2 8 8
2 8 9
2 8 10
2 8 11
2 8 30
2 8 31
2 8 32
2 8 33
2 9 9
2 9 10
2 9 11
2 9 12
2 9 29
2 9 30
2 9 31
2 9 32
2 10 9
2 10 10
2 10 11
2 10 12
2 10 13
2 10 29
2 10 30
2 10 31
2 10 32
2 11 10
2 11 11
2 11 12
2 11 13
2 11 29
2 11 30
2 11 31
2 11 32
2 12 11
2 12 12
2 12 13
2 12 29
2 12 30
2 12 31
2 13 11
2 13 12
2 13 13
2 13 14
2 13 29
2 13 30
2 13 31
2 14 12
2 14 13
2 14 14
2 14 15
2 14 28
2 14 29
2 14 30
2 14 31
2 15 12
2 15 13
2 15 14
2 15 15
2 15 28
2 15 29
2 15 30
2 15 31
2 16 13
2 16 14
2 16 15
2 16 16
2 16 28
2 16 29
2 16 30
2 16 31
2 17 13
2 17 14
2 17 15
2 17 16
2 17 17
2 17 27
2 17 28
2 17 29
2 17 30
2 18 14
2 18 15
2 18 16
2 18 17
2 18 27
2 18 28
2 18 29
2 18 30
2 19 14
2 19 15
2 19 16
2 19 17
2 19 27
2 19 28
2 19 29
2 19 30
2 20 15
2 20 16
2 20 17
2 20 18
2 20 27
2 20 28
2 20 29
2 21 15
2 21 16
2 21 17
2 21 18
2 21 19
2 21 27
2 21 28
2 21 29
2 22 16
2 22 17
2 22 18
2 22 19
2 22 26
2 22 27
2 22 28
2 22 29
2 23 17
2 23 18
2 23 19
2 23 20
2 23 26
2 23 27
2 23 28
2 23 29
2 24 17
2 24 18
2 24 19
2 24 20
2 24 26
2 24 27
2 24 28
2 24 29
2 25 18
2 25 19
2 25 20
2 25 21
2 25 25
2 25 26
2 25 27
2 25 28
2 26 18
2 26 19
2 26 20
2 26 21
2 26 25
2 26 26
2 26 27
2 26 28
2 27 19
2 27 20
2 27 21
2 27 22
2 27 25
2 27 26
2 27 27
2 27 28
2 28 19
2 28 20
2 28 21
2 28 22
2 28 23
2 28 25
2 28 26
2 28 27
2 29 3
2 29 4
2 29 5
2 29 6
2 29 7
2 29 8
2 29 9
2 29 10
2 29 11
2 29 12
2 29 13
2 29 14
2 29 15
2 29 16
2 29 17
2 29 18
2 29 19
2 29 20
2 29 21
2 29 22
2 29 23
2 29 24
2 29 25
2 29 26
2 29 27
2 29 28
2 30 3
2 30 4
2 30 5
2 30 6
2 30 7
2 30 8
2 30 9
2 30 10
2 30 11
2 30 12
2 30 13
2 30 14
2 30 15
2 30 16
2 30 17
2 30 18
2 30 19
2 30 20
2 30 21
2 30 22
2 30 23
2 30 24
2 30 25
2 30 26
2 30 27
2 30 28
2 31 5
2 31 6
2 31 7
2 31 8
2 31 9
2 31 10
2 31 11
2 31 12
2 31 13
2 31 14
2 31 15
2 31 16
2 31 17
2 31 18
2 31 19
2 31 20
2 31 21
2 31 22
2 31 23
2 31 24
2 31 25
2 31 26
2 31 27
2 32 22
2 32 23
2 32 24
2 32 25
2 32 26
2 33 23
2 33 24
2 33 25
2 33 26
2 34 23
2 34 24
2 34 25
2 34 26
2 35 23
2 35 24
2 35 25
2 35 26
2 35 27
2 36 24
2 36 25
2 36 26
2 36 27
2 37 25
2 37 26
2 37 27
2 37 28
2 38 25
2 38 26
2 38 27
2 38 28
2 39 26
2 39 27
2 39 28
2 39 29
2 40 26
2 40 27
2 40 28
2 40 29
2 41 27
2 41 28
2 41 29
2 41 30
2 42 27
2 42 28
2 42 29
2 42 30
2 42 31
2 43 28
2 43 29
2 43 30
2 43 31
2 44 29
2 44 30
2 44 31
2 44 32
2 45 29
2 45 30
2 45 31
2 45 32
2 46 29
2 46 30
2 46 31
2 46 32
2 46 33
2 47 30
2 47 31
2 47 32
2 47 33
2 48 31
2 48 32
2 48 33
2 48 34
2 49 31
2 49 32
2 49 33
2 49 34
2 50 32
2 50 33
2 50 34
2 50 35
2 51 33
2 51 34
2 51 35
2 52 33
2 52 34
2 52 35
2 52 36
2 53 33
2 53 34
2 53 35
2 53 36
2 53 37
2 54 34
2 54 35
2 54 36
2 54 37
2 55 35
2 55 36
2 55 37
2 55 38
2 56 35
2 56 36
2 56 37
2 56 38
2 57 36
2 57 37
2 57 38
2 57 39
2 58 36
2 58 37
2 58 38
2 58 39
2 59 38
2 59 39
3 7 10
3 7 11
3 8 9
3 8 10
3 8 11
3 8 30
3 8 31
3 8 32
3 9 9
3 9 10
3 9 11
3 9 30
3 9 31
3 9 32
3 29 2
3 29 3
3 29 4
3 29 5
3 29 6
3 29 7
3 29 8
3 29 9
3 29 10
3 29 11
3 29 12
3 29 13
3 29 14
3 29 15
3 29 16
3 29 17
3 29 18
3 29 19
3 29 20
3 29 21
3 29 22
3 29 23
3 29 24
3 29 25
3 29 26
3 29 27
3 29 28
3 29 29
3 30 2
3 30 3
3 30 4
3 30 5
3 30 6
3 30 7
3 30 8
3 30 9
3 30 10
3 30 11
3 30 12
3 30 13
3 30 14
3 30 15
3 30 16
3 30 17
3 30 18
3 30 19
3 30 20
3 30 21
3 30 22
3 30 23
3 30 24
3 30 25
3 30 26
3 30 27
3 30 28
3 30 29
3 31 3
3 31 4
3 31 5
3 31 6
3 31 7
3 31 8
3 31 9
3 31 10
3 31 11
3 31 12
3 31 13
3 31 14
3 31 15
3 31 16
3 31 17
3 31 18
3 31 19
3 31 20
3 31 21
3 31 22
3 31 23
3 31 24
3 31 25
3 31 26
3 31 27
3 31 28
3 32 5
3 32 6
3 32 7
3 32 8
3 32 9
3 32 10
3 32 11
3 32 12
3 32 13
3 32 14
3 32 15
3 32 16
3 32 17
3 32 18
3 32 19
3 32 20
3 32 21
3 32 22
3 32 23
3 32 24
3 32 25
3 32 26
3 32 27
3 49 32
3 49 33
3 49 34
3 50 32
3 50 33
3 50 34
3 51 33
3 51 34
3 51 35
3 52 33
3 52 34
3 52 35
3 53 34
3 53 35
3 53 36
3 54 34
3 54 35
3 54 36
3 54 37
3 55 35
3 55 36
3 55 37
3 56 35
3 56 36
3 56 37
3 56 38
3 57 36
3 57 37
3 57 38
3 57 39
3 58 36
3 58 37
3 58 38
3 58 39
3 59 37
3 59 38
3 59 39
4 7 10
4 7 11
4 8 9
4 8 10
4 8 11
4 8 30
4 8 31
4 8 32
4 9 9
4 9 10
4 9 11
4 9 30
4 9 31
4 9 32
4 29 1
4 29 2
4 29 3
4 29 4
4 29 27
4 29 28
4 29 29
4 30 1
4 30 2
4 30 3
4 30 4
4 30 5
4 30 6
4 30 7
4 30 8
4 30 9
4 30 10
4 30 11
4 30 12
4 30 13
4 30 14
4 30 15
4 30 16
4 30 17
4 30 18
4 30 19
4 30 20
4 30 21
4 30 22
4 30 23
4 30 24
4 30 25
4 30 26
4 30 27
4 30 28
4 30 29
4 31 2
4 31 3
4 31 4
4 31 5
4 31 6
4 31 7
4 31 8
4 31 9
4 31 10
4 31 11
4 31 12
4 31 13
4 31 14
4 31 15
4 31 16
4 31 17
4 31 18
4 31 19
4 31 20
4 31 21
4 31 22
4 31 23
4 31 24
4 31 25
4 31 26
4 31 27
4 31 28
4 31 29
4 32 3
4 32 4
4 32 5
4 32 6
4 32 7
4 32 8
4 32 9
4 32 10
4 32 11
4 32 12
4 32 13
4 32 14
4 32 15
4 32 16
4 32 17
4 32 18
4 32 19
4 32 20
4 32 21
4 32 22
4 32 23
4 32 24
4 32 25
4 32 26
4 32 27
4 32 28
4 49 32
4 49 33
4 49 34
4 50 32
4 50 33
4 50 34
4 50 35
4 51 33
4 51 34
4 51 35
4 52 33
4 52 34
4 52 35
4 52 36
4 53 34
4 53 35
4 53 36
4 54 34
4 54 35
4 54 36
4 54 37
4 55 35
4 55 36
4 55 37
4 56 35
4 56 36
4 56 37
4 56 38
4 57 36
4 57 37
4 57 38
4 57 39
4 58 36
4 58 37
4 58 38
4 58 39
4 59 37
4 59 38
4 59 39
4 60 37
4 60 38
4 60 39
5 7 10
5 7 11
5 8 9
5 8 10
5 8 11
5 8 30
5 8 31
5 8 32
5 9 9
5 9 10
5 9 11
5 9 30
5 9 31
5 9 32
5 29 1
5 29 2
5 29 3
5 29 27
5 29 28
5 29 29
5 30 1
5 30 2
5 30 3
5 30 4
5 30 5
5 30 6
5 30 7
5 30 8
5 30 9
5 30 10
5 30 11
5 30 12
5 30 13
5 30 14
5 30 15
5 30 16
5 30 17
5 30 18
5 30 19
5 30 20
5 30 21
5 30 22
5 30 23
5 30 24
5 30 25
5 30 26
5 30 27
5 30 28
5 30 29
5 31 1
5 31 2
5 31 3
5 31 4
5 31 5
5 31 6
5 31 7
5 31 8
5 31 9
5 31 10
5 31 11
5 31 12
5 31 13
5 31 14
5 31 15
5 31 16
5 31 17
5 31 18
5 31 19
5 31 20
5 31 21
5 31 22
5 31 23
5 31 24
5 31 25
5 31 26
5 31 27
5 31 28
5 31 29
5 32 3
5 32 4
5 32 5
5 32 6
5 32 7
5 32 8
5 32 9
5 32 10
5 32 11
5 32 12
5 32 13
5 32 14
5 32 15
5 32 16
5 32 17
5 32 18
5 32 19
5 32 20
5 32 21
5 32 22
5 32 23
5 32 24
5 32 25
5 32 26
5 32 27
5 32 28
5 49 33
5 49 34
5 50 33
5 50 34
5 50 35
5 51 33
5 51 34
5 51 35
5 52 33
5 52 34
5 52 35
5 52 36
5 53 34
5 53 35
5 53 36
5 54 35
5 54 36
5 54 37
5 55 35
5 55 36
5 55 37
5 56 35
5 56 36
5 56 37
5 56 38
5 57 36
5 57 37
5 57 38
5 58 37
5 58 38
5 58 39
5 59 37
5 59 38
5 59 39
5 60 37
5 60 38
5 60 39
6 7 10
6 7 11
6 8 9
6 8 10
6 8 11
6 8 30
6 8 31
6 8 32
6 9 9
6 9 10
6 9 11
6 9 30
6 9 31
6 9 32
6 29 1
6 29 2
6 29 28
6 29 29
6 29 30
6 30 1
6 30 2
6 30 3
6 30 4
6 30 5
6 30 6
6 30 7
6 30 8
6 30 9
6 30 10
6 30 11
6 30 12
6 30 13
6 30 14
6 30 15
6 30 16
6 30 17
6 30 18
6 30 19
6 30 20
6 30 21
6 30 22
6 30 23
6 30 24
6 30 25
6 30 26
6 30 27
6 30 28
6 30 29
6 31 1
6 31 2
6 31 3
6 31 4
6 31 5
6 31 6
6 31 7
6 31 8
6 31 9
6 31 10
6 31 11
6 31 12
6 31 13
6 31 14
6 31 15
6 31 16
6 31 17
6 31 18
6 31 19
6 31 20
6 31 21
6 31 22
6 31 23
6 31 24
6 31 25
6 31 26
6 31 27
6 31 28
6 31 29
6 32 3
6 32 4
6 32 5
6 32 6
6 32 7
6 32 8
6 32 9
6 32 10
6 32 11
6 32 12
6 32 13
6 32 14
6 32 15
6 32 16
6 32 17
6 32 18
6 32 19
6 32 20
6 32 21
6 32 22
6 32 23
6 32 24
6 32 25
6 32 26
6 32 27
6 32 28
6 49 33
6 49 34
6 50 33
6 50 34
6 50 35
6 51 33
6 51 34
6 51 35
6 52 33
6 52 34
6 52 35
6 52 36
6 53 34
6 53 35
6 53 36
6 54 35
6 54 36
6 54 37
6 55 35
6 55 36
6 55 37
6 56 35
6 56 36
6 56 37
6 56 38
6 57 36
6 57 37
6 57 38
6 58 37
6 58 38
6 58 39
6 59 37
6 59 38
6 59 39
6 60 37
6 60 38
6 60 39
7 7 10
7 7 11
7 8 9
7 8 10
7 8 11
7 8 30
7 8 31
7 8 32
7 9 9
7 9 10
7 9 11
7 9 30
7 9 31
7 9 32
7 29 1
7 29 2
7 29 28
7 29 29
7 29 30
7 30 1
7 30 2
7 30 3
7 30 4
7 30 5
7 30 6
7 30 7
7 30 8
7 30 9
7 30 10
7 30 11
7 30 12
7 30 13
7 30 14
7 30 15
7 30 16
7 30 17
7 30 18
7 30 19
7 30 20
7 30 21
7 30 22
7 30 23
7 30 24
7 30 25
7 30 26
7 30 27
7 30 28
7 30 29
7 31 1
7 31 2
7 31 3
7 31 4
7 31 5
7 31 6
7 31 7
7 31 8
7 31 9
7 31 10
7 31 11
7 31 12
7 31 13
7 31 14
7 31 15
7 31 16
7 31 17
7 31 18
7 31 19
7 31 20
7 31 21
7 31 22
7 31 23
7 31 24
7 31 25
7 31 26
7 31 27
7 31 28
7 31 29
7 32 3
7 32 4
7 32 5
7 32 6
7 32 7
7 32 8
7 32 9
7 32 10
7 32 11
7 32 12
7 32 13
7 32 14
7 32 15
7 32 16
7 32 17
7 32 18
7 32 19
7 32 20
7 32 21
7 32 22
7 32 23
7 32 24
7 32 25
7 32 26
7 32 27
7 32 28
7 49 33
7 49 34
7 50 33
7 50 34
7 50 35
7 51 33
7 51 34
7 51 35
7 52 34
7 52 35
7 52 36
7 53 34
7 53 35
7 53 36
7 54 35
7 54 36
7 54 37
7 55 35
7 55 36
7 55 37
7 56 36
7 56 37
7 56 38
7 57 36
7 57 37
7 57 38
7 58 37
7 58 38
7 58 39
7 59 37
7 59 38
7 59 39
7 60 37
7 60 38
7 60 39
8 7 10
8 7 11
8 8 9
8 8 10
8 8 11
8 8 30
8 8 31
8 8 32
8 9 9
8 9 10
8 9 11
8 9 30
8 9 31
8 9 32
8 29 1
8 29 2
8 29 28
8 29 29
8 29 30
8 30 1
8 30 2
8 30 3
8 30 4
8 30 5
8 30 6
8 30 7
8 30 8
8 30 9
8 30 10
8 30 11
8 30 12
8 30 13
8 30 14
8 30 15
8 30 16
8 30 17
8 30 18
8 30 19
8 30 20
8 30 21
8 30 22
8 30 23
8 30 24
8 30 25
8 30 26
8 30 27
8 30 28
8 30 29
8 31 1
8 31 2
8 31 3
8 31 4
8 31 5
8 31 6
8 31 7
8 31 8
8 31 9
8 31 10
8 31 11
8 31 12
8 31 13
8 31 14
8 31 15
8 31 16
8 31 17
8 31 18
8 31 19
8 31 20
8 31 21
8 31 22
8 31 23
8 31 24
8 31 25
8 31 26
8 31 27
8 31 28
8 31 29
8 32 3
8 32 4
8 32 5
8 32 6
8 32 7
8 32 8
8 32 9
8 32 10
8 32 11
8 32 12
8 32 13
8 32 14
8 32 15
8 32 16
8 32 17
8 32 18
8 32 19
8 32 20
8 32 21
8 32 22
8 32 23
8 32 24
8 32 25
8 32 26
8 32 27
8 32 28
8 49 33
8 49 34
8 50 33
8 50 34
8 50 35
8 51 33
8 51 34
8 51 35
8 52 34
8 52 35
8 52 36
8 53 35
8 53 36
8 53 37
8 54 35
8 54 36
8 54 37
8 55 35
8 55 36
8 55 37
8 56 36
8 56 37
8 56 38
8 57 36
8 57 37
8 57 38
8 58 37
8 58 38
8 58 39
8 59 37
8 59 38
8 59 39
8 60 37
8 60 38
8 60 39
9 7 10
9 7 11
9 8 9
9 8 10
9 8 11
9 8 30
9 8 31
9 8 32
9 9 9
9 9 10
9 9 11
9 9 30
9 9 31
9 9 32
9 29 1
9 29 2
9 29 28
9 29 29
9 29 30
9 30 1
9 30 2
9 30 3
9 30 4
9 30 5
9 30 6
9 30 7
9 30 8
9 30 9
9 30 10
9 30 11
9 30 12
9 30 13
9 30 14
9 30 15
9 30 16
9 30 17
9 30 18
9 30 19
9 30 20
9 30 21
9 30 22
9 30 23
9 30 24
9 30 25
9 30 26
9 30 27
9 30 28
9 30 29
9 31 1
9 31 2
9 31 3
9 31 4
9 31 5
9 31 6
9 31 7
9 31 8
9 31 9
9 31 10
9 31 11
9 31 12
9 31 13
9 31 14
9 31 15
9 31 16
9 31 17
9 31 18
9 31 19
9 31 20
9 31 21
9 31 22
9 31 23
9 31 24
9 31 25
9 31 26
9 31 27
9 31 28
9 31 29
9 32 3
9 32 4
9 32 5
9 32 6
9 32 7
9 32 8
9 32 9
9 32 10
9 32 11
9 32 12
9 32 13
9 32 14
9 32 15
9 32 16
9 32 17
9 32 18
9 32 19
9 32 20
9 32 21
9 32 22
9 32 23
9 32 24
9 32 25
9 32 26
9 32 27
9 32 28
9 49 33
9 49 34
9 50 33
9 50 34
9 50 35
9 51 33
9 51 34
9 51 35
9 52 34
9 52 35
9 52 36
9 53 35
9 53 36
9 53 37
9 54 35
9 54 36
9 54 37
9 55 35
9 55 36
9 55 37
9 56 36
9 56 37
9 56 38
9 57 36
9 57 37
9 57 38
9 58 37
9 58 38
9 58 39
9 59 37
9 59 38
9 59 39
9 60 37
9 60 38
9 60 39
10 7 10
10 7 11
10 8 9
10 8 10
10 8 11
10 8 30
10 8 31
10 8 32
10 9 9
10 9 10
10 9 11
10 9 30
10 9 31
10 9 32
10 29 1
10 29 2
10 29 28
10 29 29
10 29 30
10 30 1
10 30 2
10 30 3
10 30 4
10 30 5
10 30 6
10 30 7
10 30 8
10 30 9
10 30 10
10 30 11
10 30 12
10 30 13
10 30 14
10 30 15
10 30 16
10 30 17
10 30 18
10 30 19
10 30 20
10 30 21
10 30 22
10 30 23
10 30 24
10 30 25
10 30 26
10 30 27
10 30 28
10 30 29
10 31 1
10 31 2
10 31 3
10 31 4
10 31 5
10 31 6
10 31 7
10 31 8
10 31 9
10 31 10
10 31 11
10 31 12
10 31 13
10 31 14
10 31 15
10 31 16
10 31 17
10 31 18
10 31 19
10 31 20
10 31 21
10 31 22
10 31 23
10 31 24
10 31 25
10 31 26
10 31 27
10 31 28
10 31 29
10 32 3
10 32 4
10 32 5
10 32 6
10 32 7
10 32 8
10 32 9
10 32 10
10 32 11
10 32 12
10 32 13
10 32 14
10 32 15
10 32 16
10 32 17
10 32 18
10 32 19
10 32 20
10 32 21
10 32 22
10 32 23
10 32 24
10 32 25
10 32 26
10 32 27
10 32 28
10 49 33
10 49 34
10 50 33
10 50 34
10 50 35
10 51 33
10 51 34
10 51 35
10 52 34
10 52 35
10 52 36
10 53 35
10 53 36
10 53 37
10 54 35
10 54 36
10 54 37
10 55 35
10 55 36
10 55 37
10 56 36
10 56 37
10 56 38
10 57 37
10 57 38
10 58 37
10 58 38
10 58 39
10 59 37
10 59 38
10 59 39
10 60 37
10 60 38
10 60 39
11 7 10
11 7 11
11 8 9
11 8 10
11 8 11
11 8 30
11 8 31
11 8 32
11 9 9
11 9 10
11 9 11
11 9 30
11 9 31
11 9 32
11 29 1
11 29 2
11 29 28
11 29 29
11 29 30
11 30 1
11 30 2
11 30 3
11 30 4
11 30 5
11 30 6
11 30 7
11 30 8
11 30 9
11 30 10
11 30 11
11 30 12
11 30 13
11 30 14
11 30 15
11 30 16
11 30 17
11 30 18
11 30 19
11 30 20
11 30 21
11 30 22
11 30 23
11 30 24
11 30 25
11 30 26
11 30 27
11 30 28
11 30 29
11 31 1
11 31 2
11 31 3
11 31 4
11 31 5
11 31 6
11 31 7
11 31 8
11 31 9
11 31 10
11 31 11
11 31 12
11 31 13
11 31 14
11 31 15
11 31 16
11 31 17
11 31 18
11 31 19
11 31 20
11 31 21
11 31 22
11 31 23
11 31 24
11 31 25
11 31 26
11 31 27
11 31 28
11 31 29
11 32 3
11 32 4
11 32 5
11 32 6
11 32 7
11 32 8
11 32 9
11 32 10
11 32 11
11 32 12
11 32 13
11 32 14
11 32 15
11 32 16
11 32 17
11 32 18
11 32 19
11 32 20
11 32 21
11 32 22
11 32 23
11 32 24
11 32 25
11 32 26
11 32 27
11 32 28
11 49 33
11 49 34
11 50 33
11 50 34
11 50 35
11 51 33
11 51 34
11 51 35
11 52 34
11 52 35
11 52 36
11 53 35
11 53 36
11 53 37
11 54 35
11 54 36
11 54 37
11 55 36
11 55 37
11 55 38
11 56 36
11 56 37
11 56 38
11 57 37
11 57 38
11 58 37
11 58 38
11 58 39
11 59 37
11 59 38
11 59 39
11 60 37
11 60 38
11 60 39
12 7 10
12 7 11
12 8 9
12 8 10
12 8 11
12 8 30
12 8 31
12 8 32
12 9 9
12 9 10
12 9 11
12 9 30
12 9 31
12 9 32
12 29 1
12 29 2
12 29 28
12 29 29
12 29 30
12 30 1
12 30 2
12 30 3
12 30 4
12 30 5
12 30 6
12 30 7
12 30 8
12 30 9
12 30 10
12 30 11
12 30 12
12 30 13
12 30 14
12 30 15
12 30 16
12 30 17
12 30 18
12 30 19
12 30 20
12 30 21
12 30 22
12 30 23
12 30 24
12 30 25
12 30 26
12 30 27
12 30 28
12 30 29
12 31 1
12 31 2
12 31 3
12 31 4
12 31 5
12 31 6
12 31 7
12 31 8
12 31 9
12 31 10
12 31 11
12 31 12
12 31 13
12 31 14
12 31 15
12 31 16
12 31 17
12 31 18
12 31 19
12 31 20
12 31 21
12 31 22
12 31 23
12 31 24
12 31 25
12 31 26
12 31 27
12 31 28
12 31 29
12 32 3
12 32 4
12 32 5
12 32 6
12 32 7
12 32 8
12 32 9
12 32 10
12 32 11
12 32 12
12 32 13
12 32 14
12 32 15
12 32 16
12 32 17
12 32 18
12 32 19
12 32 20
12 32 21
12 32 22
12 32 23
12 32 24
12 32 25
12 32 26
12 32 27
12 32 28
12 49 33
12 49 34
12 49 35
12 50 33
12 50 34
12 50 35
12 51 33
12 51 34
12 51 35
12 52 34
12 52 35
12 52 36
12 53 35
12 53 36
12 53 37
12 54 35
12 54 36
12 54 37
12 55 36
12 55 37
12 55 38
12 56 36
12 56 37
12 56 38
12 57 37
12 57 38
12 58 37
12 58 38
12 58 39
12 59 37
12 59 38
12 59 39
12 60 37
12 60 38
12 60 39
13 7 10
13 7 11
13 8 9
13 8 10
13 8 11
13 8 30
13 8 31
13 8 32
13 9 9
13 9 10
13 9 11
13 9 30
13 9 31
13 9 32
13 29 1
13 29 2
13 29 28
13 29 29
13 29 30
13 30 1
13 30 2
13 30 3
13 30 4
13 30 5
13 30 6
13 30 7
13 30 8
13 30 9
13 30 10
13 30 11
13 30 12
13 30 13
13 30 14
13 30 15
13 30 16
13 30 17
13 30 18
13 30 19
13 30 20
13 30 21
13 30 22
13 30 23
13 30 24
13 30 25
13 30 26
13 30 27
13 30 28
13 30 29
13 31 1
13 31 2
13 31 3
13 31 4
13 31 5
13 31 6
13 31 7
13 31 8
13 31 9
13 31 10
13 31 11
13 31 12
13 31 13
13 31 14
13 31 15
13 31 16
13 31 17
13 31 18
13 31 19
13 31 20
13 31 21
13 31 22
13 31 23
13 31 24
13 31 25
13 31 26
13 31 27
13 31 28
13 31 29
13 32 3
13 32 4
13 32 5
13 32 6
13 32 7
13 32 8
13 32 9
13 32 10
13 32 11
13 32 12
13 32 13
13 32 14
13 32 15
13 32 16
13 32 17
13 32 18
13 32 19
13 32 20
13 32 21
13 32 22
13 32 23
13 32 24
13 32 25
13 32 26
13 32 27
13 32 28
13 49 33
13 49 34
13 49 35
13 50 33
13 50 34
13 50 35
13 51 33
13 51 34
13 51 35
13 52 34
13 52 35
13 52 36
13 53 35
13 53 36
13 53 37
13 54 35
13 54 36
13 54 37
13 55 36
13 55 37
13 55 38
13 56 36
13 56 37
13 56 38
13 57 37
13 57 38
13 57 39
13 58 37
13 58 38
13 58 39
13 59 37
13 59 38
13 59 39
13 60 37
13 60 38
13 60 39
14 7 10
14 7 11
14 8 9
14 8 10
14 8 11
14 8 30
14 8 31
14 8 32
14 9 9
14 9 10
14 9 11
14 9 30
14 9 31
14 9 32
14 29 1
14 29 2
14 29 28
14 29 29
14 29 30
14 30 1
14 30 2
14 30 3
14 30 4
14 30 5
14 30 6
14 30 7
14 30 8
14 30 9
14 30 10
14 30 11
14 30 12
14 30 13
14 30 14
14 30 15
14 30 16
14 30 17
14 30 18
14 30 19
14 30 20
14 30 21
14 30 22
14 30 23
14 30 24
14 30 25
14 30 26
14 30 27
14 30 28
14 30 29
14 31 1
14 31 2
14 31 3
14 31 4
14 31 5
14 31 6
14 31 7
14 31 8
14 31 9
14 31 10
14 31 11
14 31 12
14 31 13
14 31 14
14 31 15
14 31 16
14 31 17
14 31 18
14 31 19
14 31 20
14 31 21
14 31 22
14 31 23
14 31 24
14 31 25
14 31 26
14 31 27
14 31 28
14 31 29
14 32 3
14 32 4
14 32 5
14 32 6
14 32 7
14 32 8
14 32 9
14 32 10
14 32 11
14 32 12
14 32 13
14 32 14
14 32 15
14 32 16
14 32 17
14 32 18
14 32 19
14 32 20
14 32 21
14 32 22
14 32 23
14 32 24
14 32 25
14 32 26
14 32 27
14 32 28
14 48 34
14 49 33
14 49 34
14 49 35
14 50 33
14 50 34
14 50 35
14 51 33
14 51 34
14 51 35
14 52 34
14 52 35
14 52 36
14 53 35
14 53 36
14 53 37
14 54 35
14 54 36
14 54 37
14 55 36
14 55 37
14 55 38
14 56 36
14 56 37
14 56 38
14 57 37
14 57 38
14 57 39
14 58 37
14 58 38
14 58 39
14 59 37
14 59 38
14 59 39
14 60 37
14 60 38
14 60 39
15 7 10
15 7 11
15 8 9
15 8 10
15 8 11
15 8 30
15 8 31
15 8 32
15 9 9
15 9 10
15 9 11
15 9 30
15 9 31
15 9 32
15 29 1
15 29 2
15 29 28
15 29 29
15 29 30
15 30 1
15 30 2
15 30 3
15 30 4
15 30 5
15 30 6
15 30 7
15 30 8
15 30 9
15 30 10
15 30 11
15 30 12
15 30 13
15 30 14
15 30 15
15 30 16
15 30 17
15 30 18
15 30 19
15 30 20
15 30 21
15 30 22
15 30 23
15 30 24
15 30 25
15 30 26
15 30 27
15 30 28
15 30 29
15 31 1
15 31 2
15 31 3
15 31 4
15 31 5
15 31 6
15 31 7
15 31 8
15 31 9
15 31 10
15 31 11
15 31 12
15 31 13
15 31 14
15 31 15
15 31 16
15 31 17
15 31 18
15 31 19
15 31 20
15 31 21
15 31 22
15 31 23
15 31 24
15 31 25
15 31 26
15 31 27
15 31 28
15 31 29
15 32 3
15 32 4
15 32 5
15 32 6
15 32 7
15 32 8
15 32 9
15 32 10
15 32 11
15 32 12
15 32 13
15 32 14
15 32 15
15 32 16
15 32 17
15 32 18
15 32 19
15 32 20
15 32 21
15 32 22
15 32 23
15 32 24
15 32 25
15 32 26
15 32 27
15 32 28
15 48 34
15 49 33
15 49 34
15 49 35
15 50 33
15 50 34
15 50 35
15 51 33
15 51 34
15 51 35
15 51 36
15 52 34
15 52 35
15 52 36
15 53 35
15 53 36
15 53 37
15 54 35
15 54 36
15 54 37
15 55 36
15 55 37
15 55 38
15 56 36
15 56 37
15 56 38
15 57 37
15 57 38
15 57 39
15 58 37
15 58 38
15 58 39
15 59 37
15 59 38
15 59 39
15 60 37
15 60 38
15 60 39
16 7 10
16 7 11
16 8 9
16 8 10
16 8 11
16 8 30
16 8 31
16 8 32
16 9 9
16 9 10
16 9 11
16 9 30
16 9 31
16 9 32
16 29 1
16 29 2
16 29 28
16 29 29
16 29 30
16 30 1
16 30 2
16 30 3
16 30 4
16 30 5
16 30 6
16 30 7
16 30 8
16 30 9
16 30 10
16 30 11
16 30 12
16 30 13
16 30 14
16 30 15
16 30 16
16 30 17
16 30 18
16 30 19
16 30 20
16 30 21
16 30 22
16 30 23
16 30 24
16 30 25
16 30 26
16 30 27
16 30 28
16 30 29
16 31 1
16 31 2
16 31 3
16 31 4
16 31 5
16 31 6
16 31 7
16 31 8
16 31 9
16 31 10
16 31 11
16 31 12
16 31 13
16 31 14
16 31 15
16 31 16
16 31 17
16 31 18
16 31 19
16 31 20
16 31 21
16 31 22
16 31 23
16 31 24
16 31 25
16 31 26
16 31 27
16 31 28
16 31 29
16 32 3
16 32 4
16 32 5
16 32 6
16 32 7
16 32 8
16 32 9
16 32 10
16 32 11
16 32 12
16 32 13
16 32 14
16 32 15
16 32 16
16 32 17
16 32 18
16 32 19
16 32 20
16 32 21
16 32 22
16 32 23
16 32 24
16 32 25
16 32 26
16 32 27
16 32 28
16 48 34
16 49 33
16 49 34
16 49 35
16 50 33
16 50 34
16 50 35
16 51 33
16 51 34
16 51 35
16 51 36
16 52 34
16 52 35
16 52 36
16 53 35
16 53 36
16 53 37
16 54 35
16 54 36
16 54 37
16 55 36
16 55 37
16 55 38
16 56 36
16 56 37
16 56 38
16 57 37
16 57 38
16 57 39
16 58 37
16 58 38
16 58 39
16 59 37
16 59 38
16 59 39
16 60 37
16 60 38
16 60 39
17 7 10
17 7 11
17 8 9
17 8 10
17 8 11
17 8 30
17 8 31
17 8 32
17 9 9
17 9 10
17 9 11
17 9 30
17 9 31
17 9 32
17 29 1
17 29 2
17 29 28
17 29 29
17 29 30
17 30 1
17 30 2
17 30 3
17 30 4
17 30 5
17 30 6
17 30 7
17 30 8
17 30 9
17 30 10
17 30 11
17 30 12
17 30 13
17 30 14
17 30 15
17 30 16
17 30 17
17 30 18
17 30 19
17 30 20
17 30 21
17 30 22
17 30 23
17 30 24
17 30 25
17 30 26
17 30 27
17 30 28
17 30 29
17 31 1
17 31 2
17 31 3
17 31 4
17 31 5
17 31 6
17 31 7
17 31 8
17 31 9
17 31 10
17 31 11
17 31 12
17 31 13
17 31 14
17 31 15
17 31 16
17 31 17
17 31 18
17 31 19
17 31 20
17 31 21
17 31 22
17 31 23
17 31 24
17 31 25
17 31 26
17 31 27
17 31 28
17 31 29
17 32 3
17 32 4
17 32 5
17 32 6
17 32 7
17 32 8
17 32 9
17 32 10
17 32 11
17 32 12
17 32 13
17 32 14
17 32 15
17 32 16
17 32 17
17 32 18
17 32 19
17 32 20
17 32 21
17 32 22
17 32 23
17 32 24
17 32 25
17 32 26
17 32 27
17 32 28
17 48 34
17 49 33
17 49 34
17 49 35
17 50 33
17 50 34
17 50 35
17 51 33
17 51 34
17 51 35
17 51 36
17 52 34
17 52 35
17 52 36
17 53 35
17 53 36
17 53 37
17 54 35
17 54 36
17 54 37
17 55 36
17 55 37
17 55 38
17 56 36
17 56 37
17 56 38
17 57 37
17 57 38
17 57 39
17 58 37
17 58 38
17 58 39
17 59 37
17 59 38
17 59 39
17 60 37
17 60 38
17 60 39
18 7 10
18 7 11
18 8 9
18 8 10
18 8 11
18 8 30
18 8 31
18 8 32
18 9 9
18 9 10
18 9 11
18 9 30
18 9 31
18 9 32
18 29 1
18 29 2
18 29 28
18 29 29
18 29 30
18 30 1
18 30 2
18 30 3
18 30 4
18 30 5
18 30 6
18 30 7
18 30 8
18 30 9
18 30 10
18 30 11
18 30 12
18 30 13
18 30 14
18 30 15
18 30 16
18 30 17
18 30 18
18 30 19
18 30 20
18 30 21
18 30 22
18 30 23
18 30 24
18 30 25
18 30 26
18 30 27
18 30 28
18 30 29
18 31 1
18 31 2
18 31 3
18 31 4
18 31 5
18 31 6
18 31 7
18 31 8
18 31 9
18 31 10
18 31 11
18 31 12
18 31 13
18 31 14
18 31 15
18 31 16
18 31 17
18 31 18
18 31 19
18 31 20
18 31 21
18 31 22
18 31 23
18 31 24
18 31 25
18 31 26
18 31 27
18 31 28
18 31 29
18 32 3
18 32 4
18 32 5
18 32 6
18 32 7
18 32 8
18 32 9
18 32 10
18 32 11
18 32 12
18 32 13
18 32 14
18 32 15
18 32 16
18 32 17
18 32 18
18 32 19
18 32 20
18 32 21
18 32 22
18 32 23
18 32 24
18 32 25
18 32 26
18 32 27
18 32 28
18 48 34
18 49 33
18 49 34
18 49 35
18 50 33
18 50 34
18 50 35
18 51 33
18 51 34
18 51 35
18 51 36
18 52 34
18 52 35
18 52 36
18 53 35
18 53 36
18 53 37
18 54 35
18 54 36
18 54 37
18 55 36
18 55 37
18 55 38
18 56 36
18 56 37
18 56 38
18 57 37
18 57 38
18 57 39
18 58 37
18 58 38
18 58 39
18 59 37
18 59 38
18 59 39
18 60 37
18 60 38
18 60 39
19 7 10
19 7 11
19 8 9
19 8 10
19 8 11
19 8 30
19 8 31
19 8 32
19 9 9
19 9 10
19 9 11
19 9 30
19 9 31
19 9 32
19 29 1
19 29 2
19 29 28
19 29 29
19 29 30
19 30 1
19 30 2
19 30 3
19 30 4
19 30 5
19 30 6
19 30 7
19 30 8
19 30 9
19 30 10
19 30 11
19 30 12
19 30 13
19 30 14
19 30 15
19 30 16
19 30 17
19 30 18
19 30 19
19 30 20
19 30 21
19 30 22
19 30 23
19 30 24
19 30 25
19 30 26
19 30 27
19 30 28
19 30 29
19 31 1
19 31 2
19 31 3
19 31 4
19 31 5
19 31 6
19 31 7
19 31 8
19 31 9
19 31 10
19 31 11
19 31 12
19 31 13
19 31 14
19 31 15
19 31 16
19 31 17
19 31 18
19 31 19
19 31 20
19 31 21
19 31 22
19 31 23
19 31 24
19 31 25
19 31 26
19 31 27
19 31 28
19 31 29
19 32 3
19 32 4
19 32 5
19 32 6
19 32 7
19 32 8
19 32 9
19 32 10
19 32 11
19 32 12
19 32 13
19 32 14
19 32 15
19 32 16
19 32 17
19 32 18
19 32 19
19 32 20
19 32 21
19 32 22
19 32 23
19 32 24
19 32 25
19 32 26
19 32 27
19 32 28
19 48 34
19 49 33
19 49 34
19 49 35
19 50 33
19 50 34
19 50 35
19 51 34
19 51 35
19 51 36
19 52 34
19 52 35
19 52 36
19 53 35
19 53 36
19 53 37
19 54 35
19 54 36
19 54 37
19 55 36
19 55 37
19 55 38
19 56 36
19 56 37
19 56 38
19 57 37
19 57 38
19 57 39
19 58 37
19 58 38
19 58 39
19 59 37
19 59 38
19 59 39
19 60 37
19 60 38
19 60 39
20 7 10
20 7 11
20 8 9
20 8 10
20 8 11
20 8 30
20 8 31
20 8 32
20 9 9
20 9 10
20 9 11
20 9 30
20 9 31
20 9 32
20 29 1
20 29 2
20 29 28
20 29 29
20 29 30
20 30 1
20 30 2
20 30 3
20 30 4
20 30 5
20 30 6
20 30 7
20 30 8
20 30 9
20 30 10
20 30 11
20 30 12
20 30 13
20 30 14
20 30 15
20 30 16
20 30 17
20 30 18
20 30 19
20 30 20
20 30 21
20 30 22
20 30 23
20 30 24
20 30 25
20 30 26
20 30 27
20 30 28
20 30 29
20 31 1
20 31 2
20 31 3
20 31 4
20 31 5
20 31 6
20 31 7
20 31 8
20 31 9
20 31 10
20 31 11
20 31 12
20 31 13
20 31 14
20 31 15
20 31 16
20 31 17
20 31 18
20 31 19
20 31 20
20 31 21
20 31 22
20 31 23
20 31 24
20 31 25
20 31 26
20 31 27
20 31 28
20 31 29
20 32 3
20 32 4
20 32 5
20 32 6
20 32 7
20 32 8
20 32 9
20 32 10
20 32 11
20 32 12
20 32 13
20 32 14
20 32 15
20 32 16
20 32 17
20 32 18
20 32 19
20 32 20
20 32 21
20 32 22
20 32 23
20 32 24
20 32 25
20 32 26
20 32 27
20 32 28
20 48 34
20 49 33
20 49 34
20 49 35
20 50 33
20 50 34
20 50 35
20 51 34
20 51 35
20 51 36
20 52 34
20 52 35
20 52 36
20 53 35
20 53 36
20 53 37
20 54 35
20 54 36
20 54 37
20 55 36
20 55 37
20 55 38
20 56 36
20 56 37
20 56 38
20 57 37
20 57 38
20 57 39
20 58 37
20 58 38
20 58 39
20 59 37
20 59 38
20 59 39
20 60 37
20 60 38
20 60 39
21 7 10
21 7 11
21 8 9
21 8 10
21 8 11
21 8 30
21 8 31
21 8 32
21 9 9
21 9 10
21 9 11
21 9 30
21 9 31
21 9 32
21 29 1
21 29 2
21 29 28
21 29 29
21 29 30
21 30 1
21 30 2
21 30 3
21 30 4
21 30 5
21 30 6
21 30 7
21 30 8
21 30 9
21 30 10
21 30 11
21 30 12
21 30 13
21 30 14
21 30 15
21 30 16
21 30 17
21 30 18
21 30 19
21 30 20
21 30 21
21 30 22
21 30 23
21 30 24
21 30 25
21 30 26
21 30 27
21 30 28
21 30 29
21 31 1
21 31 2
21 31 3
21 31 4
21 31 5
21 31 6
21 31 7
21 31 8
21 31 9
21 31 10
21 31 11
21 31 12
21 31 13
21 31 14
21 31 15
21 31 16
21 31 17
21 31 18
21 31 19
21 31 20
21 31 21
21 31 22
21 31 23
21 31 24
21 31 25
21 31 26
21 31 27
21 31 28
21 31 29
21 32 3
21 32 4
21 32 5
21 32 6
21 32 7
21 32 8
21 32 9
21 32 10
21 32 11
21 32 12
21 32 13
21 32 14
21 32 15
21 32 16
21 32 17
21 32 18
21 32 19
21 32 20
21 32 21
21 32 22
21 32 23
21 32 24
21 32 25
21 32 26
21 32 27
21 32 28
21 48 34
21 49 33
21 49 34
21 49 35
21 50 33
21 50 34
21 50 35
21 51 34
21 51 35
21 51 36
21 52 34
21 52 35
21 52 36
21 52 37
21 53 35
21 53 36
21 53 37
21 54 35
21 54 36
21 54 37
21 55 36
21 55 37
21 55 38
21 56 36
21 56 37
21 56 38
21 57 37
21 57 38
21 57 39
21 58 37
21 58 38
21 58 39
21 59 37
21 59 38
21 59 39
21 60 37
21 60 38
21 60 39
22 7 10
22 7 11
22 8 9
22 8 10
22 8 11
22 8 30
22 8 31
22 8 32
22 9 9
22 9 10
22 9 11
22 9 30
22 9 31
22 9 32
22 29 1
22 29 2
22 29 28
22 29 29
22 29 30
22 30 1
22 30 2
22 30 3
22 30 4
22 30 5
22 30 6
22 30 7
22 30 8
22 30 9
22 30 10
22 30 11
22 30 12
22 30 13
22 30 14
22 30 15
22 30 16
22 30 17
22 30 18
22 30 19
22 30 20
22 30 21
22 30 22
22 30 23
22 30 24
22 30 25
22 30 26
22 30 27
22 30 28
22 30 29
22 31 1
22 31 2
22 31 3
22 31 4
22 31 5
22 31 6
22 31 7
22 31 8
22 31 9
22 31 10
22 31 11
22 31 12
22 31 13
22 31 14
22 31 15
22 31 16
22 31 17
22 31 18
22 31 19
22 31 20
22 31 21
22 31 22
22 31 23
22 31 24
22 31 25
22 31 26
22 31 27
22 31 28
22 31 29
22 32 3
22 32 4
22 32 5
22 32 6
22 32 7
22 32 8
22 32 9
22 32 10
22 32 11
22 32 12
22 32 13
22 32 14
22 32 15
22 32 16
22 32 17
22 32 18
22 32 19
22 32 20
22 32 21
22 32 22
22 32 23
22 32 24
22 32 25
22 32 26
22 32 27
22 32 28
22 49 33
22 49 34
22 49 35
22 50 33
22 50 34
22 50 35
22 51 34
22 51 35
22 51 36
22 52 34
22 52 35
22 52 36
22 52 37
22 53 35
22 53 36
22 53 37
22 54 35
22 54 36
22 54 37
22 55 36
22 55 37
22 55 38
22 56 36
22 56 37
22 56 38
22 57 37
22 57 38
22 57 39
22 58 37
22 58 38
22 58 39
22 59 37
22 59 38
22 59 39
22 60 37
22 60 38
22 60 39
23 7 10
23 7 11
23 8 9
23 8 10
23 8 11
23 8 30
23 8 31
23 8 32
23 9 9
23 9 10
23 9 11
23 9 30
23 9 31
23 9 32
23 29 1
23 29 2
23 29 28
23 29 29
23 29 30
23 30 1
23 30 2
23 30 3
23 30 4
23 30 5
23 30 6
23 30 7
23 30 8
23 30 9
23 30 10
23 30 11
23 30 12
23 30 13
23 30 14
23 30 15
23 30 16
23 30 17
23 30 18
23 30 19
23 30 20
23 30 21
23 30 22
23 30 23
23 30 24
23 30 25
23 30 26
23 30 27
23 30 28
23 30 29
23 31 1
23 31 2
23 31 3
23 31 4
23 31 5
23 31 6
23 31 7
23 31 8
23 31 9
23 31 10
23 31 11
23 31 12
23 31 13
23 31 14
23 31 15
23 31 16
23 31 17
23 31 18
23 31 19
23 31 20
23 31 21
23 31 22
23 31 23
23 31 24
23 31 25
23 31 26
23 31 27
23 31 28
23 31 29
23 32 3
23 32 4
23 32 5
23 32 6
23 32 7
23 32 8
23 32 9
23 32 10
23 32 11
23 32 12
23 32 13
23 32 14
23 32 15
23 32 16
23 32 17
23 32 18
23 32 19
23 32 20
23 32 21
23 32 22
23 32 23
23 32 24
23 32 25
23 32 26
23 32 27
23 32 28
23 49 33
23 49 34
23 49 35
23 50 33
23 50 34
23 50 35
23 51 34
23 51 35
23 51 36
23 52 34
23 52 35
23 52 36
23 52 37
23 53 35
23 53 36
23 53 37
23 54 35
23 54 36
23 54 37
23 55 36
23 55 37
23 55 38
23 56 36
23 56 37
23 56 38
23 57 37
23 57 38
23 58 37
23 58 38
23 58 39
23 59 37
23 59 38
23 59 39
23 60 37
23 60 38
23 60 39
24 7 10
24 7 11
24 8 9
24 8 10
24 8 11
24 8 30
24 8 31
24 8 32
24 9 9
24 9 10
24 9 11
24 9 30
24 9 31
24 9 32
24 29 1
24 29 2
24 29 28
24 29 29
24 29 30
24 30 1
24 30 2
24 30 3
24 30 4
24 30 5
24 30 6
24 30 7
24 30 8
24 30 9
24 30 10
24 30 11
24 30 12
24 30 13
24 30 14
24 30 15
24 30 16
24 30 17
24 30 18
24 30 19
24 30 20
24 30 21
24 30 22
24 30 23
24 30 24
24 30 25
24 30 26
24 30 27
24 30 28
24 30 29
24 31 1
24 31 2
24 31 3
24 31 4
24 31 5
24 31 6
24 31 7
24 31 8
24 31 9
24 31 10
24 31 11
24 31 12
24 31 13
24 31 14
24 31 15
24 31 16
24 31 17
24 31 18
24 31 19
24 31 20
24 31 21
24 31 22
24 31 23
24 31 24
24 31 25
24 31 26
24 31 27
24 31 28
24 31 29
24 32 3
24 32 4
24 32 5
24 32 6
24 32 7
24 32 8
24 32 9
24 32 10
24 32 11
24 32 12
24 32 13
24 32 14
24 32 15
24 32 16
24 32 17
24 32 18
24 32 19
24 32 20
24 32 21
24 32 22
24 32 23
24 32 24
24 32 25
24 32 26
24 32 27
24 32 28
24 49 33
24 49 34
24 49 35
24 50 33
24 50 34
24 50 35
24 51 34
24 51 35
24 51 36
24 52 34
24 52 35
24 52 36
24 52 37
24 53 35
24 53 36
24 53 37
24 54 35
24 54 36
24 54 37
24 55 36
24 55 37
24 55 38
24 56 36
24 56 37
24 56 38
24 57 37
24 57 38
24 58 37
24 58 38
24 58 39
24 59 37
24 59 38
24 59 39
24 60 37
24 60 38
24 60 39
25 7 10
25 7 11
25 8 9
25 8 10
25 8 11
25 8 30
25 8 31
25 8 32
25 9 9
25 9 10
25 9 11
25 9 30
25 9 31
25 9 32
25 29 1
25 29 2
25 29 28
25 29 29
25 29 30
25 30 1
25 30 2
25 30 3
25 30 4
25 30 5
25 30 6
25 30 7
25 30 8
25 30 9
25 30 10
25 30 11
25 30 12
25 30 13
25 30 14
25 30 15
25 30 16
25 30 17
25 30 18
25 30 19
25 30 20
25 30 21
25 30 22
25 30 23
25 30 24
25 30 25
25 30 26
25 30 27
25 30 28
25 30 29
25 31 1
25 31 2
25 31 3
25 31 4
25 31 5
25 31 6
25 31 7
25 31 8
25 31 9
25 31 10
25 31 11
25 31 12
25 31 13
25 31 14
25 31 15
25 31 16
25 31 17
25 31 18
25 31 19
25 31 20
25 31 21
25 31 22
25 31 23
25 31 24
25 31 25
25 31 26
25 31 27
25 31 28
25 31 29
25 32 3
25 32 4
25 32 5
25 32 6
25 32 7
25 32 8
25 32 9
25 32 10
25 32 11
25 32 12
25 32 13
25 32 14
25 32 15
25 32 16
25 32 17
25 32 18
25 32 19
25 32 20
25 32 21
25 32 22
25 32 23
25 32 24
25 32 25
25 32 26
25 32 27
25 32 28
25 49 33
25 49 34
25 49 35
25 50 33
25 50 34
25 50 35
25 51 34
25 51 35
25 51 36
25 52 34
25 52 35
25 52 36
25 52 37
25 53 35
25 53 36
25 53 37
25 54 35
25 54 36
25 54 37
25 55 36
25 55 37
25 55 38
25 56 36
25 56 37
25 56 38
25 57 37
25 57 38
25 58 37
25 58 38
25 58 39
25 59 37
25 59 38
25 59 39
25 60 37
25 60 38
25 60 39
26 7 10
26 7 11
26 8 9
26 8 10
26 8 11
26 8 30
26 8 31
26 8 32
26 9 9
26 9 10
26 9 11
26 9 30
26 9 31
26 9 32
26 29 1
26 29 2
26 29 28
26 29 29
26 29 30
26 30 1
26 30 2
26 30 3
26 30 4
26 30 5
26 30 6
26 30 7
26 30 8
26 30 9
26 30 10
26 30 11
26 30 12
26 30 13
26 30 14
26 30 15
26 30 16
26 30 17
26 30 18
26 30 19
26 30 20
26 30 21
26 30 22
26 30 23
26 30 24
26 30 25
26 30 26
26 30 27
26 30 28
26 30 29
26 31 1
26 31 2
26 31 3
26 31 4
26 31 5
26 31 6
26 31 7
26 31 8
26 31 9
26 31 10
26 31 11
26 31 12
26 31 13
26 31 14
26 31 15
26 31 16
26 31 17
26 31 18
26 31 19
26 31 20
26 31 21
26 31 22
26 31 23
26 31 24
26 31 25
26 31 26
26 31 27
26 31 28
26 31 29
26 32 3
26 32 4
26 32 5
26 32 6
26 32 7
26 32 8
26 32 9
26 32 10
26 32 11
26 32 12
26 32 13
26 32 14
26 32 15
26 32 16
26 32 17
26 32 18
26 32 19
26 32 20
26 32 21
26 32 22
26 32 23
26 32 24
26 32 25
26 32 26
26 32 27
26 32 28
26 49 33
26 49 34
26 49 35
26 50 33
26 50 34
26 50 35
26 51 34
26 51 35
26 51 36
26 52 34
26 52 35
26 52 36
26 52 37
26 53 35
26 53 36
26 53 37
26 54 35
26 54 36
26 54 37
26 55 36
26 55 37
26 56 36
26 56 37
26 56 38
26 57 36
26 57 37
26 57 38
26 58 37
26 58 38
26 58 39
26 59 37
26 59 38
26 59 39
26 60 37
26 60 38
26 60 39
27 7 10
27 7 11
27 8 9
27 8 10
27 8 11
27 8 30
27 8 31
27 8 32
27 9 9
27 9 10
27 9 11
27 9 30
27 9 31
27 9 32
27 29 1
27 29 2
27 29 28
27 29 29
27 29 30
27 30 1
27 30 2
27 30 3
27 30 4
27 30 5
27 30 6
27 30 7
27 30 8
27 30 9
27 30 10
27 30 11
27 30 12
27 30 13
27 30 14
27 30 15
27 30 16
27 30 17
27 30 18
27 30 19
27 30 20
27 30 21
27 30 22
27 30 23
27 30 24
27 30 25
27 30 26
27 30 27
27 30 28
27 30 29
27 31 1
27 31 2
27 31 3
27 31 4
27 31 5
27 31 6
27 31 7
27 31 8
27 31 9
27 31 10
27 31 11
27 31 12
27 31 13
27 31 14
27 31 15
27 31 16
27 31 17
27 31 18
27 31 19
27 31 20
27 31 21
27 31 22
27 31 23
27 31 24
27 31 25
27 31 26
27 31 27
27 31 28
27 31 29
27 32 3
27 32 4
27 32 5
27 32 6
27 32 7
27 32 8
27 32 9
27 32 10
27 32 11
27 32 12
27 32 13
27 32 14
27 32 15
27 32 16
27 32 17
27 32 18
27 32 19
27 32 20
27 32 21
27 32 22
27 32 23
27 32 24
27 32 25
27 32 26
27 32 27
27 32 28
27 49 33
27 49 34
27 49 35
27 50 33
27 50 34
27 50 35
27 51 34
27 51 35
27 51 36
27 52 34
27 52 35
27 52 36
27 52 37
27 53 35
27 53 36
27 53 37
27 54 35
27 54 36
27 54 37
27 55 35
27 55 36
27 55 37
27 56 36
27 56 37
27 56 38
27 57 36
27 57 37
27 57 38
27 58 37
27 58 38
27 58 39
27 59 37
27 59 38
27 59 39
27 60 37
27 60 38
27 60 39
28 7 10
28 7 11
28 8 9
28 8 10
28 8 11
28 8 30
28 8 31
28 8 32
28 9 9
28 9 10
28 9 11
28 9 30
28 9 31
28 9 32
28 29 1
28 29 2
28 29 28
28 29 29
28 29 30
28 30 1
28 30 2
28 30 3
28 30 4
28 30 5
28 30 6
28 30 7
28 30 8
28 30 9
28 30 10
28 30 11
28 30 12
28 30 13
28 30 14
28 30 15
28 30 16
28 30 17
28 30 18
28 30 19
28 30 20
28 30 21
28 30 22
28 30 23
28 30 24
28 30 25
28 30 26
28 30 27
28 30 28
28 30 29
28 31 1
28 31 2
28 31 3
28 31 4
28 31 5
28 31 6
28 31 7
28 31 8
28 31 9
28 31 10
28 31 11
28 31 12
28 31 13
28 31 14
28 31 15
28 31 16
28 31 17
28 31 18
28 31 19
28 31 20
28 31 21
28 31 22
28 31 23
28 31 24
28 31 25
28 31 26
28 31 27
28 31 28
28 31 29
28 32 3
28 32 4
28 32 5
28 32 6
28 32 7
28 32 8
28 32 9
28 32 10
28 32 11
28 32 12
28 32 13
28 32 14
28 32 15
28 32 16
28 32 17
28 32 18
28 32 19
28 32 20
28 32 21
28 32 22
28 32 23
28 32 24
28 32 25
28 32 26
28 32 27
28 32 28
28 49 33
28 49 34
28 49 35
28 50 33
28 50 34
28 50 35
28 51 34
28 51 35
28 51 36
28 52 34
28 52 35
28 52 36
28 53 35
28 53 36
28 53 37
28 54 35
28 54 36
28 54 37
28 55 35
28 55 36
28 55 37
28 56 36
28 56 37
28 56 38
28 57 36
28 57 37
28 57 38
28 58 37
28 58 38
28 58 39
28 59 37
28 59 38
28 59 39
28 60 37
28 60 38
28 60 39
29 7 10
29 7 11
29 8 9
29 8 10
29 8 11
29 8 30
29 8 31
29 8 32
29 9 9
29 9 10
29 9 11
29 9 30
29 9 31
29 9 32
29 29 1
29 29 2
29 29 3
29 29 27
29 29 28
29 29 29
29 30 1
29 30 2
29 30 3
29 30 4
29 30 5
29 30 6
29 30 7
29 30 8
29 30 9
29 30 10
29 30 11
29 30 12
29 30 13
29 30 14
29 30 15
29 30 16
29 30 17
29 30 18
29 30 19
29 30 20
29 30 21
29 30 22
29 30 23
29 30 24
29 30 25
29 30 26
29 30 27
29 30 28
29 30 29
29 31 1
29 31 2
29 31 3
29 31 4
29 31 5
29 31 6
29 31 7
29 31 8
29 31 9
29 31 10
29 31 11
29 31 12
29 31 13
29 31 14
29 31 15
29 31 16
29 31 17
29 31 18
29 31 19
29 31 20
29 31 21
29 31 22
29 31 23
29 31 24
29 31 25
29 31 26
29 31 27
29 31 28
29 31 29
29 32 3
29 32 4
29 32 5
29 32 6
29 32 7
29 32 8
29 32 9
29 32 10
29 32 11
29 32 12
29 32 13
29 32 14
29 32 15
29 32 16
29 32 17
29 32 18
29 32 19
29 32 20
29 32 21
29 32 22
29 32 23
29 32 24
29 32 25
29 32 26
29 32 27
29 32 28
29 49 33
29 49 34
29 49 35
29 50 33
29 50 34
29 50 35
29 51 34
29 51 35
29 52 34
29 52 35
29 52 36
29 53 35
29 53 36
29 53 37
29 54 35
29 54 36
29 54 37
29 55 35
29 55 36
29 55 37
29 56 35
29 56 36
29 56 37
29 56 38
29 57 36
29 57 37
29 57 38
29 58 37
29 58 38
29 58 39
29 59 37
29 59 38
29 59 39
29 60 37
29 60 38
29 60 39
30 7 10
30 7 11
30 8 9
30 8 10
30 8 11
30 8 30
30 8 31
30 8 32
30 9 9
30 9 10
30 9 11
30 9 30
30 9 31
30 9 32
30 29 1
30 29 2
30 29 3
30 29 27
30 29 28
30 29 29
30 30 1
30 30 2
30 30 3
30 30 4
30 30 5
30 30 6
30 30 7
30 30 8
30 30 9
30 30 10
30 30 11
30 30 12
30 30 13
30 30 14
30 30 15
30 30 16
30 30 17
30 30 18
30 30 19
30 30 20
30 30 21
30 30 22
30 30 23
30 30 24
30 30 25
30 30 26
30 30 27
30 30 28
30 30 29
30 31 1
30 31 2
30 31 3
30 31 4
30 31 5
30 31 6
30 31 7
30 31 8
30 31 9
30 31 10
30 31 11
30 31 12
30 31 13
30 31 14
30 31 15
30 31 16
30 31 17
30 31 18
30 31 19
30 31 20
30 31 21
30 31 22
30 31 23
30 31 24
30 31 25
30 31 26
30 31 27
30 31 28
30 31 29
30 32 3
30 32 4
30 32 5
30 32 6
30 32 7
30 32 8
30 32 9
30 32 10
30 32 11
30 32 12
30 32 13
30 32 14
30 32 15
30 32 16
30 32 17
30 32 18
30 32 19
30 32 20
30 32 21
30 32 22
30 32 23
30 32 24
30 32 25
30 32 26
30 32 27
30 32 28
30 49 33
30 49 34
30 49 35
30 50 33
30 50 34
30 50 35
30 51 33
30 51 34
30 51 35
30 52 34
30 52 35
30 52 36
30 53 34
30 53 35
30 53 36
30 54 35
30 54 36
30 54 37
30 55 35
30 55 36
30 55 37
30 56 35
30 56 36
30 56 37
30 56 38
30 57 36
30 57 37
30 57 38
30 57 39
30 58 36
30 58 37
30 58 38
30 58 39
30 59 37
30 59 38
30 59 39
30 60 37
30 60 38
30 60 39
31 7 10
31 7 11
31 8 9
31 8 10
31 8 11
31 8 30
31 8 31
31 8 32
31 9 9
31 9 10
31 9 11
31 9 30
31 9 31
31 9 32
31 29 1
31 29 2
31 29 3
31 29 4
31 29 5
31 29 6
31 29 7
31 29 8
31 29 9
31 29 10
31 29 11
31 29 12
31 29 13
31 29 14
31 29 15
31 29 16
31 29 17
31 29 18
31 29 19
31 29 20
31 29 21
31 29 22
31 29 23
31 29 24
31 29 25
31 29 26
31 29 27
31 29 28
31 29 29
31 30 2
31 30 3
31 30 4
31 30 5
31 30 6
31 30 7
31 30 8
31 30 9
31 30 10
31 30 11
31 30 12
31 30 13
31 30 14
31 30 15
31 30 16
31 30 17
31 30 18
31 30 19
31 30 20
31 30 21
31 30 22
31 30 23
31 30 24
31 30 25
31 30 26
31 30 27
31 30 28
31 30 29
31 31 3
31 31 4
31 31 5
31 31 6
31 31 7
31 31 8
31 31 9
31 31 10
31 31 11
31 31 12
31 31 13
31 31 14
31 31 15
31 31 16
31 31 17
31 31 18
31 31 19
31 31 20
31 31 21
31 31 22
31 31 23
31 31 24
31 31 25
31 31 26
31 31 27
31 31 28
31 32 5
31 32 6
31 32 7
31 32 8
31 32 9
31 32 10
31 32 11
31 32 12
31 32 13
31 32 14
31 32 15
31 32 16
31 32 17
31 32 18
31 32 19
31 32 20
31 32 21
31 32 22
31 32 23
31 32 24
31 32 25
31 32 26
31 32 27
31 49 32
31 49 33
31 49 34
31 50 32
31 50 33
31 50 34
31 50 35
31 51 33
31 51 34
31 51 35
31 52 33
31 52 34
31 52 35
31 52 36
31 53 34
31 53 35
31 53 36
31 54 35
31 54 36
31 54 37
31 55 35
31 55 36
31 55 37
31 56 35
31 56 36
31 56 37
31 56 38
31 57 36
31 57 37
31 57 38
31 57 39
31 58 36
31 58 37
31 58 38
31 58 39
31 59 37
31 59 38
31 59 39
32 0 5
32 0 6
32 0 7
32 0 32
32 0 33
32 0 34
32 1 5
32 1 6
32 1 7
32 1 31
32 1 32
32 1 33
32 1 34
32 2 5
32 2 6
32 2 7
32 2 8
32 2 31
32 2 32
32 2 33
32 2 34
32 3 5
32 3 6
32 3 7
32 3 8
32 3 9
32 3 31
32 3 32
32 3 33
32 3 34
32 4 6
32 4 7
32 4 8
32 4 9
32 4 31
32 4 32
32 4 33
32 4 34
32 5 7
32 5 8
32 5 9
32 5 10
32 5 31
32 5 32
32 5 33
32 6 7
32 6 8
32 6 9
32 6 10
32 6 30
32 6 31
32 6 32
32 6 33
32 7 8
32 7 9
32 7 10
32 7 11
32 7 30
32 7 31
32 7 32
32 7 33
32 8 8
32 8 9
32 8 10
32 8 11
32 8 30
32 8 31
32 8 32
32 8 33
32 9 9
32 9 10
32 9 11
32 9 12
32 9 29
32 9 30
32 9 31
32 9 32
32 10 9
32 10 10
32 10 11
32 10 12
32 10 13
32 10 29
32 10 30
32 10 31
32 10 32
32 11 10
32 11 11
32 11 12
32 11 13
32 11 29
32 11 30
32 11 31
32 11 32
32 12 11
32 12 12
32 12 13
32 12 29
32 12 30
32 12 31
32 13 11
32 13 12
32 13 13
32 13 14
32 13 29
32 13 30
32 13 31
32 14 12
32 14 13
32 14 14
32 14 15
32 14 28
32 14 29
32 14 30
32 14 31
32 15 12
32 15 13
32 15 14
32 15 15
32 15 28
32 15 29
32 15 30
32 15 31
32 16 13
32 16 14
32 16 15
32 16 16
32 16 28
32 16 29
32 16 30
32 16 31
32 17 13
32 17 14
32 17 15
32 17 16
32 17 17
32 17 27
32 17 28
32 17 29
32 17 30
32 18 14
32 18 15
32 18 16
32 18 17
32 18 27
32 18 28
32 18 29
32 18 30
32 19 14
32 19 15
32 19 16
32 19 17
32 19 27
32 19 28
32 19 29
32 19 30
32 20 15
32 20 16
32 20 17
32 20 18
32 20 27
32 20 28
32 20 29
32 21 15
32 21 16
32 21 17
32 21 18
32 21 19
32 21 27
32 21 28
32 21 29
32 22 16
32 22 17
32 22 18
32 22 19
32 22 26
32 22 27
32 22 28
32 22 29
32 23 17
32 23 18
32 23 19
32 23 20
32 23 26
32 23 27
32 23 28
32 23 29
32 24 17
32 24 18
32 24 19
32 24 20
32 24 26
32 24 27
32 24 28
32 24 29
32 25 18
32 25 19
32 25 20
32 25 21
32 25 25
32 25 26
32 25 27
32 25 28
32 26 18
32 26 19
32 26 20
32 26 21
32 26 25
32 26 26
32 26 27
32 26 28
32 27 19
32 27 20
32 27 21
32 27 22
32 27 25
32 27 26
32 27 27
32 27 28
32 28 19
32 28 20
32 28 21
32 28 22
32 28 23
32 28 25
32 28 26
32 28 27
32 29 2
32 29 3
32 29 4
32 29 5
32 29 6
32 29 7
32 29 8
32 29 9
32 29 10
32 29 11
32 29 12
32 29 13
32 29 14
32 29 15
32 29 16
32 29 17
32 29 18
32 29 19
32 29 20
32 29 21
32 29 22
32 29 23
32 29 24
32 29 25
32 29 26
32 29 27
32 29 28
32 30 3
32 30 4
32 30 5
32 30 6
32 30 7
32 30 8
32 30 9
32 30 10
32 30 11
32 30 12
32 30 13
32 30 14
32 30 15
32 30 16
32 30 17
32 30 18
32 30 19
32 30 20
32 30 21
32 30 22
32 30 23
32 30 24
32 30 25
32 30 26
32 30 27
32 30 28
32 31 5
32 31 6
32 31 7
32 31 8
32 31 9
32 31 10
32 31 11
32 31 12
32 31 13
32 31 14
32 31 15
32 31 16
32 31 17
32 31 18
32 31 19
32 31 20
32 31 21
32 31 22
32 31 23
32 31 24
32 31 25
32 31 26
32 31 27
32 32 22
32 32 23
32 32 24
32 32 25
32 32 26
32 33 23
32 33 24
32 33 25
32 33 26
32 34 23
32 34 24
32 34 25
32 34 26
32 35 23
32 35 24
32 35 25
32 35 26
32 35 27
32 36 24
32 36 25
32 36 26
32 36 27
32 37 25
32 37 26
32 37 27
32 37 28
32 38 25
32 38 26
32 38 27
32 38 28
32 39 26
32 39 27
32 39 28
32 39 29
32 40 26
32 40 27
32 40 28
32 40 29
32 41 27
32 41 28
32 41 29
32 41 30
32 42 27
32 42 28
32 42 29
32 42 30
32 42 31
32 43 28
32 43 29
32 43 30
32 43 31
32 44 29
32 44 30
32 44 31
32 44 32
32 45 29
32 45 30
32 45 31
32 45 32
32 46 29
32 46 30
32 46 31
32 46 32
32 46 33
32 47 30
32 47 31
32 47 32
32 47 33
32 48 31
32 48 32
32 48 33
32 48 34
32 49 31
32 49 32
32 49 33
32 49 34
32 50 32
32 50 33
32 50 34
32 50 35
32 51 33
32 51 34
32 51 35
32 52 33
32 52 34
32 52 35
32 52 36
32 53 33
32 53 34
32 53 35
32 53 36
32 53 37
32 54 34
32 54 35
32 54 36
32 54 37
32 55 35
32 55 36
32 55 37
32 55 38
32 56 35
32 56 36
32 56 37
32 56 38
32 57 36
32 57 37
32 57 38
32 57 39
32 58 36
32 58 37
32 58 38
32 58 39
32 59 38
32 59 39
33 0 5
33 0 6
33 0 7
33 0 32
33 0 33
33 0 34
33 1 5
33 1 6
33 1 7
33 1 31
33 1 32
33 1 33
33 1 34
33 2 5
33 2 6
33 2 7
33 2 8
33 2 31
33 2 32
33 2 33
33 2 34
33 3 5
33 3 6
33 3 7
33 3 8
33 3 9
33 3 31
33 3 32
33 3 33
33 3 34
33 4 6
33 4 7
33 4 8
33 4 9
33 4 31
33 4 32
33 4 33
33 4 34
33 5 7
33 5 8
33 5 9
33 5 10
33 5 31
33 5 32
33 5 33
33 6 7
33 6 8
33 6 9
33 6 10
33 6 30
33 6 31
33 6 32
33 6 33
33 7 8
33 7 9
33 7 10
33 7 11
33 7 30
33 7 31
33 7 32
33 7 33
33 8 8
33 8 9
33 8 10
33 8 11
33 8 30
33 8 31
33 8 32
33 8 33
33 9 9
33 9 10
33 9 11
33 9 12
33 9 29
33 9 30
33 9 31
33 9 32
33 10 9
33 10 10
33 10 11
33 10 12
33 10 13
33 10 29
33 10 30
33 10 31
33 10 32
33 11 10
33 11 11
33 11 12
33 11 13
33 11 29
33 11 30
33 11 31
33 11 32
33 12 11
33 12 12
33 12 13
33 12 29
33 12 30
33 12 31
33 13 11
33 13 12
33 13 13
33 13 14
33 13 29
33 13 30
33 13 31
33 14 12
33 14 13
33 14 14
33 14 15
33 14 28
33 14 29
33 14 30
33 14 31
33 15 12
33 15 13
33 15 14
33 15 15
33 15 28
33 15 29
33 15 30
33 15 31
33 16 13
33 16 14
33 16 15
33 16 16
33 16 28
33 16 29
33 16 30
33 16 31
33 17 13
33 17 14
33 17 15
33 17 16
33 17 17
33 17 27
33 17 28
33 17 29
33 17 30
33 18 14
33 18 15
33 18 16
33 18 17
33 18 27
33 18 28
33 18 29
33 18 30
33 19 14
33 19 15
33 19 16
33 19 17
33 19 27
33 19 28
33 19 29
33 19 30
33 20 15
33 20 16
33 20 17
33 20 18
33 20 27
33 20 28
33 20 29
33 21 15
33 21 16
33 21 17
33 21 18
33 21 19
33 21 27
33 21 28
33 21 29
33 22 16
33 22 17
33 22 18
33 22 19
33 22 26
33 22 27
33 22 28
33 22 29
33 23 17
33 23 18
33 23 19
33 23 20
33 23 26
33 23 27
33 23 28
33 23 29
33 24 17
33 24 18
33 24 19
33 24 20
33 24 26
33 24 27
33 24 28
33 24 29
33 25 18
33 25 19
33 25 20
33 25 21
33 25 25
33 25 26
33 25 27
33 25 28
33 26 18
33 26 19
33 26 20
33 26 21
33 26 25
33 26 26
33 26 27
33 26 28
33 27 19
33 27 20
33 27 21
33 27 22
33 27 25
33 27 26
33 27 27
33 27 28
33 28 19
33 28 20
33 28 21
33 28 22
33 28 23
33 28 25
33 28 26
33 28 27
33 29 20
33 29 21
33 29 22
33 29 23
33 29 24
33 29 25
33 29 26
33 29 27
33 30 21
33 30 22
33 30 23
33 30 24
33 30 25
33 30 26
33 30 27
33 31 21
33 31 22
33 31 23
33 31 24
33 31 25
33 31 26
33 31 27
33 32 22
33 32 23
33 32 24
33 32 25
33 32 26
33 33 23
33 33 24
33 33 25
33 33 26
33 34 23
33 34 24
33 34 25
33 34 26
33 35 23
33 35 24
33 35 25
33 35 26
33 35 27
33 36 24
33 36 25
33 36 26
33 36 27
33 37 25
33 37 26
33 37 27
33 37 28
33 38 25
33 38 26
33 38 27
33 38 28
33 39 26
33 39 27
33 39 28
33 39 29
33 40 26
33 40 27
33 40 28
33 40 29
33 41 27
33 41 28
33 41 29
33 41 30
33 42 27
33 42 28
33 42 29
33 42 30
33 42 31
33 43 28
33 43 29
33 43 30
33 43 31
33 44 29
33 44 30
33 44 31
33 44 32
33 45 29
33 45 30
33 45 31
33 45 32
33 46 29
33 46 30
33 46 31
33 46 32
33 46 33
33 47 30
33 47 31
33 47 32
33 47 33
33 48 31
33 48 32
33 48 33
33 48 34
33 49 31
33 49 32
33 49 33
33 49 34
33 50 32
33 50 33
33 50 34
33 50 35
33 51 33
33 51 34
33 51 35
33 52 33
33 52 34
33 52 35
33 52 36
33 53 33
33 53 34
33 53 35
33 53 36
33 53 37
33 54 34
33 54 35
33 54 36
33 54 37
33 55 35
33 55 36
33 55 37
33 56 35
33 56 36
33 56 37
33 56 38
33 57 36
33 57 37
33 57 38
33 58 37
34 0 7
34 0 33
34 0 34
34 1 6
34 1 7
34 1 33
34 1 34
34 2 6
34 2 7
34 2 8
34 2 33
34 2 34
34 3 7
34 3 8
34 3 32
34 3 33
34 4 7
34 4 8
34 4 9
34 4 32
34 4 33
34 5 8
34 5 9
34 5 32
34 5 33
34 6 8
34 6 9
34 6 10
34 6 31
34 6 32
34 6 33
34 7 9
34 7 10
34 7 11
34 7 31
34 7 32
34 7 33
34 8 9
34 8 10
34 8 11
34 8 31
34 8 32
34 9 10
34 9 11
34 9 12
34 9 31
34 9 32
34 10 11
34 10 12
34 10 31
34 10 32
34 11 11
34 11 12
34 11 13
34 11 30
34 11 31
34 12 12
34 12 13
34 12 30
34 12 31
34 13 12
34 13 13
34 13 14
34 13 30
34 13 31
34 14 13
34 14 14
34 14 29
34 14 30
34 14 31
34 15 13
34 15 14
34 15 15
34 15 29
34 15 30
34 15 31
34 16 14
34 16 15
34 16 29
34 16 30
34 17 14
34 17 15
34 17 16
34 17 29
34 17 30
34 18 15
34 18 16
34 18 17
34 18 29
34 18 30
34 19 15
34 19 16
34 19 17
34 19 28
34 19 29
34 20 16
34 20 17
34 20 18
34 20 28
34 20 29
34 21 17
34 21 18
34 21 19
34 21 28
34 21 29
34 22 17
34 22 18
34 22 19
34 22 27
34 22 28
34 22 29
34 23 18
34 23 19
34 23 27
34 23 28
34 24 18
34 24 19
34 24 20
34 24 27
34 24 28
34 25 19
34 25 20
34 25 21
34 25 27
34 25 28
34 26 19
34 26 20
34 26 21
34 26 26
34 26 27
34 27 20
34 27 21
34 27 22
34 27 26
34 27 27
34 28 20
34 28 21
34 28 22
34 28 23
34 28 24
34 28 26
34 28 27
34 29 20
34 29 21
34 29 22
34 29 23
34 29 24
34 29 25
34 29 26
34 29 27
34 30 21
34 30 22
34 30 23
34 30 24
34 30 25
34 30 26
34 30 27
34 31 23
34 31 24
34 31 25
34 31 26
34 31 27
34 32 23
34 32 24
34 32 25
34 32 26
34 32 27
34 33 23
34 33 24
34 33 25
34 34 24
34 34 25
34 34 26
34 35 25
34 35 26
34 36 25
34 36 26
34 36 27
34 37 26
34 37 27
34 38 26
34 38 27
34 38 28
34 39 27
34 39 28
34 39 29
34 40 27
34 40 28
34 40 29
34 41 28
34 41 29
34 42 29
34 42 30
34 43 29
34 43 30
34 43 31
34 44 29
34 44 30
34 44 31
34 45 30
34 45 31
34 45 32
34 46 31
34 46 32
34 46 33
34 47 31
34 47 32
34 47 33
34 48 32
34 48 33
34 48 34
34 49 33
34 49 34
34 50 33
34 50 34
34 50 35
34 51 33
34 51 34
34 51 35
34 52 34
34 52 35
34 52 36
34 53 35
34 53 36
34 54 35
34 54 36
34 54 37
34 55 36
34 55 37
34 56 37
