0 42 5
0 42 6
0 42 30
0 42 31
0 43 4
0 43 5
0 43 6
0 43 29
0 43 30
0 43 31
0 44 5
0 44 6
0 44 30
0 44 31
1 41 6
1 41 7
1 41 30
1 41 31
1 42 4
1 42 5
1 42 6
1 42 7
1 42 29
1 42 30
1 42 31
1 43 4
1 43 5
1 43 6
1 43 7
1 43 29
1 43 30
1 43 31
1 44 4
1 44 5
1 44 6
1 44 29
1 44 30
1 44 31
2 40 6
2 40 7
2 40 8
2 40 29
2 40 30
2 40 31
2 41 5
2 41 6
2 41 7
2 41 8
2 41 29
2 41 30
2 41 31
2 42 4
2 42 5
2 42 6
2 42 7
2 42 29
2 42 30
2 42 31
2 43 4
2 43 5
2 43 6
2 43 7
2 43 29
2 43 30
2 43 31
2 44 5
2 44 6
2 44 30
2 44 31
3 38 8
3 38 9
3 38 29
3 38 30
3 39 6
3 39 7
3 39 8
3 39 9
3 39 28
3 39 29
3 39 30
3 40 6
3 40 7
3 40 8
3 40 9
3 40 28
3 40 29
3 40 30
3 40 31
3 41 5
3 41 6
3 41 7
3 41 8
3 41 29
3 41 30
3 41 31
3 42 5
3 42 6
3 42 7
3 42 29
3 42 30
3 42 31
3 43 6
3 43 7
3 43 30
3 43 31
4 37 9
4 37 10
4 37 29
4 37 30
4 38 7
4 38 8
4 38 9
4 38 10
4 38 27
4 38 28
4 38 29
4 38 30
4 39 7
4 39 8
4 39 9
4 39 10
4 39 28
4 39 29
4 39 30
4 40 6
4 40 7
4 40 8
4 40 9
4 40 28
4 40 29
4 40 30
4 40 31
4 41 6
4 41 7
4 41 8
4 41 9
4 41 28
4 41 29
4 41 30
4 41 31
5 36 9
5 36 10
5 36 11
5 36 27
5 36 28
5 36 29
5 36 30
5 37 8
5 37 9
5 37 10
5 37 11
5 37 27
5 37 28
5 37 29
5 37 30
5 38 7
5 38 8
5 38 9
5 38 10
5 38 27
5 38 28
5 38 29
5 38 30
5 39 7
5 39 8
5 39 9
5 39 10
5 39 28
5 39 29
5 39 30
5 40 8
5 40 9
5 40 29
5 40 30
6 34 11
6 34 12
6 34 27
6 34 28
6 34 29
6 35 9
6 35 10
6 35 11
6 35 12
6 35 27
6 35 28
6 35 29
6 36 9
6 36 10
6 36 11
6 36 27
6 36 28
6 36 29
6 36 30
6 37 8
6 37 9
6 37 10
6 37 11
6 37 27
6 37 28
6 37 29
6 37 30
6 38 8
6 38 9
6 38 10
6 38 27
6 38 28
6 38 29
6 38 30
6 39 8
6 39 9
6 39 10
6 39 29
6 39 30
7 33 10
7 33 11
7 33 12
7 33 13
7 33 26
7 33 27
7 33 28
7 33 29
7 34 10
7 34 11
7 34 12
7 34 13
7 34 26
7 34 27
7 34 28
7 34 29
7 35 9
7 35 10
7 35 11
7 35 12
7 35 26
7 35 27
7 35 28
7 35 29
7 36 9
7 36 10
7 36 11
7 36 12
7 36 27
7 36 28
7 36 29
7 37 10
7 37 11
7 37 28
7 37 29
7 38 8
7 38 9
7 38 10
7 38 27
7 38 28
7 38 29
7 38 30
7 39 8
7 39 9
7 39 10
7 39 27
7 39 28
7 39 29
7 39 30
7 40 8
7 40 9
7 40 10
7 40 29
7 40 30
8 31 13
8 31 14
8 31 27
8 31 28
8 32 11
8 32 12
8 32 13
8 32 14
8 32 26
8 32 27
8 32 28
8 32 29
8 33 11
8 33 12
8 33 13
8 33 14
8 33 26
8 33 27
8 33 28
8 33 29
8 34 10
8 34 11
8 34 12
8 34 13
8 34 26
8 34 27
8 34 28
8 34 29
8 35 10
8 35 11
8 35 12
8 35 13
8 35 26
8 35 27
8 35 28
8 35 29
8 36 11
8 36 28
8 36 29
8 38 29
8 39 8
8 39 9
8 39 10
8 39 27
8 39 28
8 39 29
8 39 30
8 40 8
8 40 9
8 40 10
8 40 27
8 40 28
8 40 29
8 40 30
8 41 9
8 41 10
9 30 13
9 30 14
9 30 15
9 30 26
9 30 27
9 31 12
9 31 13
9 31 14
9 31 15
9 31 25
9 31 26
9 31 27
9 31 28
9 32 11
9 32 12
9 32 13
9 32 14
9 32 26
9 32 27
9 32 28
9 33 11
9 33 12
9 33 13
9 33 14
9 33 26
9 33 27
9 33 28
9 33 29
9 34 11
9 34 12
9 34 13
9 34 26
9 34 27
9 34 28
9 34 29
9 39 9
9 39 10
9 39 27
9 39 28
9 39 29
9 39 30
9 40 8
9 40 9
9 40 10
9 40 27
9 40 28
9 40 29
9 40 30
9 41 8
9 41 9
9 41 10
9 41 27
9 41 28
9 41 29
9 41 30
9 42 9
9 42 10
10 29 13
10 29 14
10 29 15
10 29 16
10 29 25
10 29 26
10 29 27
10 30 13
10 30 14
10 30 15
10 30 16
10 30 25
10 30 26
10 30 27
10 30 28
10 31 12
10 31 13
10 31 14
10 31 15
10 31 25
10 31 26
10 31 27
10 31 28
10 32 11
10 32 12
10 32 13
10 32 14
10 32 26
10 32 27
10 32 28
10 33 13
10 33 14
10 33 27
10 33 28
10 40 8
10 40 9
10 40 10
10 40 27
10 40 28
10 40 29
10 40 30
10 41 8
10 41 9
10 41 10
10 41 27
10 41 28
10 41 29
10 41 30
10 42 8
10 42 9
10 42 10
10 42 29
10 42 30
11 27 16
11 27 17
11 27 26
11 28 14
11 28 15
11 28 16
11 28 17
11 28 24
11 28 25
11 28 26
11 28 27
11 29 13
11 29 14
11 29 15
11 29 16
11 29 25
11 29 26
11 29 27
11 30 13
11 30 14
11 30 15
11 30 16
11 30 25
11 30 26
11 30 27
11 31 13
11 31 14
11 31 15
11 31 25
11 31 26
11 31 27
11 40 29
11 41 8
11 41 9
11 41 10
11 41 27
11 41 28
11 41 29
11 41 30
11 42 8
11 42 9
11 42 10
11 42 27
11 42 28
11 42 29
11 42 30
11 43 9
11 43 10
12 26 15
12 26 16
12 26 17
12 26 18
12 26 24
12 26 25
12 26 26
12 27 14
12 27 15
12 27 16
12 27 17
12 27 24
12 27 25
12 27 26
12 27 27
12 28 14
12 28 15
12 28 16
12 28 17
12 28 24
12 28 25
12 28 26
12 28 27
12 29 14
12 29 15
12 29 16
12 29 17
12 29 24
12 29 25
12 29 26
12 29 27
12 30 14
12 30 15
12 30 16
12 30 26
12 30 27
12 41 9
12 41 10
12 41 27
12 41 28
12 41 29
12 41 30
12 42 8
12 42 9
12 42 10
12 42 27
12 42 28
12 42 29
12 42 30
12 43 8
12 43 9
12 43 10
12 43 27
12 43 28
12 43 29
12 43 30
12 44 9
12 44 10
13 24 17
13 24 18
13 24 19
13 24 24
13 24 25
13 24 26
13 25 16
13 25 17
13 25 18
13 25 19
13 25 24
13 25 25
13 25 26
13 26 16
13 26 17
13 26 18
13 26 19
13 26 24
13 26 25
13 26 26
13 27 15
13 27 16
13 27 17
13 27 18
13 27 24
13 27 25
13 27 26
13 27 27
13 28 14
13 28 15
13 28 16
13 28 17
13 28 24
13 28 25
13 28 26
13 29 16
13 29 26
13 29 27
13 42 9
13 42 10
13 42 27
13 42 28
13 42 29
13 42 30
13 43 8
13 43 9
13 43 10
13 43 27
13 43 28
13 43 29
13 43 30
13 44 8
13 44 9
13 44 10
13 44 27
13 44 28
13 44 29
13 44 30
14 22 20
14 23 18
14 23 19
14 23 20
14 23 24
14 23 25
14 24 17
14 24 18
14 24 19
14 24 23
14 24 24
14 24 25
14 24 26
14 25 16
14 25 17
14 25 18
14 25 19
14 25 23
14 25 24
14 25 25
14 25 26
14 26 16
14 26 17
14 26 18
14 26 19
14 26 23
14 26 24
14 26 25
14 26 26
14 27 16
14 27 17
14 27 18
14 27 24
14 27 25
14 27 26
14 42 29
14 43 8
14 43 9
14 43 10
14 43 27
14 43 28
14 43 29
14 43 30
14 44 8
14 44 9
14 44 10
14 44 27
14 44 28
14 44 29
14 44 30
14 45 8
14 45 9
14 45 10
14 45 29
14 45 30
15 21 20
15 21 21
15 21 22
15 21 23
15 22 18
15 22 19
15 22 20
15 22 21
15 22 22
15 22 23
15 22 24
15 22 25
15 23 17
15 23 18
15 23 19
15 23 20
15 23 23
15 23 24
15 23 25
15 23 26
15 24 17
15 24 18
15 24 19
15 24 20
15 24 23
15 24 24
15 24 25
15 24 26
15 25 16
15 25 17
15 25 18
15 25 19
15 25 23
15 25 24
15 25 25
15 25 26
15 26 17
15 26 18
15 26 19
15 26 24
15 26 25
15 26 26
15 43 29
15 44 8
15 44 9
15 44 10
15 44 27
15 44 28
15 44 29
15 44 30
15 45 8
15 45 9
15 45 10
15 45 27
15 45 28
15 45 29
15 45 30
15 46 9
15 46 10
16 19 23
16 19 24
16 20 20
16 20 21
16 20 22
16 20 23
16 20 24
16 20 25
16 21 19
16 21 20
16 21 21
16 21 22
16 21 23
16 21 24
16 21 25
16 22 18
16 22 19
16 22 20
16 22 21
16 22 22
16 22 23
16 22 24
16 22 25
16 23 18
16 23 19
16 23 20
16 23 21
16 23 23
16 23 24
16 23 25
16 24 17
16 24 18
16 24 19
16 24 20
16 24 23
16 24 24
16 24 25
16 25 18
16 25 19
16 25 24
16 25 25
16 44 9
16 44 10
16 44 27
16 44 28
16 44 29
16 44 30
16 45 8
16 45 9
16 45 10
16 45 27
16 45 28
16 45 29
16 45 30
16 46 8
16 46 9
16 46 10
16 46 27
16 46 28
16 46 29
16 46 30
16 47 9
16 47 10
17 19 21
17 19 22
17 19 23
17 19 24
17 19 25
17 20 19
17 20 20
17 20 21
17 20 22
17 20 23
17 20 24
17 21 4
17 21 5
17 21 6
17 21 7
17 21 8
17 21 9
17 21 10
17 21 11
17 21 12
17 21 13
17 21 14
17 21 15
17 21 16
17 21 17
17 21 18
17 21 19
17 21 20
17 21 21
17 21 22
17 21 23
17 21 24
17 21 25
17 22 2
17 22 3
17 22 4
17 22 5
17 22 6
17 22 7
17 22 8
17 22 9
17 22 10
17 22 11
17 22 12
17 22 13
17 22 14
17 22 15
17 22 16
17 22 17
17 22 18
17 22 19
17 22 20
17 22 21
17 22 22
17 22 23
17 22 24
17 22 25
17 22 26
17 23 1
17 23 2
17 23 3
17 23 4
17 23 5
17 23 6
17 23 7
17 23 8
17 23 9
17 23 10
17 23 11
17 23 12
17 23 13
17 23 14
17 23 15
17 23 16
17 23 17
17 23 18
17 23 19
17 23 20
17 23 21
17 23 22
17 23 23
17 23 24
17 23 25
17 23 26
17 45 8
17 45 9
17 45 10
17 45 27
17 45 28
17 45 29
17 45 30
17 46 8
17 46 9
17 46 10
17 46 27
17 46 28
17 46 29
17 46 30
17 47 8
17 47 9
17 47 10
17 47 29
17 47 30
18 18 21
18 18 22
18 18 23
18 18 24
18 19 20
18 19 21
18 19 22
18 19 23
18 19 24
18 20 20
18 20 21
18 20 22
18 20 23
18 20 24
18 21 3
18 21 4
18 21 5
18 21 6
18 21 7
18 21 8
18 21 9
18 21 10
18 21 11
18 21 12
18 21 13
18 21 14
18 21 15
18 21 16
18 21 17
18 21 18
18 21 19
18 21 20
18 21 21
18 21 22
18 21 23
18 21 24
18 21 25
18 22 1
18 22 2
18 22 3
18 22 4
18 22 5
18 22 6
18 22 7
18 22 8
18 22 9
18 22 10
18 22 11
18 22 12
18 22 13
18 22 14
18 22 15
18 22 16
18 22 17
18 22 18
18 22 19
18 22 20
18 22 21
18 22 22
18 22 23
18 22 24
18 22 25
18 22 26
18 23 1
18 23 2
18 23 3
18 23 24
18 23 25
18 23 26
18 23 27
18 24 1
18 24 2
18 24 26
18 24 27
18 45 29
18 46 8
18 46 9
18 46 10
18 46 27
18 46 28
18 46 29
18 46 30
18 47 8
18 47 9
18 47 10
18 47 27
18 47 28
18 47 29
18 47 30
18 48 8
18 48 9
18 48 10
18 48 29
18 48 30
19 16 23
19 16 24
19 17 21
19 17 22
19 17 23
19 17 24
19 18 21
19 18 22
19 18 23
19 18 24
19 19 21
19 19 22
19 19 23
19 19 24
19 20 20
19 20 21
19 20 22
19 20 23
19 20 24
19 21 2
19 21 3
19 21 4
19 21 5
19 21 6
19 21 7
19 21 8
19 21 9
19 21 10
19 21 11
19 21 12
19 21 13
19 21 14
19 21 15
19 21 16
19 21 17
19 21 18
19 21 19
19 21 20
19 21 21
19 21 22
19 21 23
19 21 24
19 21 25
19 21 26
19 22 1
19 22 2
19 22 3
19 22 4
19 22 5
19 22 6
19 22 7
19 22 8
19 22 9
19 22 10
19 22 11
19 22 12
19 22 13
19 22 14
19 22 15
19 22 16
19 22 17
19 22 18
19 22 19
19 22 20
19 22 21
19 22 22
19 22 23
19 22 24
19 22 25
19 22 26
19 23 0
19 23 1
19 23 2
19 23 3
19 23 24
19 23 25
19 23 26
19 23 27
19 24 0
19 24 1
19 24 2
19 24 25
19 24 26
19 24 27
19 25 1
19 25 27
19 46 9
19 46 10
19 46 27
19 46 28
19 46 29
19 46 30
19 47 8
19 47 9
19 47 10
19 47 27
19 47 28
19 47 29
19 47 30
19 48 8
19 48 9
19 48 10
19 48 27
19 48 28
19 48 29
19 48 30
19 49 9
19 49 10
20 15 24
20 15 25
20 16 22
20 16 23
20 16 24
20 16 25
20 17 21
20 17 22
20 17 23
20 17 24
20 17 25
20 18 21
20 18 22
20 18 23
20 18 24
20 19 22
20 19 23
20 21 3
20 21 4
20 21 5
20 21 6
20 21 7
20 21 8
20 21 9
20 21 10
20 21 11
20 21 12
20 21 13
20 21 14
20 21 15
20 21 16
20 21 17
20 21 18
20 21 19
20 21 20
20 21 21
20 21 22
20 21 23
20 21 24
20 21 25
20 21 26
20 22 1
20 22 2
20 22 3
20 22 4
20 22 5
20 22 6
20 22 7
20 22 8
20 22 9
20 22 10
20 22 11
20 22 12
20 22 13
20 22 14
20 22 15
20 22 16
20 22 17
20 22 18
20 22 19
20 22 20
20 22 21
20 22 22
20 22 23
20 22 24
20 22 25
20 22 26
20 23 0
20 23 1
20 23 2
20 23 3
20 23 4
20 23 5
20 23 6
20 23 7
20 23 8
20 23 9
20 23 10
20 23 11
20 23 12
20 23 13
20 23 14
20 23 15
20 23 16
20 23 17
20 23 18
20 23 19
20 23 20
20 23 21
20 23 22
20 23 23
20 23 24
20 23 25
20 23 26
20 23 27
20 24 0
20 24 1
20 24 2
20 24 25
20 24 26
20 24 27
20 25 0
20 25 1
20 25 26
20 25 27
20 47 9
20 47 10
20 47 27
20 47 28
20 47 29
20 47 30
20 48 8
20 48 9
20 48 10
20 48 27
20 48 28
20 48 29
20 48 30
20 49 8
20 49 9
20 49 10
20 49 27
20 49 28
20 49 29
20 49 30
20 50 9
20 50 10
21 14 23
21 14 24
21 14 25
21 14 26
21 15 23
21 15 24
21 15 25
21 15 26
21 16 23
21 16 24
21 16 25
21 16 26
21 17 22
21 17 23
21 17 24
21 17 25
21 18 23
21 18 24
21 22 1
21 22 2
21 22 3
21 22 4
21 22 5
21 22 6
21 22 7
21 22 8
21 22 9
21 22 10
21 22 11
21 22 12
21 22 13
21 22 14
21 22 15
21 22 16
21 22 17
21 22 18
21 22 19
21 22 20
21 22 21
21 22 22
21 22 23
21 22 24
21 22 25
21 22 26
21 23 1
21 23 2
21 23 3
21 23 4
21 23 5
21 23 6
21 23 7
21 23 8
21 23 9
21 23 10
21 23 11
21 23 12
21 23 13
21 23 14
21 23 15
21 23 16
21 23 17
21 23 18
21 23 19
21 23 20
21 23 21
21 23 22
21 23 23
21 23 24
21 23 25
21 23 26
21 23 27
21 24 0
21 24 1
21 24 2
21 24 3
21 24 4
21 24 5
21 24 6
21 24 7
21 24 8
21 24 9
21 24 10
21 24 11
21 24 12
21 24 13
21 24 14
21 24 15
21 24 16
21 24 17
21 24 18
21 24 19
21 24 20
21 24 21
21 24 22
21 24 23
21 24 24
21 24 25
21 24 26
21 24 27
21 25 0
21 25 1
21 25 2
21 25 26
21 25 27
21 26 0
21 26 1
21 26 2
21 26 26
21 26 27
21 47 29
21 48 8
21 48 9
21 48 10
21 48 27
21 48 28
21 48 29
21 48 30
21 49 8
21 49 9
21 49 10
21 49 27
21 49 28
21 49 29
21 49 30
21 50 8
21 50 9
21 50 10
21 50 29
21 50 30
22 12 26
22 12 27
22 13 24
22 13 25
22 13 26
22 13 27
22 14 24
22 14 25
22 14 26
22 14 27
22 15 23
22 15 24
22 15 25
22 15 26
22 16 23
22 16 24
22 16 25
22 16 26
22 17 24
22 17 25
22 23 1
22 23 2
22 23 3
22 23 4
22 23 5
22 23 6
22 23 7
22 23 8
22 23 9
22 23 10
22 23 11
22 23 12
22 23 13
22 23 14
22 23 15
22 23 16
22 23 17
22 23 18
22 23 19
22 23 20
22 23 21
22 23 22
22 23 23
22 23 24
22 23 25
22 23 26
22 23 27
22 24 1
22 24 2
22 24 3
22 24 4
22 24 5
22 24 6
22 24 7
22 24 8
22 24 9
22 24 10
22 24 11
22 24 12
22 24 13
22 24 14
22 24 15
22 24 16
22 24 17
22 24 18
22 24 19
22 24 20
22 24 21
22 24 22
22 24 23
22 24 24
22 24 25
22 24 26
22 24 27
22 25 0
22 25 1
22 25 2
22 25 3
22 25 4
22 25 5
22 25 6
22 25 7
22 25 8
22 25 9
22 25 10
22 25 11
22 25 12
22 25 13
22 25 14
22 25 15
22 25 16
22 25 17
22 25 18
22 25 19
22 25 20
22 25 21
22 25 22
22 25 23
22 25 24
22 25 25
22 25 26
22 25 27
22 26 0
22 26 1
22 26 2
22 26 26
22 26 27
22 27 1
22 27 27
22 48 29
22 49 8
22 49 9
22 49 10
22 49 27
22 49 28
22 49 29
22 49 30
22 50 8
22 50 9
22 50 10
22 50 27
22 50 28
22 50 29
22 50 30
22 51 8
22 51 9
22 51 10
22 51 29
22 51 30
23 11 26
23 11 27
23 11 28
23 12 25
23 12 26
23 12 27
23 12 28
23 13 24
23 13 25
23 13 26
23 13 27
23 14 24
23 14 25
23 14 26
23 14 27
23 15 25
23 15 26
23 23 2
23 23 3
23 23 4
23 23 5
23 23 6
23 23 7
23 23 8
23 23 9
23 23 10
23 23 11
23 23 12
23 23 13
23 23 14
23 23 15
23 23 16
23 23 17
23 23 18
23 23 19
23 23 20
23 23 21
23 23 22
23 23 23
23 23 24
23 23 25
23 23 26
23 24 1
23 24 2
23 24 3
23 24 4
23 24 5
23 24 6
23 24 7
23 24 8
23 24 9
23 24 10
23 24 11
23 24 12
23 24 13
23 24 14
23 24 15
23 24 16
23 24 17
23 24 18
23 24 19
23 24 20
23 24 21
23 24 22
23 24 23
23 24 24
23 24 25
23 24 26
23 24 27
23 25 1
23 25 2
23 25 3
23 25 4
23 25 5
23 25 6
23 25 7
23 25 8
23 25 9
23 25 10
23 25 11
23 25 12
23 25 13
23 25 14
23 25 15
23 25 16
23 25 17
23 25 18
23 25 19
23 25 20
23 25 21
23 25 22
23 25 23
23 25 24
23 25 25
23 25 26
23 25 27
23 26 0
23 26 1
23 26 2
23 26 25
23 26 26
23 26 27
23 27 0
23 27 1
23 27 2
23 27 26
23 27 27
23 49 9
23 49 10
23 49 27
23 49 28
23 49 29
23 49 30
23 50 8
23 50 9
23 50 10
23 50 27
23 50 28
23 50 29
23 50 30
23 51 8
23 51 9
23 51 10
23 51 27
23 51 28
23 51 29
23 51 30
23 52 9
23 52 10
23 60 5
23 60 6
23 60 30
23 60 31
24 9 28
24 9 29
24 10 26
24 10 27
24 10 28
24 10 29
24 11 26
24 11 27
24 11 28
24 11 29
24 12 25
24 12 26
24 12 27
24 12 28
24 13 25
24 13 26
24 13 27
24 13 28
24 14 26
24 14 27
24 24 1
24 24 2
24 24 3
24 24 4
24 24 5
24 24 6
24 24 7
24 24 8
24 24 9
24 24 10
24 24 11
24 24 12
24 24 13
24 24 14
24 24 15
24 24 16
24 24 17
24 24 18
24 24 19
24 24 20
24 24 21
24 24 22
24 24 23
24 24 24
24 24 25
24 24 26
24 25 1
24 25 2
24 25 3
24 25 4
24 25 5
24 25 6
24 25 7
24 25 8
24 25 9
24 25 10
24 25 11
24 25 12
24 25 13
24 25 14
24 25 15
24 25 16
24 25 17
24 25 18
24 25 19
24 25 20
24 25 21
24 25 22
24 25 23
24 25 24
24 25 25
24 25 26
24 25 27
24 26 0
24 26 1
24 26 2
24 26 3
24 26 4
24 26 5
24 26 6
24 26 7
24 26 8
24 26 9
24 26 10
24 26 11
24 26 12
24 26 13
24 26 14
24 26 15
24 26 16
24 26 17
24 26 18
24 26 19
24 26 20
24 26 21
24 26 22
24 26 23
24 26 24
24 26 25
24 26 26
24 26 27
24 27 0
24 27 1
24 27 2
24 27 26
24 27 27
24 28 0
24 28 1
24 28 2
24 28 26
24 28 27
24 50 9
24 50 10
24 50 27
24 50 28
24 50 29
24 50 30
24 51 8
24 51 9
24 51 10
24 51 27
24 51 28
24 51 29
24 51 30
24 52 8
24 52 9
24 52 10
24 52 27
24 52 28
24 52 29
24 52 30
24 58 6
24 58 7
24 58 30
24 58 31
24 59 4
24 59 5
24 59 6
24 59 7
24 59 29
24 59 30
24 59 31
24 60 4
24 60 5
24 60 6
24 60 7
24 60 29
24 60 30
24 60 31
25 8 29
25 8 30
25 9 27
25 9 28
25 9 29
25 9 30
25 10 27
25 10 28
25 10 29
25 10 30
25 11 26
25 11 27
25 11 28
25 11 29
25 12 26
25 12 27
25 12 28
25 12 29
25 25 1
25 25 2
25 25 3
25 25 4
25 25 5
25 25 6
25 25 7
25 25 8
25 25 9
25 25 10
25 25 11
25 25 12
25 25 13
25 25 14
25 25 15
25 25 16
25 25 17
25 25 18
25 25 19
25 25 20
25 25 21
25 25 22
25 25 23
25 25 24
25 25 25
25 25 26
25 26 1
25 26 2
25 26 3
25 26 4
25 26 5
25 26 6
25 26 7
25 26 8
25 26 9
25 26 10
25 26 11
25 26 12
25 26 13
25 26 14
25 26 15
25 26 16
25 26 17
25 26 18
25 26 19
25 26 20
25 26 21
25 26 22
25 26 23
25 26 24
25 26 25
25 26 26
25 26 27
25 27 0
25 27 1
25 27 2
25 27 3
25 27 4
25 27 5
25 27 6
25 27 7
25 27 8
25 27 9
25 27 10
25 27 11
25 27 12
25 27 13
25 27 14
25 27 15
25 27 16
25 27 17
25 27 18
25 27 19
25 27 20
25 27 21
25 27 22
25 27 23
25 27 24
25 27 25
25 27 26
25 27 27
25 28 0
25 28 1
25 28 2
25 28 26
25 28 27
25 29 1
25 29 27
25 50 29
25 51 8
25 51 9
25 51 10
25 51 27
25 51 28
25 51 29
25 51 30
25 52 8
25 52 9
25 52 10
25 52 27
25 52 28
25 52 29
25 52 30
25 53 8
25 53 9
25 53 10
25 53 29
25 53 30
25 57 6
25 57 7
25 57 8
25 57 29
25 57 30
25 57 31
25 58 5
25 58 6
25 58 7
25 58 29
25 58 30
25 58 31
25 59 4
25 59 5
25 59 6
25 59 7
25 59 29
25 59 30
25 59 31
25 60 4
25 60 5
25 60 6
25 60 7
25 60 29
25 60 30
25 60 31
26 7 29
26 7 30
26 7 31
26 8 28
26 8 29
26 8 30
26 8 31
26 9 27
26 9 28
26 9 29
26 9 30
26 10 27
26 10 28
26 10 29
26 10 30
26 11 28
26 11 29
26 25 2
26 25 3
26 25 4
26 25 5
26 25 6
26 25 7
26 25 8
26 25 9
26 25 10
26 25 11
26 25 12
26 25 13
26 25 14
26 25 15
26 25 16
26 25 17
26 25 18
26 25 19
26 25 20
26 25 21
26 25 22
26 25 23
26 25 24
26 25 25
26 25 26
26 26 1
26 26 2
26 26 3
26 26 4
26 26 5
26 26 6
26 26 7
26 26 8
26 26 9
26 26 10
26 26 11
26 26 12
26 26 13
26 26 14
26 26 15
26 26 16
26 26 17
26 26 18
26 26 19
26 26 20
26 26 21
26 26 22
26 26 23
26 26 24
26 26 25
26 26 26
26 26 27
26 27 1
26 27 2
26 27 3
26 27 4
26 27 5
26 27 6
26 27 7
26 27 8
26 27 9
26 27 10
26 27 11
26 27 12
26 27 13
26 27 14
26 27 15
26 27 16
26 27 17
26 27 18
26 27 19
26 27 20
26 27 21
26 27 22
26 27 23
26 27 24
26 27 25
26 27 26
26 27 27
26 28 0
26 28 1
26 28 2
26 28 25
26 28 26
26 28 27
26 29 0
26 29 1
26 29 2
26 29 26
26 29 27
26 30 1
26 30 27
26 51 29
26 52 8
26 52 9
26 52 10
26 52 27
26 52 28
26 52 29
26 52 30
26 53 8
26 53 9
26 53 10
26 53 27
26 53 28
26 53 29
26 53 30
26 54 9
26 54 10
26 56 6
26 56 7
26 56 8
26 56 9
26 56 28
26 56 29
26 56 30
26 57 6
26 57 7
26 57 8
26 57 9
26 57 28
26 57 29
26 57 30
26 57 31
26 58 5
26 58 6
26 58 7
26 58 8
26 58 29
26 58 30
26 58 31
26 59 5
26 59 6
26 59 7
26 59 29
26 59 30
26 59 31
26 60 6
26 60 30
26 60 31
27 5 31
27 5 32
27 6 29
27 6 30
27 6 31
27 6 32
27 7 29
27 7 30
27 7 31
27 8 28
27 8 29
27 8 30
27 8 31
27 9 28
27 9 29
27 9 30
27 9 31
27 26 2
27 26 3
27 26 4
27 26 5
27 26 6
27 26 7
27 26 8
27 26 9
27 26 10
27 26 11
27 26 12
27 26 13
27 26 14
27 26 15
27 26 16
27 26 17
27 26 18
27 26 19
27 26 20
27 26 21
27 26 22
27 26 23
27 26 24
27 26 25
27 26 26
27 27 1
27 27 2
27 27 3
27 27 4
27 27 5
27 27 6
27 27 7
27 27 8
27 27 9
27 27 10
27 27 11
27 27 12
27 27 13
27 27 14
27 27 15
27 27 16
27 27 17
27 27 18
27 27 19
27 27 20
27 27 21
27 27 22
27 27 23
27 27 24
27 27 25
27 27 26
27 27 27
27 28 0
27 28 1
27 28 2
27 28 3
27 28 4
27 28 5
27 28 6
27 28 7
27 28 8
27 28 9
27 28 10
27 28 11
27 28 12
27 28 13
27 28 14
27 28 15
27 28 16
27 28 17
27 28 18
27 28 19
27 28 20
27 28 21
27 28 22
27 28 23
27 28 24
27 28 25
27 28 26
27 28 27
27 29 0
27 29 1
27 29 2
27 29 25
27 29 26
27 29 27
27 30 0
27 30 1
27 30 2
27 30 26
27 30 27
27 52 9
27 52 10
27 52 27
27 52 28
27 52 29
27 52 30
27 53 8
27 53 9
27 53 10
27 53 27
27 53 28
27 53 29
27 53 30
27 54 8
27 54 9
27 54 10
27 54 27
27 54 28
27 54 29
27 54 30
27 55 7
27 55 8
27 55 9
27 55 10
27 55 28
27 55 29
27 55 30
27 56 6
27 56 7
27 56 8
27 56 9
27 56 10
27 56 28
27 56 29
27 56 30
27 57 6
27 57 7
27 57 8
27 57 9
27 57 28
27 57 29
27 57 30
27 57 31
27 58 7
27 58 8
27 58 29
27 58 30
27 58 31
27 59 7
27 59 30
27 59 31
28 4 31
28 4 32
28 4 33
28 5 30
28 5 31
28 5 32
28 5 33
28 6 29
28 6 30
28 6 31
28 6 32
28 7 29
28 7 30
28 7 31
28 7 32
28 8 29
28 8 30
28 8 31
28 27 1
28 27 2
28 27 3
28 27 4
28 27 5
28 27 6
28 27 7
28 27 8
28 27 9
28 27 10
28 27 11
28 27 12
28 27 13
28 27 14
28 27 15
28 27 16
28 27 17
28 27 18
28 27 19
28 27 20
28 27 21
28 27 22
28 27 23
28 27 24
28 27 25
28 27 26
28 28 1
28 28 2
28 28 3
28 28 4
28 28 5
28 28 6
28 28 7
28 28 8
28 28 9
28 28 10
28 28 11
28 28 12
28 28 13
28 28 14
28 28 15
28 28 16
28 28 17
28 28 18
28 28 19
28 28 20
28 28 21
28 28 22
28 28 23
28 28 24
28 28 25
28 28 26
28 28 27
28 29 0
28 29 1
28 29 2
28 29 3
28 29 4
28 29 5
28 29 6
28 29 7
28 29 8
28 29 9
28 29 10
28 29 11
28 29 12
28 29 13
28 29 14
28 29 15
28 29 16
28 29 17
28 29 18
28 29 19
28 29 20
28 29 21
28 29 22
28 29 23
28 29 24
28 29 25
28 29 26
28 29 27
28 30 0
28 30 1
28 30 2
28 30 26
28 30 27
28 31 0
28 31 1
28 31 2
28 31 26
28 31 27
28 53 8
28 53 9
28 53 10
28 53 11
28 53 27
28 53 28
28 53 29
28 53 30
28 54 7
28 54 8
28 54 9
28 54 10
28 54 27
28 54 28
28 54 29
28 54 30
28 55 7
28 55 8
28 55 9
28 55 10
28 55 27
28 55 28
28 55 29
28 55 30
28 56 7
28 56 8
28 56 9
28 56 10
28 56 28
28 56 29
28 56 30
28 57 7
28 57 8
28 57 9
28 57 29
28 57 30
29 3 31
29 3 32
29 3 33
29 3 34
29 4 30
29 4 31
29 4 32
29 4 33
29 4 34
29 5 30
29 5 31
29 5 32
29 5 33
29 6 30
29 6 31
29 6 32
29 6 33
29 7 30
29 7 31
29 7 32
29 8 30
29 8 31
29 8 32
29 9 31
29 28 1
29 28 2
29 28 3
29 28 4
29 28 5
29 28 6
29 28 7
29 28 8
29 28 9
29 28 10
29 28 11
29 28 12
29 28 13
29 28 14
29 28 15
29 28 16
29 28 17
29 28 18
29 28 19
29 28 20
29 28 21
29 28 22
29 28 23
29 28 24
29 28 25
29 28 26
29 29 1
29 29 2
29 29 3
29 29 4
29 29 5
29 29 6
29 29 7
29 29 8
29 29 9
29 29 10
29 29 11
29 29 12
29 29 13
29 29 14
29 29 15
29 29 16
29 29 17
29 29 18
29 29 19
29 29 20
29 29 21
29 29 22
29 29 23
29 29 24
29 29 25
29 29 26
29 29 27
29 30 0
29 30 1
29 30 2
29 30 3
29 30 4
29 30 5
29 30 6
29 30 7
29 30 8
29 30 9
29 30 10
29 30 11
29 30 12
29 30 13
29 30 14
29 30 15
29 30 16
29 30 17
29 30 18
29 30 19
29 30 20
29 30 21
29 30 22
29 30 23
29 30 24
29 30 25
29 30 26
29 30 27
29 31 0
29 31 1
29 31 2
29 31 26
29 31 27
29 32 1
29 32 27
29 52 9
29 52 10
29 52 11
29 52 12
29 52 27
29 52 28
29 52 29
29 53 9
29 53 10
29 53 11
29 53 27
29 53 28
29 53 29
29 53 30
29 54 8
29 54 9
29 54 10
29 54 11
29 54 27
29 54 28
29 54 29
29 54 30
29 55 8
29 55 9
29 55 10
29 55 27
29 55 28
29 55 29
29 55 30
29 56 9
29 56 29
29 56 30
30 1 34
30 2 32
30 2 33
30 2 34
30 3 31
30 3 32
30 3 33
30 3 34
30 4 31
30 4 32
30 4 33
30 4 34
30 5 31
30 5 32
30 5 33
30 6 30
30 6 31
30 6 32
30 6 33
30 7 30
30 7 31
30 7 32
30 8 30
30 8 31
30 8 32
30 9 30
30 9 31
30 9 32
30 29 1
30 29 2
30 29 3
30 29 4
30 29 5
30 29 6
30 29 7
30 29 8
30 29 9
30 29 10
30 29 11
30 29 12
30 29 13
30 29 14
30 29 15
30 29 16
30 29 17
30 29 18
30 29 19
30 29 20
30 29 21
30 29 22
30 29 23
30 29 24
30 29 25
30 29 26
30 29 27
30 30 1
30 30 2
30 30 3
30 30 4
30 30 5
30 30 6
30 30 7
30 30 8
30 30 9
30 30 10
30 30 11
30 30 12
30 30 13
30 30 14
30 30 15
30 30 16
30 30 17
30 30 18
30 30 19
30 30 20
30 30 21
30 30 22
30 30 23
30 30 24
30 30 25
30 30 26
30 30 27
30 31 0
30 31 1
30 31 2
30 31 25
30 31 26
30 31 27
30 32 0
30 32 1
30 32 2
30 32 26
30 32 27
30 33 1
30 33 27
30 50 11
30 50 12
30 50 13
30 50 27
30 50 28
30 50 29
30 51 10
30 51 11
30 51 12
30 51 26
30 51 27
30 51 28
30 51 29
30 52 9
30 52 10
30 52 11
30 52 12
30 52 27
30 52 28
30 52 29
30 53 9
30 53 10
30 53 11
30 53 27
30 53 28
30 53 29
30 54 10
30 54 11
30 54 28
30 54 29
31 1 33
31 1 34
31 1 35
31 2 32
31 2 33
31 2 34
31 2 35
31 3 31
31 3 32
31 3 33
31 3 34
31 3 35
31 4 31
31 4 32
31 4 33
31 4 34
31 5 31
31 5 32
31 5 33
31 6 31
31 6 32
31 6 33
31 7 31
31 7 32
31 7 33
31 8 30
31 8 31
31 8 32
31 8 33
31 9 30
31 9 31
31 9 32
31 9 33
31 10 30
31 10 31
31 10 32
31 29 2
31 29 3
31 29 4
31 29 5
31 29 6
31 29 7
31 29 8
31 29 9
31 29 10
31 29 11
31 29 12
31 29 13
31 29 14
31 29 15
31 29 16
31 29 17
31 29 18
31 29 19
31 29 20
31 29 21
31 29 22
31 29 23
31 29 24
31 29 25
31 29 26
31 30 1
31 30 2
31 30 3
31 30 4
31 30 5
31 30 6
31 30 7
31 30 8
31 30 9
31 30 10
31 30 11
31 30 12
31 30 13
31 30 14
31 30 15
31 30 16
31 30 17
31 30 18
31 30 19
31 30 20
31 30 21
31 30 22
31 30 23
31 30 24
31 30 25
31 30 26
31 30 27
31 31 0
31 31 1
31 31 2
31 31 3
31 31 4
31 31 5
31 31 6
31 31 7
31 31 8
31 31 9
31 31 10
31 31 11
31 31 12
31 31 13
31 31 14
31 31 15
31 31 16
31 31 17
31 31 18
31 31 19
31 31 20
31 31 21
31 31 22
31 31 23
31 31 24
31 31 25
31 31 26
31 31 27
31 32 0
31 32 1
31 32 2
31 32 26
31 32 27
31 33 0
31 33 1
31 33 2
31 33 26
31 33 27
31 49 11
31 49 12
31 49 13
31 49 14
31 49 26
31 49 27
31 49 28
31 49 29
31 50 10
31 50 11
31 50 12
31 50 13
31 50 26
31 50 27
31 50 28
31 50 29
31 51 10
31 51 11
31 51 12
31 51 13
31 51 26
31 51 27
31 51 28
31 51 29
31 52 10
31 52 11
31 52 12
31 52 26
31 52 27
31 52 28
31 52 29
31 53 11
31 53 28
31 53 29
32 0 34
32 0 35
32 1 33
32 1 34
32 1 35
32 1 36
32 2 33
32 2 34
32 2 35
32 2 36
32 3 32
32 3 33
32 3 34
32 4 32
32 4 33
32 4 34
32 5 32
32 5 33
32 5 34
32 6 31
32 6 32
32 6 33
32 7 31
32 7 32
32 7 33
32 8 31
32 8 32
32 8 33
32 9 30
32 9 31
32 9 32
32 9 33
32 10 30
32 10 31
32 10 32
32 11 31
32 11 32
32 30 1
32 30 2
32 30 3
32 30 4
32 30 5
32 30 6
32 30 7
32 30 8
32 30 9
32 30 10
32 30 11
32 30 12
32 30 13
32 30 14
32 30 15
32 30 16
32 30 17
32 30 18
32 30 19
32 30 20
32 30 21
32 30 22
32 30 23
32 30 24
32 30 25
32 30 26
32 31 1
32 31 2
32 31 3
32 31 4
32 31 5
32 31 6
32 31 7
32 31 8
32 31 9
32 31 10
32 31 11
32 31 12
32 31 13
32 31 14
32 31 15
32 31 16
32 31 17
32 31 18
32 31 19
32 31 20
32 31 21
32 31 22
32 31 23
32 31 24
32 31 25
32 31 26
32 31 27
32 32 0
32 32 1
32 32 2
32 32 3
32 32 4
32 32 5
32 32 6
32 32 7
32 32 8
32 32 9
32 32 10
32 32 11
32 32 12
32 32 13
32 32 14
32 32 15
32 32 16
32 32 17
32 32 18
32 32 19
32 32 20
32 32 21
32 32 22
32 32 23
32 32 24
32 32 25
32 32 26
32 32 27
32 33 0
32 33 1
32 33 2
32 33 26
32 33 27
32 34 0
32 34 1
32 34 2
32 34 26
32 34 27
32 47 13
32 47 14
32 47 26
32 47 27
32 48 11
32 48 12
32 48 13
32 48 14
32 48 26
32 48 27
32 48 28
32 49 11
32 49 12
32 49 13
32 49 14
32 49 26
32 49 27
32 49 28
32 50 11
32 50 12
32 50 13
32 50 14
32 50 26
32 50 27
32 50 28
32 50 29
32 51 11
32 51 12
32 51 13
32 51 27
32 51 28
32 51 29
32 52 11
32 52 28
32 52 29
33 0 34
33 0 35
33 0 36
33 1 33
33 1 34
33 1 35
33 1 36
33 2 33
33 2 34
33 2 35
33 2 36
33 3 33
33 3 34
33 4 32
33 4 33
33 4 34
33 5 32
33 5 33
33 5 34
33 6 32
33 6 33
33 6 34
33 7 32
33 7 33
33 7 34
33 8 31
33 8 32
33 8 33
33 9 31
33 9 32
33 9 33
33 10 30
33 10 31
33 10 32
33 10 33
33 11 30
33 11 31
33 11 32
33 31 1
33 31 2
33 31 3
33 31 4
33 31 5
33 31 6
33 31 7
33 31 8
33 31 9
33 31 10
33 31 11
33 31 12
33 31 13
33 31 14
33 31 15
33 31 16
33 31 17
33 31 18
33 31 19
33 31 20
33 31 21
33 31 22
33 31 23
33 31 24
33 31 25
33 31 26
33 31 27
33 32 1
33 32 2
33 32 3
33 32 4
33 32 5
33 32 6
33 32 7
33 32 8
33 32 9
33 32 10
33 32 11
33 32 12
33 32 13
33 32 14
33 32 15
33 32 16
33 32 17
33 32 18
33 32 19
33 32 20
33 32 21
33 32 22
33 32 23
33 32 24
33 32 25
33 32 26
33 32 27
33 33 0
33 33 1
33 33 2
33 33 25
33 33 26
33 33 27
33 34 0
33 34 1
33 34 2
33 34 26
33 34 27
33 35 1
33 35 27
33 46 14
33 46 15
33 46 16
33 46 26
33 46 27
33 47 13
33 47 14
33 47 15
33 47 25
33 47 26
33 47 27
33 47 28
33 48 12
33 48 13
33 48 14
33 48 15
33 48 25
33 48 26
33 48 27
33 48 28
33 49 12
33 49 13
33 49 14
33 49 26
33 49 27
33 49 28
33 50 12
33 50 13
33 50 26
33 50 27
33 50 28
34 0 34
34 0 35
34 0 36
34 1 34
34 1 35
34 1 36
34 2 33
34 2 34
34 2 35
34 2 36
34 3 33
34 3 34
34 3 35
34 4 33
34 4 34
34 5 33
34 5 34
34 6 32
34 6 33
34 6 34
34 7 32
34 7 33
34 7 34
34 8 32
34 8 33
34 8 34
34 9 31
34 9 32
34 9 33
34 10 31
34 10 32
34 10 33
34 11 30
34 11 31
34 11 32
34 12 30
34 12 31
34 12 32
34 31 2
34 31 3
34 31 4
34 31 5
34 31 6
34 31 7
34 31 8
34 31 9
34 31 10
34 31 11
34 31 12
34 31 13
34 31 14
34 31 15
34 31 16
34 31 17
34 31 18
34 31 19
34 31 20
34 31 21
34 31 22
34 31 23
34 31 24
34 31 25
34 31 26
34 32 1
34 32 2
34 32 3
34 32 4
34 32 5
34 32 6
34 32 7
34 32 8
34 32 9
34 32 10
34 32 11
34 32 12
34 32 13
34 32 14
34 32 15
34 32 16
34 32 17
34 32 18
34 32 19
34 32 20
34 32 21
34 32 22
34 32 23
34 32 24
34 32 25
34 32 26
34 32 27
34 33 1
34 33 2
34 33 3
34 33 4
34 33 5
34 33 6
34 33 7
34 33 8
34 33 9
34 33 10
34 33 11
34 33 12
34 33 13
34 33 14
34 33 15
34 33 16
34 33 17
34 33 18
34 33 19
34 33 20
34 33 21
34 33 22
34 33 23
34 33 24
34 33 25
34 33 26
34 33 27
34 34 0
34 34 1
34 34 2
34 34 25
34 34 26
34 34 27
34 35 0
34 35 1
34 35 2
34 35 26
34 35 27
34 45 14
34 45 15
34 45 16
34 45 25
34 45 26
34 45 27
34 46 13
34 46 14
34 46 15
34 46 16
34 46 25
34 46 26
34 46 27
34 47 13
34 47 14
34 47 15
34 47 16
34 47 25
34 47 26
34 47 27
34 48 13
34 48 14
34 48 15
34 48 25
34 48 26
34 48 27
34 49 14
34 49 27
34 49 28
35 0 34
35 0 35
35 0 36
35 1 34
35 1 35
35 1 36
35 2 34
35 2 35
35 2 36
35 3 33
35 3 34
35 3 35
35 4 33
35 4 34
35 4 35
35 5 33
35 5 34
35 5 35
35 6 33
35 6 34
35 7 32
35 7 33
35 7 34
35 8 32
35 8 33
35 8 34
35 9 31
35 9 32
35 9 33
35 9 34
35 10 31
35 10 32
35 10 33
35 11 30
35 11 31
35 11 32
35 11 33
35 12 30
35 12 31
35 12 32
35 13 31
35 13 32
35 32 1
35 32 2
35 32 3
35 32 4
35 32 5
35 32 6
35 32 7
35 32 8
35 32 9
35 32 10
35 32 11
35 32 12
35 32 13
35 32 14
35 32 15
35 32 16
35 32 17
35 32 18
35 32 19
35 32 20
35 32 21
35 32 22
35 32 23
35 32 24
35 32 25
35 32 26
35 33 1
35 33 2
35 33 3
35 33 4
35 33 5
35 33 6
35 33 7
35 33 8
35 33 9
35 33 10
35 33 11
35 33 12
35 33 13
35 33 14
35 33 15
35 33 16
35 33 17
35 33 18
35 33 19
35 33 20
35 33 21
35 33 22
35 33 23
35 33 24
35 33 25
35 33 26
35 33 27
35 34 0
35 34 1
35 34 2
35 34 3
35 34 4
35 34 5
35 34 6
35 34 7
35 34 8
35 34 9
35 34 10
35 34 11
35 34 12
35 34 13
35 34 14
35 34 15
35 34 16
35 34 17
35 34 18
35 34 19
35 34 20
35 34 21
35 34 22
35 34 23
35 34 24
35 34 25
35 34 26
35 34 27
35 35 0
35 35 1
35 35 2
35 35 26
35 35 27
35 36 0
35 36 1
35 36 2
35 36 26
35 36 27
35 43 16
35 43 17
35 43 25
35 43 26
35 44 14
35 44 15
35 44 16
35 44 17
35 44 24
35 44 25
35 44 26
35 44 27
35 45 14
35 45 15
35 45 16
35 45 17
35 45 24
35 45 25
35 45 26
35 45 27
35 46 14
35 46 15
35 46 16
35 46 17
35 46 24
35 46 25
35 46 26
35 46 27
35 47 14
35 47 15
35 47 16
35 47 26
35 47 27
35 48 14
35 48 26
35 48 27
36 0 36
36 1 34
36 1 35
36 1 36
36 2 34
36 2 35
36 2 36
36 3 33
36 3 34
36 3 35
36 3 36
36 4 33
36 4 34
36 4 35
36 5 33
36 5 34
36 5 35
36 6 33
36 6 34
36 6 35
36 7 33
36 7 34
36 8 32
36 8 33
36 8 34
36 9 32
36 9 33
36 9 34
36 10 31
36 10 32
36 10 33
36 11 31
36 11 32
36 11 33
36 12 30
36 12 31
36 12 32
36 12 33
36 13 30
36 13 31
36 13 32
36 14 31
36 33 1
36 33 2
36 33 3
36 33 4
36 33 5
36 33 6
36 33 7
36 33 8
36 33 9
36 33 10
36 33 11
36 33 12
36 33 13
36 33 14
36 33 15
36 33 16
36 33 17
36 33 18
36 33 19
36 33 20
36 33 21
36 33 22
36 33 23
36 33 24
36 33 25
36 33 26
36 34 1
36 34 2
36 34 3
36 34 4
36 34 5
36 34 6
36 34 7
36 34 8
36 34 9
36 34 10
36 34 11
36 34 12
36 34 13
36 34 14
36 34 15
36 34 16
36 34 17
36 34 18
36 34 19
36 34 20
36 34 21
36 34 22
36 34 23
36 34 24
36 34 25
36 34 26
36 34 27
36 35 0
36 35 1
36 35 2
36 35 3
36 35 4
36 35 5
36 35 6
36 35 7
36 35 8
36 35 9
36 35 10
36 35 11
36 35 12
36 35 13
36 35 14
36 35 15
36 35 16
36 35 17
36 35 18
36 35 19
36 35 20
36 35 21
36 35 22
36 35 23
36 35 24
36 35 25
36 35 26
36 35 27
36 36 0
36 36 1
36 36 2
36 36 26
36 36 27
36 37 1
36 37 27
36 42 16
36 42 17
36 42 18
36 42 24
36 42 25
36 42 26
36 43 15
36 43 16
36 43 17
36 43 18
36 43 24
36 43 25
36 43 26
36 44 15
36 44 16
36 44 17
36 44 18
36 44 24
36 44 25
36 44 26
36 44 27
36 45 14
36 45 15
36 45 16
36 45 17
36 45 24
36 45 25
36 45 26
36 45 27
36 46 15
36 46 16
36 46 25
36 46 26
36 46 27
37 1 34
37 1 35
37 1 36
37 2 34
37 2 35
37 2 36
37 3 34
37 3 35
37 3 36
37 4 34
37 4 35
37 4 36
37 5 33
37 5 34
37 5 35
37 6 33
37 6 34
37 6 35
37 7 33
37 7 34
37 7 35
37 8 33
37 8 34
37 9 32
37 9 33
37 9 34
37 10 31
37 10 32
37 10 33
37 10 34
37 11 31
37 11 32
37 11 33
37 12 31
37 12 32
37 12 33
37 13 30
37 13 31
37 13 32
37 14 30
37 14 31
37 14 32
37 15 31
37 33 2
37 33 3
37 33 4
37 33 5
37 33 6
37 33 7
37 33 8
37 33 9
37 33 10
37 33 11
37 33 12
37 33 13
37 33 14
37 33 15
37 33 16
37 33 17
37 33 18
37 33 19
37 33 20
37 33 21
37 33 22
37 33 23
37 33 24
37 33 25
37 33 26
37 34 1
37 34 2
37 34 3
37 34 4
37 34 5
37 34 6
37 34 7
37 34 8
37 34 9
37 34 10
37 34 11
37 34 12
37 34 13
37 34 14
37 34 15
37 34 16
37 34 17
37 34 18
37 34 19
37 34 20
37 34 21
37 34 22
37 34 23
37 34 24
37 34 25
37 34 26
37 34 27
37 35 1
37 35 2
37 35 3
37 35 4
37 35 5
37 35 6
37 35 7
37 35 8
37 35 9
37 35 10
37 35 11
37 35 12
37 35 13
37 35 14
37 35 15
37 35 16
37 35 17
37 35 18
37 35 19
37 35 20
37 35 21
37 35 22
37 35 23
37 35 24
37 35 25
37 35 26
37 35 27
37 36 0
37 36 1
37 36 2
37 36 3
37 36 25
37 36 26
37 36 27
37 37 0
37 37 1
37 37 2
37 37 25
37 37 26
37 37 27
37 38 1
37 38 2
37 40 18
37 40 19
37 40 24
37 40 25
37 41 17
37 41 18
37 41 19
37 41 23
37 41 24
37 41 25
37 41 26
37 42 16
37 42 17
37 42 18
37 42 19
37 42 23
37 42 24
37 42 25
37 42 26
37 43 16
37 43 17
37 43 18
37 43 19
37 43 24
37 43 25
37 43 26
37 44 16
37 44 17
37 44 18
37 44 24
37 44 25
37 44 26
37 45 16
37 45 25
37 45 26
38 1 36
38 2 34
38 2 35
38 2 36
38 3 34
38 3 35
38 3 36
38 4 34
38 4 35
38 4 36
38 5 34
38 5 35
38 5 36
38 6 33
38 6 34
38 6 35
38 7 33
38 7 34
38 7 35
38 8 33
38 8 34
38 8 35
38 9 32
38 9 33
38 9 34
38 10 32
38 10 33
38 10 34
38 11 31
38 11 32
38 11 33
38 11 34
38 12 31
38 12 32
38 12 33
38 13 30
38 13 31
38 13 32
38 13 33
38 14 30
38 14 31
38 14 32
38 15 30
38 15 31
38 15 32
38 34 2
38 34 3
38 34 4
38 34 5
38 34 6
38 34 7
38 34 8
38 34 9
38 34 10
38 34 11
38 34 12
38 34 13
38 34 14
38 34 15
38 34 16
38 34 17
38 34 18
38 34 19
38 34 20
38 34 21
38 34 22
38 34 23
38 34 24
38 34 25
38 34 26
38 35 1
38 35 2
38 35 3
38 35 4
38 35 5
38 35 6
38 35 7
38 35 8
38 35 9
38 35 10
38 35 11
38 35 12
38 35 13
38 35 14
38 35 15
38 35 16
38 35 17
38 35 18
38 35 19
38 35 20
38 35 21
38 35 22
38 35 23
38 35 24
38 35 25
38 35 26
38 36 1
38 36 2
38 36 3
38 36 4
38 36 5
38 36 6
38 36 7
38 36 8
38 36 9
38 36 10
38 36 11
38 36 12
38 36 13
38 36 14
38 36 15
38 36 16
38 36 17
38 36 18
38 36 19
38 36 20
38 36 21
38 36 22
38 36 23
38 36 24
38 36 25
38 36 26
38 36 27
38 37 1
38 37 2
38 37 3
38 37 24
38 37 25
38 37 26
38 37 27
38 38 1
38 38 2
38 38 3
38 38 4
38 38 24
38 38 25
38 38 26
38 38 27
38 39 19
38 39 20
38 39 24
38 39 25
38 40 17
38 40 18
38 40 19
38 40 20
38 40 23
38 40 24
38 40 25
38 40 26
38 41 17
38 41 18
38 41 19
38 41 20
38 41 23
38 41 24
38 41 25
38 41 26
38 42 16
38 42 17
38 42 18
38 42 19
38 42 20
38 42 23
38 42 24
38 42 25
38 42 26
38 43 17
38 43 18
38 43 24
38 43 25
38 43 26
39 2 35
39 2 36
39 3 34
39 3 35
39 3 36
39 4 34
39 4 35
39 4 36
39 5 34
39 5 35
39 5 36
39 6 34
39 6 35
39 6 36
39 7 33
39 7 34
39 7 35
39 8 33
39 8 34
39 8 35
39 9 33
39 9 34
39 9 35
39 10 32
39 10 33
39 10 34
39 11 32
39 11 33
39 11 34
39 12 31
39 12 32
39 12 33
39 13 31
39 13 32
39 13 33
39 14 30
39 14 31
39 14 32
39 14 33
39 15 30
39 15 31
39 15 32
39 16 31
39 35 1
39 35 2
39 35 3
39 35 4
39 35 5
39 35 6
39 35 7
39 35 8
39 35 9
39 35 10
39 35 11
39 35 12
39 35 13
39 35 14
39 35 15
39 35 16
39 35 17
39 35 18
39 35 19
39 35 20
39 35 21
39 35 22
39 35 23
39 35 24
39 35 25
39 35 26
39 36 1
39 36 2
39 36 3
39 36 4
39 36 5
39 36 6
39 36 7
39 36 8
39 36 9
39 36 10
39 36 11
39 36 12
39 36 13
39 36 14
39 36 15
39 36 16
39 36 17
39 36 18
39 36 19
39 36 20
39 36 21
39 36 22
39 36 23
39 36 24
39 36 25
39 36 26
39 37 1
39 37 2
39 37 3
39 37 4
39 37 5
39 37 6
39 37 7
39 37 8
39 37 9
39 37 10
39 37 11
39 37 12
39 37 13
39 37 14
39 37 15
39 37 16
39 37 17
39 37 18
39 37 19
39 37 20
39 37 21
39 37 22
39 37 23
39 37 24
39 37 25
39 37 26
39 37 27
39 38 1
39 38 2
39 38 3
39 38 4
39 38 5
39 38 6
39 38 7
39 38 8
39 38 9
39 38 10
39 38 11
39 38 12
39 38 13
39 38 14
39 38 15
39 38 16
39 38 17
39 38 18
39 38 19
39 38 20
39 38 21
39 38 22
39 38 23
39 38 24
39 38 25
39 38 26
39 38 27
39 39 3
39 39 4
39 39 5
39 39 6
39 39 7
39 39 8
39 39 9
39 39 10
39 39 11
39 39 12
39 39 13
39 39 14
39 39 15
39 39 16
39 39 17
39 39 18
39 39 19
39 39 20
39 39 21
39 39 22
39 39 23
39 39 24
39 39 25
39 40 17
39 40 18
39 40 19
39 40 20
39 40 21
39 40 22
39 40 23
39 40 24
39 40 25
39 40 26
39 41 17
39 41 18
39 41 19
39 41 20
39 41 21
39 41 23
39 41 24
39 41 25
39 42 18
39 42 19
39 42 24
39 42 25
39 42 26
40 3 35
40 3 36
40 4 34
40 4 35
40 4 36
40 5 34
40 5 35
40 5 36
40 6 34
40 6 35
40 6 36
40 7 34
40 7 35
40 7 36
40 8 33
40 8 34
40 8 35
40 9 33
40 9 34
40 9 35
40 10 33
40 10 34
40 10 35
40 11 32
40 11 33
40 11 34
40 12 31
40 12 32
40 12 33
40 12 34
40 13 31
40 13 32
40 13 33
40 14 31
40 14 32
40 14 33
40 15 30
40 15 31
40 15 32
40 16 30
40 16 31
40 16 32
40 17 31
40 36 3
40 36 4
40 36 5
40 36 6
40 36 7
40 36 8
40 36 9
40 36 10
40 36 11
40 36 12
40 36 13
40 36 14
40 36 15
40 36 16
40 36 17
40 36 18
40 36 19
40 36 20
40 36 21
40 36 22
40 36 23
40 36 24
40 36 25
40 37 3
40 37 4
40 37 5
40 37 6
40 37 7
40 37 8
40 37 9
40 37 10
40 37 11
40 37 12
40 37 13
40 37 14
40 37 15
40 37 16
40 37 17
40 37 18
40 37 19
40 37 20
40 37 21
40 37 22
40 37 23
40 37 24
40 37 25
40 37 26
40 38 3
40 38 4
40 38 5
40 38 6
40 38 7
40 38 8
40 38 9
40 38 10
40 38 11
40 38 12
40 38 13
40 38 14
40 38 15
40 38 16
40 38 17
40 38 18
40 38 19
40 38 20
40 38 21
40 38 22
40 38 23
40 38 24
40 38 25
40 39 4
40 39 5
40 39 6
40 39 7
40 39 8
40 39 9
40 39 10
40 39 11
40 39 12
40 39 13
40 39 14
40 39 15
40 39 16
40 39 17
40 39 18
40 39 19
40 39 20
40 39 21
40 39 22
40 39 23
40 39 24
40 39 25
40 40 18
40 40 19
40 40 20
40 40 21
40 40 22
40 40 23
40 40 24
40 40 25
40 41 19
40 41 20
40 41 21
40 41 22
40 41 24
40 41 25
41 3 36
41 4 34
41 4 35
41 4 36
41 5 34
41 5 35
41 5 36
41 6 34
41 6 35
41 6 36
41 7 34
41 7 35
41 7 36
41 8 34
41 8 35
41 8 36
41 9 33
41 9 34
41 9 35
41 10 33
41 10 34
41 10 35
41 11 32
41 11 33
41 11 34
41 12 32
41 12 33
41 12 34
41 13 31
41 13 32
41 13 33
41 13 34
41 14 31
41 14 32
41 14 33
41 15 30
41 15 31
41 15 32
41 15 33
41 16 30
41 16 31
41 16 32
41 17 30
41 17 31
41 17 32
41 35 21
41 35 22
41 35 23
41 36 20
41 36 21
41 36 22
41 36 23
41 36 24
41 37 20
41 37 21
41 37 22
41 37 23
41 37 24
41 38 19
41 38 20
41 38 21
41 38 22
41 38 23
41 38 24
41 39 20
41 39 21
41 39 22
41 39 23
41 39 24
41 39 25
41 40 21
41 40 22
41 40 23
41 40 24
42 4 36
42 5 34
42 5 35
42 5 36
42 6 34
42 6 35
42 6 36
42 7 34
42 7 35
42 7 36
42 8 34
42 8 35
42 8 36
42 9 34
42 9 35
42 9 36
42 10 33
42 10 34
42 10 35
42 11 33
42 11 34
42 11 35
42 12 32
42 12 33
42 12 34
42 13 32
42 13 33
42 13 34
42 14 31
42 14 32
42 14 33
42 15 31
42 15 32
42 15 33
42 16 30
42 16 31
42 16 32
42 16 33
42 17 30
42 17 31
42 17 32
42 18 30
42 18 31
42 34 21
42 34 22
42 34 23
42 34 24
42 35 21
42 35 22
42 35 23
42 35 24
42 36 20
42 36 21
42 36 22
42 36 23
42 36 24
42 37 20
42 37 21
42 37 22
42 37 23
42 37 24
42 38 21
42 38 23
42 38 24
43 5 35
43 5 36
43 6 34
43 6 35
43 6 36
43 7 34
43 7 35
43 7 36
43 8 34
43 8 35
43 8 36
43 9 34
43 9 35
43 9 36
43 10 33
43 10 34
43 10 35
43 10 36
43 11 33
43 11 34
43 11 35
43 12 33
43 12 34
43 12 35
43 13 32
43 13 33
43 13 34
43 14 32
43 14 33
43 14 34
43 15 31
43 15 32
43 15 33
43 16 31
43 16 32
43 16 33
43 17 30
43 17 31
43 17 32
43 17 33
43 18 30
43 18 31
43 18 32
43 19 30
43 19 31
43 32 23
43 32 24
43 32 25
43 33 22
43 33 23
43 33 24
43 33 25
43 34 21
43 34 22
43 34 23
43 34 24
43 35 21
43 35 22
43 35 23
43 35 24
43 36 21
43 36 22
43 36 23
43 36 24
44 6 35
44 6 36
44 7 34
44 7 35
44 7 36
44 8 34
44 8 35
44 8 36
44 9 34
44 9 35
44 9 36
44 10 34
44 10 35
44 10 36
44 11 33
44 11 34
44 11 35
44 12 33
44 12 34
44 12 35
44 13 33
44 13 34
44 14 32
44 14 33
44 14 34
44 15 31
44 15 32
44 15 33
44 15 34
44 16 31
44 16 32
44 16 33
44 17 31
44 17 32
44 17 33
44 18 30
44 18 31
44 18 32
44 19 30
44 19 31
44 19 32
44 31 24
44 31 25
44 31 26
44 32 23
44 32 24
44 32 25
44 32 26
44 33 23
44 33 24
44 33 25
44 33 26
44 34 22
44 34 23
44 34 24
44 34 25
44 35 23
45 6 36
45 7 34
45 7 35
45 7 36
45 8 34
45 8 35
45 8 36
45 9 34
45 9 35
45 9 36
45 10 34
45 10 35
45 10 36
45 11 34
45 11 35
45 11 36
45 12 33
45 12 34
45 12 35
45 13 33
45 13 34
45 13 35
45 14 32
45 14 33
45 14 34
45 15 31
45 15 32
45 15 33
45 15 34
45 16 31
45 16 32
45 16 33
45 16 34
45 17 31
45 17 32
45 17 33
45 18 30
45 18 31
45 18 32
45 18 33
45 19 30
45 19 31
45 19 32
45 20 30
45 20 31
45 29 26
45 29 27
45 30 24
45 30 25
45 30 26
45 30 27
45 31 23
45 31 24
45 31 25
45 31 26
45 31 27
45 32 23
45 32 24
45 32 25
45 32 26
45 33 24
45 33 25
45 34 24
46 7 36
46 8 34
46 8 35
46 8 36
46 9 34
46 9 35
46 9 36
46 10 34
46 10 35
46 10 36
46 11 34
46 11 35
46 11 36
46 12 33
46 12 34
46 12 35
46 13 33
46 13 34
46 13 35
46 14 33
46 14 34
46 14 35
46 15 32
46 15 33
46 15 34
46 16 31
46 16 32
46 16 33
46 16 34
46 17 31
46 17 32
46 17 33
46 18 31
46 18 32
46 18 33
46 19 30
46 19 31
46 19 32
46 19 33
46 20 30
46 20 31
46 20 32
46 21 30
46 21 31
46 28 26
46 28 27
46 28 28
46 29 25
46 29 26
46 29 27
46 29 28
46 30 24
46 30 25
46 30 26
46 30 27
46 31 24
46 31 25
46 31 26
46 31 27
46 32 24
46 32 25
46 32 26
47 8 35
47 8 36
47 9 34
47 9 35
47 9 36
47 10 34
47 10 35
47 10 36
47 11 34
47 11 35
47 11 36
47 12 34
47 12 35
47 12 36
47 13 33
47 13 34
47 13 35
47 14 33
47 14 34
47 14 35
47 15 32
47 15 33
47 15 34
47 16 32
47 16 33
47 16 34
47 17 31
47 17 32
47 17 33
47 17 34
47 18 31
47 18 32
47 18 33
47 19 30
47 19 31
47 19 32
47 19 33
47 20 30
47 20 31
47 20 32
47 21 30
47 21 31
47 21 32
47 22 30
47 22 31
47 27 27
47 27 28
47 27 29
47 28 26
47 28 27
47 28 28
47 28 29
47 29 25
47 29 26
47 29 27
47 29 28
47 30 25
47 30 26
47 30 27
47 31 26
47 31 27
48 9 34
48 9 35
48 9 36
48 10 34
48 10 35
48 10 36
48 11 34
48 11 35
48 11 36
48 12 34
48 12 35
48 12 36
48 13 33
48 13 34
48 13 35
48 14 33
48 14 34
48 14 35
48 15 33
48 15 34
48 15 35
48 16 32
48 16 33
48 16 34
48 17 32
48 17 33
48 17 34
48 18 31
48 18 32
48 18 33
48 19 31
48 19 32
48 19 33
48 20 30
48 20 31
48 20 32
48 20 33
48 21 30
48 21 31
48 21 32
48 22 30
48 22 31
48 26 27
48 26 28
48 26 29
48 26 30
48 27 26
48 27 27
48 27 28
48 27 29
48 28 26
48 28 27
48 28 28
48 28 29
48 29 26
48 29 27
48 29 28
48 30 27
49 9 36
49 10 34
49 10 35
49 10 36
49 11 34
49 11 35
49 11 36
49 12 34
49 12 35
49 12 36
49 13 34
49 13 35
49 13 36
49 14 33
49 14 34
49 14 35
49 15 33
49 15 34
49 15 35
49 16 32
49 16 33
49 16 34
49 17 32
49 17 33
49 17 34
49 18 31
49 18 32
49 18 33
49 18 34
49 19 31
49 19 32
49 19 33
49 20 30
49 20 31
49 20 32
49 20 33
49 21 30
49 21 31
49 21 32
49 22 30
49 22 31
49 23 30
49 23 31
49 24 29
49 24 30
49 24 31
49 25 28
49 25 29
49 25 30
49 25 31
49 26 27
49 26 28
49 26 29
49 26 30
49 27 27
49 27 28
49 27 29
49 27 30
49 28 27
49 28 28
49 28 29
50 10 35
50 10 36
50 11 34
50 11 35
50 11 36
50 12 34
50 12 35
50 12 36
50 13 34
50 13 35
50 13 36
50 14 33
50 14 34
50 14 35
50 15 33
50 15 34
50 15 35
50 16 33
50 16 34
50 17 32
50 17 33
50 17 34
50 18 32
50 18 33
50 18 34
50 19 31
50 19 32
50 19 33
50 20 31
50 20 32
50 20 33
50 21 30
50 21 31
50 21 32
50 22 30
50 22 31
50 22 32
50 23 29
50 23 30
50 23 31
50 24 29
50 24 30
50 24 31
50 25 28
50 25 29
50 25 30
50 25 31
50 26 28
50 26 29
50 26 30
50 27 29
51 11 35
51 11 36
51 12 34
51 12 35
51 12 36
51 13 34
51 13 35
51 13 36
51 14 34
51 14 35
51 14 36
51 15 33
51 15 34
51 15 35
51 16 33
51 16 34
51 16 35
51 17 32
51 17 33
51 17 34
51 18 32
51 18 33
51 18 34
51 19 31
51 19 32
51 19 33
51 19 34
51 20 31
51 20 32
51 20 33
51 21 30
51 21 31
51 21 32
51 21 33
51 22 30
51 22 31
51 22 32
51 22 33
51 23 29
51 23 30
51 23 31
51 23 32
51 24 29
51 24 30
51 24 31
51 25 29
51 25 30
51 25 31
51 26 30
52 11 36
52 12 34
52 12 35
52 12 36
52 13 34
52 13 35
52 13 36
52 14 34
52 14 35
52 14 36
52 15 33
52 15 34
52 15 35
52 15 36
52 16 33
52 16 34
52 16 35
52 17 33
52 17 34
52 18 32
52 18 33
52 18 34
52 19 31
52 19 32
52 19 33
52 19 34
52 20 31
52 20 32
52 20 33
52 20 34
52 21 30
52 21 31
52 21 32
52 21 33
52 22 30
52 22 31
52 22 32
52 22 33
52 23 30
52 23 31
52 23 32
52 23 33
52 24 30
52 24 31
53 12 36
53 13 34
53 13 35
53 13 36
53 14 34
53 14 35
53 14 36
53 15 34
53 15 35
53 15 36
53 16 33
53 16 34
53 16 35
53 16 36
53 17 33
53 17 34
53 17 35
53 18 32
53 18 33
53 18 34
53 18 35
53 19 32
53 19 33
53 19 34
53 20 31
53 20 32
53 20 33
53 20 34
53 21 31
53 21 32
53 21 33
53 21 34
53 22 30
53 22 31
53 22 32
53 22 33
53 23 31
54 13 35
54 13 36
54 14 34
54 14 35
54 14 36
54 15 34
54 15 35
54 15 36
54 16 33
54 16 34
54 16 35
54 16 36
54 17 33
54 17 34
54 17 35
54 17 36
54 18 33
54 18 34
54 18 35
54 19 32
54 19 33
54 19 34
54 19 35
54 20 31
54 20 32
54 20 33
54 20 34
54 21 32
54 21 33
54 22 32
55 14 35
55 14 36
55 15 34
55 15 35
55 15 36
55 16 34
55 16 35
55 16 36
55 17 33
55 17 34
55 17 35
55 17 36
55 18 33
55 18 34
55 18 35
55 19 33
55 19 34
55 19 35
