0 40 18
0 40 19
0 41 18
0 41 19
0 41 20
1 39 19
1 39 20
1 40 18
1 40 19
1 40 20
1 41 18
1 41 19
1 41 20
1 42 19
1 42 20
2 38 19
2 38 20
2 39 18
2 39 19
2 39 20
2 40 18
2 40 19
2 40 20
2 41 18
2 41 19
2 41 20
2 42 20
3 37 19
3 37 20
3 37 21
3 38 19
3 38 20
3 38 21
3 39 18
3 39 19
3 39 20
3 39 21
3 40 19
3 40 20
3 40 21
3 41 20
4 36 20
4 36 21
4 37 19
4 37 20
4 37 21
4 38 19
4 38 20
4 38 21
4 39 19
4 39 20
4 39 21
4 40 20
5 34 21
5 35 20
5 35 21
5 36 19
5 36 20
5 36 21
5 37 19
5 37 20
5 37 21
5 38 19
5 38 20
5 38 21
6 33 21
6 34 20
6 34 21
6 35 19
6 35 20
6 35 21
6 36 19
6 36 20
6 36 21
6 36 22
6 37 18
6 37 19
6 37 20
6 37 21
6 38 19
7 32 21
7 33 20
7 33 21
7 33 22
7 34 20
7 34 21
7 34 22
7 35 20
7 35 21
7 35 22
7 36 19
7 36 20
7 36 21
7 36 22
7 37 18
7 37 19
7 37 20
7 37 21
7 38 17
7 38 18
7 38 19
7 38 20
8 32 20
8 32 21
8 32 22
8 33 20
8 33 21
8 33 22
8 34 20
8 34 21
8 34 22
8 35 20
8 35 21
8 35 22
8 36 22
8 37 17
8 37 18
8 37 19
8 37 20
8 38 17
8 38 18
8 38 19
8 38 20
8 39 17
8 39 18
8 39 19
9 31 21
9 31 22
9 32 20
9 32 21
9 32 22
9 33 20
9 33 21
9 33 22
9 33 23
9 34 21
9 34 22
9 35 22
9 37 17
9 37 18
9 38 16
9 38 17
9 38 18
9 38 19
9 39 16
9 39 17
9 39 18
9 39 19
9 40 16
9 40 17
10 30 21
10 30 22
10 30 23
10 31 21
10 31 22
10 31 23
10 32 21
10 32 22
10 32 23
10 33 21
10 33 22
10 33 23
10 34 22
10 38 16
10 38 17
10 39 15
10 39 16
10 39 17
10 39 18
10 40 15
10 40 16
10 40 17
10 40 18
10 41 15
11 29 22
11 29 23
11 30 21
11 30 22
11 30 23
11 31 21
11 31 22
11 31 23
11 32 21
11 32 22
11 32 23
11 33 22
11 39 15
11 39 16
11 39 17
11 39 18
11 40 14
11 40 15
11 40 16
11 40 17
11 41 14
11 41 15
11 41 16
11 41 17
11 47 36
11 47 37
11 48 36
11 48 37
11 48 38
11 49 37
11 49 38
12 28 22
12 28 23
12 29 21
12 29 22
12 29 23
12 30 21
12 30 22
12 30 23
12 31 21
12 31 22
12 31 23
12 32 23
12 40 14
12 40 15
12 40 16
12 40 17
12 41 13
12 41 14
12 41 15
12 41 16
12 42 13
12 42 14
12 44 35
12 44 36
12 45 35
12 45 36
12 45 37
12 46 35
12 46 36
12 46 37
12 47 35
12 47 36
12 47 37
12 47 38
12 48 36
12 48 37
12 48 38
12 49 36
12 49 37
12 49 38
12 50 37
12 50 38
13 27 22
13 27 23
13 28 22
13 28 23
13 28 24
13 29 21
13 29 22
13 29 23
13 29 24
13 30 22
13 30 23
13 30 24
13 31 23
13 40 14
13 40 15
13 41 12
13 41 13
13 41 14
13 41 15
13 41 16
13 41 33
13 41 34
13 41 35
13 42 12
13 42 13
13 42 14
13 42 15
13 42 34
13 42 35
13 43 12
13 43 13
13 43 34
13 43 35
13 43 36
13 44 34
13 44 35
13 44 36
13 45 34
13 45 35
13 45 36
13 45 37
13 46 35
13 46 36
13 46 37
13 47 35
13 47 36
13 47 37
13 47 38
13 48 37
13 48 38
13 49 37
13 49 38
14 26 23
14 26 24
14 27 22
14 27 23
14 27 24
14 28 22
14 28 23
14 28 24
14 29 22
14 29 23
14 29 24
14 30 23
14 38 32
14 38 33
14 39 32
14 39 33
14 39 34
14 40 32
14 40 33
14 40 34
14 41 12
14 41 13
14 41 14
14 41 15
14 41 33
14 41 34
14 41 35
14 42 12
14 42 13
14 42 14
14 42 15
14 42 33
14 42 34
14 42 35
14 42 36
14 43 11
14 43 12
14 43 13
14 43 14
14 43 33
14 43 34
14 43 35
14 43 36
14 44 33
14 44 34
14 44 35
14 44 36
14 44 37
14 45 35
14 45 36
14 45 37
14 46 36
14 46 37
15 24 23
15 25 23
15 25 24
15 26 22
15 26 23
15 26 24
15 27 22
15 27 23
15 27 24
15 28 22
15 28 23
15 28 24
15 34 30
15 35 31
15 35 32
15 36 31
15 36 32
15 36 33
15 37 31
15 37 32
15 37 33
15 38 31
15 38 32
15 38 33
15 38 34
15 39 32
15 39 33
15 39 34
15 40 32
15 40 33
15 40 34
15 40 35
15 41 33
15 41 34
15 41 35
15 42 11
15 42 12
15 42 13
15 42 14
15 42 33
15 42 34
15 42 35
15 43 10
15 43 11
15 43 12
15 43 13
15 43 14
15 43 32
15 43 33
15 43 34
15 43 35
15 43 36
15 44 10
15 44 11
15 44 12
15 44 13
15 44 32
15 44 33
15 44 34
15 44 35
15 45 32
15 45 33
16 23 24
16 24 23
16 24 24
16 25 22
16 25 23
16 25 24
16 26 22
16 26 23
16 26 24
16 26 25
16 27 22
16 27 23
16 27 24
16 31 29
16 31 30
16 32 29
16 32 30
16 32 31
16 33 30
16 33 31
16 34 30
16 34 31
16 34 32
16 35 30
16 35 31
16 35 32
16 36 31
16 36 32
16 36 33
16 37 31
16 37 32
16 37 33
16 38 31
16 38 32
16 38 33
16 38 34
16 39 32
16 39 33
16 39 34
16 40 34
16 43 10
16 43 11
16 43 12
16 43 13
16 43 32
16 43 33
16 43 34
16 44 9
16 44 10
16 44 11
16 44 12
16 44 13
16 44 31
16 44 32
16 44 33
16 44 34
16 45 9
16 45 10
16 45 11
16 45 31
16 45 32
16 45 33
16 45 34
17 22 24
17 23 21
17 23 22
17 23 23
17 23 24
17 23 25
17 24 21
17 24 22
17 24 23
17 24 24
17 24 25
17 24 26
17 25 22
17 25 23
17 25 24
17 25 25
17 25 26
17 25 27
17 26 23
17 26 24
17 26 25
17 26 27
17 27 27
17 28 28
17 28 29
17 29 28
17 29 29
17 30 28
17 30 29
17 30 30
17 31 28
17 31 29
17 31 30
17 32 28
17 32 29
17 32 30
17 32 31
17 33 29
17 33 30
17 33 31
17 34 29
17 34 30
17 34 31
17 34 32
17 35 30
17 35 31
17 35 32
17 35 33
17 36 31
17 36 32
17 36 33
17 37 32
17 37 33
17 43 10
17 43 11
17 44 9
17 44 10
17 44 11
17 44 12
17 44 31
17 44 32
17 44 33
17 44 34
17 45 8
17 45 9
17 45 10
17 45 11
17 45 12
17 45 30
17 45 31
17 45 32
17 45 33
17 46 8
17 46 9
17 46 30
17 46 31
17 46 32
17 46 33
17 52 3
17 52 4
17 53 3
17 53 4
17 54 3
17 54 4
18 22 23
18 22 24
18 22 25
18 23 21
18 23 22
18 23 23
18 23 24
18 23 25
18 23 26
18 24 20
18 24 21
18 24 22
18 24 23
18 24 24
18 24 25
18 24 26
18 24 27
18 25 20
18 25 21
18 25 23
18 25 24
18 25 25
18 25 26
18 25 27
18 25 28
18 26 26
18 26 27
18 26 28
18 27 26
18 27 27
18 27 28
18 27 29
18 28 27
18 28 28
18 28 29
18 29 27
18 29 28
18 29 29
18 29 30
18 30 28
18 30 29
18 30 30
18 31 28
18 31 29
18 31 30
18 31 31
18 32 29
18 32 30
18 32 31
18 33 30
18 33 31
18 34 31
18 44 9
18 44 10
18 44 11
18 44 31
18 44 32
18 45 8
18 45 9
18 45 10
18 45 11
18 45 30
18 45 31
18 45 32
18 45 33
18 46 7
18 46 8
18 46 9
18 46 10
18 46 29
18 46 30
18 46 31
18 46 32
18 47 29
18 47 30
18 51 4
18 52 3
18 52 4
18 52 5
18 53 3
18 53 4
18 53 5
18 54 3
18 54 4
18 54 5
19 21 24
19 21 25
19 22 23
19 22 24
19 22 25
19 22 26
19 23 20
19 23 21
19 23 22
19 23 23
19 23 24
19 23 25
19 23 26
19 23 27
19 24 19
19 24 20
19 24 21
19 24 22
19 24 23
19 24 24
19 24 25
19 24 26
19 24 27
19 25 19
19 25 20
19 25 21
19 25 24
19 25 25
19 25 26
19 25 27
19 25 28
19 26 19
19 26 26
19 26 27
19 26 28
19 26 29
19 27 26
19 27 27
19 27 28
19 27 29
19 28 27
19 28 28
19 28 29
19 29 28
19 29 29
19 29 30
19 30 28
19 30 29
19 30 30
19 31 30
19 45 7
19 45 8
19 45 9
19 45 10
19 45 29
19 45 30
19 45 31
19 46 7
19 46 8
19 46 9
19 46 10
19 46 29
19 46 30
19 46 31
19 46 32
19 47 7
19 47 8
19 47 9
19 47 28
19 47 29
19 47 30
19 47 31
19 50 4
19 50 5
19 51 3
19 51 4
19 51 5
19 52 3
19 52 4
19 52 5
19 53 3
19 53 4
19 53 5
19 54 4
20 19 24
20 19 25
20 20 24
20 20 25
20 21 23
20 21 24
20 21 25
20 21 26
20 22 23
20 22 24
20 22 25
20 22 26
20 23 20
20 23 21
20 23 22
20 23 23
20 23 24
20 23 25
20 23 26
20 23 27
20 24 19
20 24 20
20 24 21
20 24 22
20 24 23
20 24 24
20 24 25
20 24 26
20 24 27
20 25 18
20 25 19
20 25 20
20 25 21
20 25 25
20 25 26
20 25 27
20 25 28
20 26 18
20 26 19
20 26 20
20 26 26
20 26 27
20 26 28
20 26 29
20 27 27
20 27 28
20 45 8
20 46 6
20 46 7
20 46 8
20 46 9
20 46 28
20 46 29
20 46 30
20 46 31
20 47 6
20 47 7
20 47 8
20 47 9
20 47 28
20 47 29
20 47 30
20 47 31
20 48 6
20 48 7
20 48 27
20 48 28
20 48 29
20 48 30
20 49 4
20 49 5
20 50 3
20 50 4
20 50 5
20 51 3
20 51 4
20 51 5
20 51 6
20 52 3
20 52 4
20 52 5
20 52 6
20 53 4
20 53 5
21 16 22
21 16 23
21 17 22
21 17 23
21 17 24
21 18 22
21 18 23
21 18 24
21 18 25
21 19 23
21 19 24
21 19 25
21 20 23
21 20 24
21 20 25
21 20 26
21 21 24
21 21 25
21 21 26
21 22 24
21 22 25
21 22 26
21 22 27
21 23 20
21 23 21
21 23 22
21 23 23
21 23 24
21 23 25
21 23 26
21 23 27
21 24 18
21 24 19
21 24 20
21 24 21
21 24 22
21 24 23
21 24 24
21 24 25
21 24 26
21 24 27
21 25 17
21 25 18
21 25 19
21 25 20
21 25 21
21 25 22
21 25 23
21 25 24
21 25 25
21 25 26
21 25 27
21 25 28
21 25 29
21 26 17
21 26 18
21 26 19
21 26 27
21 26 28
21 26 29
21 26 30
21 27 17
21 27 18
21 27 29
21 27 30
21 46 6
21 46 7
21 47 5
21 47 6
21 47 7
21 47 8
21 47 9
21 47 27
21 47 28
21 47 29
21 47 30
21 48 4
21 48 5
21 48 6
21 48 7
21 48 8
21 48 27
21 48 28
21 48 29
21 48 30
21 49 4
21 49 5
21 49 6
21 49 26
21 49 27
21 49 28
21 50 3
21 50 4
21 50 5
21 50 6
21 51 3
21 51 4
21 51 5
21 51 6
21 52 5
22 13 21
22 13 22
22 14 21
22 14 22
22 14 23
22 15 21
22 15 22
22 15 23
22 16 21
22 16 22
22 16 23
22 16 24
22 17 22
22 17 23
22 17 24
22 18 22
22 18 23
22 18 24
22 18 25
22 19 23
22 19 24
22 19 25
22 20 24
22 20 25
22 20 26
22 21 24
22 21 25
22 21 26
22 24 19
22 24 20
22 24 21
22 24 22
22 24 23
22 24 24
22 24 25
22 24 26
22 24 27
22 25 17
22 25 18
22 25 19
22 25 20
22 25 21
22 25 22
22 25 23
22 25 24
22 25 25
22 25 26
22 25 27
22 25 28
22 25 29
22 26 17
22 26 18
22 26 19
22 26 20
22 26 21
22 26 22
22 26 23
22 26 24
22 26 25
22 26 26
22 26 27
22 26 28
22 26 29
22 26 30
22 26 31
22 27 16
22 27 17
22 27 18
22 27 29
22 27 30
22 27 31
22 27 32
22 28 16
22 28 17
22 47 5
22 47 6
22 47 7
22 47 8
22 47 27
22 47 28
22 48 4
22 48 5
22 48 6
22 48 7
22 48 26
22 48 27
22 48 28
22 48 29
22 49 4
22 49 5
22 49 6
22 49 7
22 49 26
22 49 27
22 49 28
22 49 29
22 50 4
22 50 5
22 50 6
22 50 26
22 50 27
22 51 5
22 51 6
23 10 19
23 10 20
23 10 21
23 11 20
23 11 21
23 12 20
23 12 21
23 12 22
23 13 20
23 13 21
23 13 22
23 14 21
23 14 22
23 14 23
23 15 21
23 15 22
23 15 23
23 16 21
23 16 22
23 16 23
23 16 24
23 17 22
23 17 23
23 17 24
23 18 23
23 18 24
23 25 17
23 25 18
23 25 19
23 25 20
23 25 21
23 25 22
23 25 23
23 25 24
23 25 25
23 25 26
23 25 27
23 25 28
23 25 29
23 26 16
23 26 17
23 26 18
23 26 19
23 26 20
23 26 21
23 26 22
23 26 23
23 26 24
23 26 25
23 26 26
23 26 27
23 26 28
23 26 29
23 26 30
23 26 31
23 27 15
23 27 16
23 27 17
23 27 18
23 27 20
23 27 22
23 27 23
23 27 24
23 27 26
23 27 27
23 27 29
23 27 30
23 27 31
23 27 32
23 27 33
23 28 15
23 28 16
23 28 17
23 28 31
23 28 32
23 28 33
23 28 34
23 29 15
23 46 5
23 46 6
23 47 4
23 47 5
23 47 6
23 48 4
23 48 5
23 48 6
23 48 7
23 48 26
23 48 27
23 48 28
23 49 4
23 49 5
23 49 6
23 49 25
23 49 26
23 49 27
23 49 28
23 50 6
23 50 25
23 50 26
23 50 27
23 50 28
24 6 18
24 7 18
24 7 19
24 8 18
24 8 19
24 8 20
24 9 18
24 9 19
24 9 20
24 10 19
24 10 20
24 10 21
24 11 19
24 11 20
24 11 21
24 11 22
24 12 20
24 12 21
24 12 22
24 13 20
24 13 21
24 13 22
24 13 23
24 14 21
24 14 22
24 14 23
24 15 22
24 15 23
24 25 17
24 25 18
24 25 19
24 25 20
24 25 21
24 25 22
24 25 23
24 25 24
24 25 25
24 25 26
24 25 27
24 25 28
24 25 29
24 26 16
24 26 17
24 26 18
24 26 19
24 26 20
24 26 21
24 26 22
24 26 23
24 26 24
24 26 25
24 26 26
24 26 27
24 26 28
24 26 29
24 26 30
24 26 31
24 26 32
24 27 15
24 27 16
24 27 17
24 27 18
24 27 19
24 27 20
24 27 21
24 27 22
24 27 23
24 27 24
24 27 25
24 27 26
24 27 27
24 27 28
24 27 29
24 27 30
24 27 31
24 27 32
24 27 33
24 28 14
24 28 15
24 28 16
24 28 17
24 28 32
24 28 33
24 28 34
24 28 35
24 29 14
24 29 15
24 29 16
24 29 34
24 29 35
24 45 5
24 45 6
24 46 5
24 46 6
24 46 7
24 47 4
24 47 5
24 47 6
24 47 7
24 48 5
24 48 6
24 48 7
24 49 6
24 49 24
24 49 25
24 49 26
24 49 27
24 50 24
24 50 25
24 50 26
24 50 27
24 51 24
24 51 25
24 51 26
25 3 16
25 4 17
25 4 18
25 5 17
25 5 18
25 5 19
25 6 17
25 6 18
25 6 19
25 7 17
25 7 18
25 7 19
25 7 20
25 8 18
25 8 19
25 8 20
25 9 18
25 9 19
25 9 20
25 9 21
25 10 19
25 10 20
25 10 21
25 11 20
25 11 21
25 12 21
25 12 22
25 26 16
25 26 17
25 26 18
25 26 19
25 26 20
25 26 21
25 26 22
25 26 23
25 26 24
25 26 25
25 26 26
25 26 27
25 26 28
25 26 29
25 26 30
25 26 31
25 26 32
25 27 15
25 27 16
25 27 17
25 27 18
25 27 19
25 27 20
25 27 21
25 27 22
25 27 23
25 27 24
25 27 25
25 27 26
25 27 27
25 27 28
25 27 29
25 27 30
25 27 31
25 27 32
25 27 33
25 27 34
25 28 14
25 28 15
25 28 16
25 28 17
25 28 18
25 28 19
25 28 20
25 28 21
25 28 22
25 28 23
25 28 24
25 28 25
25 28 26
25 28 27
25 28 28
25 28 29
25 28 30
25 28 31
25 28 32
25 28 33
25 28 34
25 28 35
25 28 36
25 29 13
25 29 14
25 29 15
25 29 16
25 29 34
25 29 35
25 29 36
25 29 37
25 30 13
25 30 14
25 30 36
25 30 37
25 44 5
25 44 6
25 44 7
25 45 5
25 45 6
25 45 7
25 46 5
25 46 6
25 46 7
25 47 5
25 47 6
25 47 7
25 48 6
25 48 7
25 49 26
25 50 24
25 50 25
25 50 26
25 51 23
25 51 24
25 51 25
25 51 26
25 52 23
25 52 24
26 1 16
26 1 17
26 2 15
26 2 16
26 2 17
26 3 16
26 3 17
26 3 18
26 4 16
26 4 17
26 4 18
26 5 16
26 5 17
26 5 18
26 5 19
26 6 16
26 6 17
26 6 18
26 6 19
26 7 17
26 7 18
26 7 19
26 7 20
26 8 16
26 8 17
26 8 18
26 8 19
26 8 20
26 9 17
26 9 18
26 9 19
26 9 20
26 10 16
26 10 17
26 10 18
26 27 15
26 27 16
26 27 17
26 27 18
26 27 19
26 27 20
26 27 21
26 27 22
26 27 23
26 27 24
26 27 25
26 27 26
26 27 27
26 27 28
26 27 29
26 27 30
26 27 31
26 27 32
26 27 33
26 27 34
26 28 14
26 28 15
26 28 16
26 28 17
26 28 18
26 28 19
26 28 20
26 28 21
26 28 22
26 28 23
26 28 24
26 28 25
26 28 26
26 28 27
26 28 28
26 28 29
26 28 30
26 28 31
26 28 32
26 28 33
26 28 34
26 28 35
26 28 36
26 29 13
26 29 14
26 29 15
26 29 16
26 29 17
26 29 18
26 29 19
26 29 20
26 29 21
26 29 22
26 29 23
26 29 24
26 29 25
26 29 26
26 29 27
26 29 28
26 29 29
26 29 30
26 29 31
26 29 32
26 29 33
26 29 34
26 29 35
26 29 36
26 29 37
26 29 38
26 30 12
26 30 13
26 30 14
26 30 15
26 30 36
26 30 37
26 30 38
26 31 12
26 31 13
26 31 38
26 43 6
26 43 7
26 44 5
26 44 6
26 44 7
26 45 5
26 45 6
26 45 7
26 46 5
26 46 6
26 46 7
26 47 6
26 47 7
26 50 23
26 50 24
26 50 25
26 51 22
26 51 23
26 51 24
26 51 25
26 52 22
26 52 23
26 52 24
26 52 25
26 53 22
26 53 23
27 1 14
27 1 15
27 1 16
27 2 14
27 2 15
27 2 16
27 2 17
27 3 15
27 3 16
27 3 17
27 3 18
27 4 15
27 4 16
27 4 17
27 4 18
27 5 15
27 5 16
27 5 17
27 5 18
27 5 19
27 6 15
27 6 16
27 6 17
27 6 18
27 6 19
27 7 15
27 7 16
27 7 17
27 7 18
27 7 19
27 8 15
27 8 16
27 8 17
27 8 18
27 8 19
27 9 15
27 9 16
27 9 17
27 9 18
27 9 19
27 10 15
27 10 16
27 10 17
27 10 18
27 27 19
27 27 23
27 27 28
27 28 14
27 28 15
27 28 16
27 28 17
27 28 18
27 28 19
27 28 20
27 28 21
27 28 22
27 28 23
27 28 24
27 28 25
27 28 26
27 28 27
27 28 28
27 28 29
27 28 30
27 28 31
27 28 32
27 28 33
27 28 34
27 28 35
27 28 36
27 28 37
27 29 13
27 29 14
27 29 15
27 29 16
27 29 17
27 29 18
27 29 19
27 29 20
27 29 21
27 29 22
27 29 23
27 29 24
27 29 25
27 29 26
27 29 27
27 29 28
27 29 29
27 29 30
27 29 31
27 29 32
27 29 33
27 29 34
27 29 35
27 29 36
27 29 37
27 29 38
27 30 12
27 30 13
27 30 14
27 30 37
27 30 38
27 30 39
27 31 11
27 31 12
27 31 13
27 31 38
27 31 39
27 42 6
27 42 7
27 43 6
27 43 7
27 44 5
27 44 6
27 44 7
27 44 8
27 45 5
27 45 6
27 45 7
27 45 8
27 46 6
27 46 7
27 51 22
27 51 23
27 51 24
27 52 21
27 52 22
27 52 23
27 52 24
27 52 25
27 53 21
27 53 22
27 53 23
27 53 24
28 0 14
28 0 15
28 1 13
28 1 14
28 1 15
28 1 16
28 2 13
28 2 14
28 2 15
28 2 16
28 2 17
28 3 14
28 3 15
28 3 16
28 3 17
28 4 14
28 4 15
28 4 16
28 4 17
28 5 14
28 5 15
28 5 16
28 5 17
28 6 14
28 6 15
28 6 16
28 6 17
28 7 14
28 7 15
28 7 16
28 7 17
28 8 14
28 8 15
28 8 16
28 8 17
28 9 14
28 9 15
28 9 16
28 9 17
28 10 14
28 10 15
28 10 16
28 10 17
28 11 15
28 11 16
28 11 17
28 28 14
28 28 15
28 28 16
28 28 17
28 28 18
28 28 19
28 28 20
28 28 21
28 28 22
28 28 23
28 28 24
28 28 25
28 28 26
28 28 27
28 28 28
28 28 29
28 28 30
28 28 31
28 28 32
28 28 33
28 28 34
28 28 35
28 28 36
28 29 12
28 29 13
28 29 14
28 29 15
28 29 16
28 29 17
28 29 18
28 29 19
28 29 20
28 29 21
28 29 22
28 29 23
28 29 24
28 29 25
28 29 26
28 29 27
28 29 28
28 29 29
28 29 30
28 29 31
28 29 32
28 29 33
28 29 34
28 29 35
28 29 36
28 29 37
28 29 38
28 30 11
28 30 12
28 30 13
28 30 14
28 30 15
28 30 16
28 30 17
28 30 18
28 30 19
28 30 20
28 30 21
28 30 22
28 30 23
28 30 24
28 30 25
28 30 26
28 30 27
28 30 28
28 30 29
28 30 30
28 30 31
28 30 32
28 30 33
28 30 34
28 30 35
28 30 36
28 30 37
28 30 38
28 30 39
28 31 10
28 31 11
28 31 12
28 31 13
28 31 38
28 31 39
28 32 10
28 32 11
28 32 12
28 32 38
28 32 39
28 41 7
28 42 6
28 42 7
28 42 8
28 43 6
28 43 7
28 43 8
28 44 6
28 44 7
28 44 8
28 45 7
28 52 21
28 52 22
28 52 23
28 53 20
28 53 21
28 53 22
28 53 23
28 53 24
28 54 20
28 54 21
28 54 22
28 58 21
28 59 21
28 59 22
28 60 21
28 60 22
28 60 23
28 61 21
28 61 22
28 61 23
29 0 13
29 0 14
29 0 15
29 1 12
29 1 13
29 1 14
29 1 15
29 1 16
29 2 12
29 2 13
29 2 14
29 2 15
29 2 16
29 3 13
29 3 14
29 3 15
29 3 16
29 4 13
29 4 14
29 4 15
29 4 16
29 5 13
29 5 14
29 5 15
29 5 16
29 6 13
29 6 14
29 6 15
29 6 16
29 7 13
29 7 14
29 7 15
29 7 16
29 8 13
29 8 14
29 8 15
29 8 16
29 9 13
29 9 14
29 9 15
29 9 16
29 10 13
29 10 14
29 10 15
29 10 16
29 11 13
29 11 14
29 11 15
29 11 16
29 12 14
29 12 15
29 29 13
29 29 14
29 29 15
29 29 16
29 29 17
29 29 18
29 29 19
29 29 20
29 29 21
29 29 22
29 29 23
29 29 24
29 29 25
29 29 26
29 29 27
29 29 28
29 29 29
29 29 30
29 29 31
29 29 32
29 29 33
29 29 34
29 29 35
29 29 36
29 29 37
29 29 38
29 30 11
29 30 12
29 30 13
29 30 14
29 30 15
29 30 16
29 30 17
29 30 18
29 30 19
29 30 20
29 30 21
29 30 22
29 30 23
29 30 24
29 30 25
29 30 26
29 30 27
29 30 28
29 30 29
29 30 30
29 30 31
29 30 32
29 30 33
29 30 34
29 30 35
29 30 36
29 30 37
29 30 38
29 30 39
29 31 10
29 31 11
29 31 12
29 31 13
29 31 14
29 31 15
29 31 16
29 31 17
29 31 18
29 31 19
29 31 20
29 31 21
29 31 22
29 31 23
29 31 24
29 31 25
29 31 26
29 31 27
29 31 28
29 31 29
29 31 30
29 31 31
29 31 32
29 31 33
29 31 34
29 31 35
29 31 36
29 31 37
29 31 38
29 31 39
29 32 10
29 32 11
29 32 12
29 32 38
29 32 39
29 33 10
29 33 38
29 33 39
29 40 7
29 40 8
29 41 6
29 41 7
29 41 8
29 42 6
29 42 7
29 42 8
29 43 6
29 43 7
29 43 8
29 44 7
29 52 21
29 52 22
29 53 20
29 53 21
29 53 22
29 53 23
29 54 19
29 54 20
29 54 21
29 54 22
29 54 23
29 55 19
29 55 20
29 55 21
29 56 19
29 56 20
29 56 21
29 57 19
29 57 20
29 57 21
29 58 20
29 58 21
29 58 22
29 59 20
29 59 21
29 59 22
29 59 23
29 60 20
29 60 21
29 60 22
29 60 23
29 61 21
29 61 22
29 61 23
30 0 13
30 1 12
30 1 13
30 1 14
30 1 15
30 2 11
30 2 12
30 2 13
30 2 14
30 2 15
30 3 11
30 3 12
30 3 13
30 3 14
30 3 15
30 4 12
30 4 13
30 4 14
30 4 15
30 5 12
30 5 13
30 5 14
30 5 15
30 6 12
30 6 13
30 6 14
30 6 15
30 7 12
30 7 13
30 7 14
30 7 15
30 8 12
30 8 13
30 8 14
30 8 15
30 9 12
30 9 13
30 9 14
30 9 15
30 10 12
30 10 13
30 10 14
30 10 15
30 11 12
30 11 13
30 11 14
30 11 15
30 12 13
30 12 14
30 12 15
30 13 13
30 13 14
30 30 11
30 30 12
30 30 13
30 30 14
30 30 15
30 30 16
30 30 17
30 30 18
30 30 19
30 30 20
30 30 21
30 30 22
30 30 23
30 30 24
30 30 25
30 30 26
30 30 27
30 30 28
30 30 29
30 30 30
30 30 31
30 30 32
30 30 33
30 30 34
30 30 35
30 30 36
30 30 37
30 30 38
30 30 39
30 31 10
30 31 11
30 31 12
30 31 13
30 31 14
30 31 15
30 31 16
30 31 17
30 31 18
30 31 19
30 31 20
30 31 21
30 31 22
30 31 23
30 31 24
30 31 25
30 31 26
30 31 27
30 31 28
30 31 29
30 31 30
30 31 31
30 31 32
30 31 33
30 31 34
30 31 35
30 31 36
30 31 37
30 31 38
30 31 39
30 32 9
30 32 10
30 32 11
30 32 12
30 32 13
30 32 14
30 32 15
30 32 16
30 32 17
30 32 18
30 32 19
30 32 20
30 32 21
30 32 22
30 32 23
30 32 24
30 32 25
30 32 26
30 32 27
30 32 28
30 32 29
30 32 30
30 32 31
30 32 32
30 32 33
30 32 34
30 32 35
30 32 36
30 32 37
30 32 38
30 32 39
30 33 9
30 33 10
30 33 11
30 33 37
30 33 38
30 33 39
30 34 9
30 34 37
30 39 7
30 39 8
30 40 6
30 40 7
30 40 8
30 41 6
30 41 7
30 41 8
30 41 9
30 42 6
30 42 7
30 42 8
30 42 9
30 43 8
30 52 18
30 53 18
30 53 19
30 53 20
30 53 21
30 54 18
30 54 19
30 54 20
30 54 21
30 54 22
30 55 18
30 55 19
30 55 20
30 55 21
30 56 19
30 56 20
30 56 21
30 57 19
30 57 20
30 57 21
30 57 22
30 58 19
30 58 20
30 58 21
30 58 22
30 59 20
30 59 21
30 59 22
30 59 23
30 60 21
30 60 22
30 60 23
30 61 21
30 61 22
30 61 23
31 1 11
31 1 12
31 1 13
31 1 14
31 2 11
31 2 12
31 2 13
31 2 14
31 3 10
31 3 11
31 3 12
31 3 13
31 3 14
31 4 11
31 4 12
31 4 13
31 4 14
31 5 11
31 5 12
31 5 13
31 5 14
31 6 11
31 6 12
31 6 13
31 6 14
31 7 11
31 7 12
31 7 13
31 7 14
31 8 11
31 8 12
31 8 13
31 8 14
31 9 11
31 9 12
31 9 13
31 9 14
31 10 11
31 10 12
31 10 13
31 10 14
31 11 11
31 11 12
31 11 13
31 11 14
31 12 11
31 12 12
31 12 13
31 12 14
31 13 12
31 13 13
31 13 14
31 14 12
31 30 11
31 30 12
31 30 13
31 30 14
31 30 16
31 30 17
31 30 19
31 30 20
31 30 21
31 30 22
31 30 23
31 30 24
31 30 25
31 30 26
31 30 28
31 30 29
31 30 31
31 30 32
31 30 33
31 30 34
31 30 35
31 30 37
31 31 10
31 31 11
31 31 12
31 31 13
31 31 14
31 31 15
31 31 16
31 31 17
31 31 18
31 31 19
31 31 20
31 31 21
31 31 22
31 31 23
31 31 24
31 31 25
31 31 26
31 31 27
31 31 28
31 31 29
31 31 30
31 31 31
31 31 32
31 31 33
31 31 34
31 31 35
31 31 36
31 31 37
31 31 38
31 32 9
31 32 10
31 32 11
31 32 12
31 32 13
31 32 14
31 32 15
31 32 16
31 32 17
31 32 18
31 32 19
31 32 20
31 32 21
31 32 22
31 32 23
31 32 24
31 32 25
31 32 26
31 32 27
31 32 28
31 32 29
31 32 30
31 32 31
31 32 32
31 32 33
31 32 34
31 32 35
31 32 36
31 32 37
31 32 38
31 32 39
31 33 8
31 33 9
31 33 10
31 33 11
31 33 36
31 33 37
31 33 38
31 33 39
31 34 8
31 34 9
31 34 10
31 34 36
31 34 37
31 34 38
31 38 7
31 38 8
31 39 7
31 39 8
31 39 9
31 40 6
31 40 7
31 40 8
31 40 9
31 41 7
31 41 8
31 41 9
31 42 8
31 49 16
31 49 17
31 50 16
31 50 17
31 50 18
31 51 17
31 51 18
31 51 19
31 52 17
31 52 18
31 52 19
31 53 17
31 53 18
31 53 19
31 53 20
31 54 18
31 54 19
31 54 20
31 54 21
31 55 18
31 55 19
31 55 20
31 55 21
31 56 19
31 56 20
31 56 21
31 57 20
31 57 21
31 58 20
31 58 21
31 58 22
31 59 22
32 2 10
32 2 11
32 2 12
32 2 13
32 3 10
32 3 11
32 3 12
32 3 13
32 4 9
32 4 10
32 4 11
32 4 12
32 4 13
32 5 10
32 5 11
32 5 12
32 5 13
32 6 10
32 6 11
32 6 12
32 6 13
32 7 10
32 7 11
32 7 12
32 7 13
32 8 10
32 8 11
32 8 12
32 8 13
32 9 10
32 9 11
32 9 12
32 9 13
32 10 10
32 10 11
32 10 12
32 10 13
32 11 10
32 11 11
32 11 12
32 11 13
32 12 10
32 12 11
32 12 12
32 12 13
32 13 11
32 13 12
32 13 13
32 14 11
32 14 12
32 14 13
32 15 11
32 31 10
32 31 11
32 31 12
32 31 13
32 31 14
32 31 15
32 31 16
32 31 17
32 31 18
32 31 19
32 31 20
32 31 21
32 31 22
32 31 23
32 31 24
32 31 25
32 31 26
32 31 27
32 31 28
32 31 29
32 31 30
32 31 31
32 31 32
32 31 33
32 31 34
32 31 35
32 31 36
32 31 37
32 32 9
32 32 10
32 32 11
32 32 12
32 32 13
32 32 14
32 32 15
32 32 16
32 32 17
32 32 18
32 32 19
32 32 20
32 32 21
32 32 22
32 32 23
32 32 24
32 32 25
32 32 26
32 32 27
32 32 28
32 32 29
32 32 30
32 32 31
32 32 32
32 32 33
32 32 34
32 32 35
32 32 36
32 32 37
32 32 38
32 33 8
32 33 9
32 33 10
32 33 11
32 33 12
32 33 13
32 33 14
32 33 15
32 33 16
32 33 17
32 33 18
32 33 19
32 33 20
32 33 21
32 33 22
32 33 23
32 33 24
32 33 25
32 33 26
32 33 27
32 33 28
32 33 29
32 33 30
32 33 31
32 33 32
32 33 33
32 33 34
32 33 35
32 33 36
32 33 37
32 33 38
32 34 8
32 34 9
32 34 10
32 34 35
32 34 36
32 34 37
32 34 38
32 35 7
32 35 8
32 35 9
32 35 35
32 35 36
32 35 37
32 37 8
32 37 9
32 38 7
32 38 8
32 38 9
32 39 7
32 39 8
32 39 9
32 40 7
32 40 8
32 40 9
32 41 8
32 46 15
32 46 16
32 47 15
32 47 16
32 47 17
32 48 15
32 48 16
32 48 17
32 49 16
32 49 17
32 49 18
32 50 16
32 50 17
32 50 18
32 50 19
32 51 16
32 51 17
32 51 18
32 51 19
32 52 17
32 52 18
32 52 19
32 52 20
32 53 17
32 53 18
32 53 19
32 53 20
32 54 18
32 54 19
32 54 20
32 55 19
32 55 20
33 2 10
33 2 11
33 3 9
33 3 10
33 3 11
33 3 12
33 4 9
33 4 10
33 4 11
33 4 12
33 5 9
33 5 10
33 5 11
33 5 12
33 6 9
33 6 10
33 6 11
33 6 12
33 7 9
33 7 10
33 7 11
33 7 12
33 8 9
33 8 10
33 8 11
33 8 12
33 9 9
33 9 10
33 9 11
33 9 12
33 10 9
33 10 10
33 10 11
33 10 12
33 11 9
33 11 10
33 11 11
33 11 12
33 12 9
33 12 10
33 12 11
33 12 12
33 13 9
33 13 10
33 13 11
33 13 12
33 14 10
33 14 11
33 14 12
33 14 13
33 15 10
33 15 11
33 32 9
33 32 10
33 32 11
33 32 12
33 32 13
33 32 14
33 32 15
33 32 16
33 32 17
33 32 18
33 32 19
33 32 20
33 32 21
33 32 22
33 32 23
33 32 24
33 32 25
33 32 26
33 32 27
33 32 28
33 32 29
33 32 30
33 32 31
33 32 32
33 32 33
33 32 34
33 32 35
33 32 36
33 32 37
33 33 8
33 33 9
33 33 10
33 33 11
33 33 12
33 33 13
33 33 14
33 33 15
33 33 16
33 33 17
33 33 18
33 33 19
33 33 20
33 33 21
33 33 22
33 33 23
33 33 24
33 33 25
33 33 26
33 33 27
33 33 28
33 33 29
33 33 30
33 33 31
33 33 32
33 33 33
33 33 34
33 33 35
33 33 36
33 33 37
33 34 8
33 34 9
33 34 10
33 34 11
33 34 12
33 34 13
33 34 14
33 34 15
33 34 16
33 34 17
33 34 18
33 34 19
33 34 20
33 34 21
33 34 22
33 34 23
33 34 24
33 34 25
33 34 26
33 34 27
33 34 28
33 34 29
33 34 30
33 34 31
33 34 32
33 34 33
33 34 34
33 34 35
33 34 36
33 34 37
33 35 8
33 35 9
33 35 34
33 35 35
33 35 36
33 36 8
33 36 9
33 36 34
33 36 35
33 37 7
33 37 8
33 37 9
33 38 7
33 38 8
33 38 9
33 38 10
33 39 7
33 39 8
33 39 9
33 40 8
33 40 9
33 43 14
33 43 15
33 44 14
33 44 15
33 45 14
33 45 15
33 45 16
33 46 14
33 46 15
33 46 16
33 46 17
33 47 14
33 47 15
33 47 16
33 47 17
33 48 15
33 48 16
33 48 17
33 48 18
33 49 15
33 49 16
33 49 17
33 49 18
33 50 16
33 50 17
33 50 18
33 50 19
33 51 17
33 51 18
33 51 19
33 52 18
33 52 19
34 3 9
34 3 10
34 3 11
34 4 8
34 4 9
34 4 10
34 4 11
34 4 12
34 5 8
34 5 9
34 5 10
34 5 11
34 6 8
34 6 9
34 6 10
34 6 11
34 7 8
34 7 9
34 7 10
34 7 11
34 8 8
34 8 9
34 8 10
34 8 11
34 9 8
34 9 9
34 9 10
34 9 11
34 10 8
34 10 9
34 10 10
34 10 11
34 11 8
34 11 9
34 11 10
34 11 11
34 12 9
34 12 10
34 12 11
34 13 8
34 13 9
34 13 10
34 13 11
34 13 12
34 14 8
34 14 9
34 14 10
34 14 11
34 15 9
34 15 10
34 15 11
34 15 12
34 16 9
34 16 10
34 33 9
34 33 10
34 33 11
34 33 12
34 33 13
34 33 14
34 33 15
34 33 16
34 33 17
34 33 18
34 33 19
34 33 20
34 33 21
34 33 22
34 33 23
34 33 24
34 33 25
34 33 26
34 33 27
34 33 28
34 33 29
34 33 30
34 33 31
34 33 32
34 33 33
34 33 34
34 33 35
34 33 36
34 34 8
34 34 9
34 34 10
34 34 11
34 34 12
34 34 13
34 34 14
34 34 15
34 34 16
34 34 17
34 34 18
34 34 19
34 34 20
34 34 21
34 34 22
34 34 23
34 34 24
34 34 25
34 34 26
34 34 27
34 34 28
34 34 29
34 34 30
34 34 31
34 34 32
34 34 33
34 34 34
34 34 35
34 34 36
34 35 8
34 35 9
34 35 10
34 35 13
34 35 18
34 35 22
34 35 27
34 35 31
34 35 33
34 35 34
34 35 35
34 35 36
34 36 8
34 36 9
34 36 10
34 36 33
34 36 34
34 36 35
34 37 7
34 37 8
34 37 9
34 37 10
34 37 33
34 38 7
34 38 8
34 38 9
34 38 10
34 39 9
34 40 12
34 40 13
34 41 12
34 41 13
34 41 14
34 42 13
34 42 14
34 42 15
34 43 13
34 43 14
34 43 15
34 44 13
34 44 14
34 44 15
34 44 16
34 45 14
34 45 15
34 45 16
34 46 14
34 46 15
34 46 16
34 46 17
34 47 15
34 47 16
34 47 17
34 48 16
34 48 17
34 49 17
35 4 8
35 4 9
35 4 10
35 5 7
35 5 8
35 5 9
35 5 10
35 5 11
35 6 7
35 6 8
35 6 9
35 6 10
35 7 7
35 7 8
35 7 9
35 7 10
35 8 7
35 8 8
35 8 9
35 8 10
35 9 7
35 9 8
35 9 9
35 9 10
35 10 7
35 10 8
35 10 9
35 10 10
35 11 7
35 11 8
35 11 9
35 11 10
35 12 7
35 12 8
35 12 9
35 12 10
35 13 7
35 13 8
35 13 9
35 13 10
35 14 8
35 14 9
35 14 10
35 14 11
35 15 8
35 15 9
35 15 10
35 15 11
35 16 8
35 16 9
35 16 10
35 33 9
35 33 10
35 33 11
35 33 12
35 33 13
35 33 14
35 33 15
35 33 16
35 33 17
35 33 18
35 33 19
35 33 20
35 33 21
35 33 22
35 33 23
35 33 24
35 33 25
35 33 26
35 33 27
35 33 28
35 33 29
35 33 30
35 33 31
35 33 32
35 33 33
35 33 34
35 34 8
35 34 9
35 34 10
35 34 11
35 34 12
35 34 13
35 34 14
35 34 15
35 34 16
35 34 17
35 34 18
35 34 19
35 34 20
35 34 21
35 34 22
35 34 23
35 34 24
35 34 25
35 34 26
35 34 27
35 34 28
35 34 29
35 34 30
35 34 31
35 34 32
35 34 33
35 34 34
35 34 35
35 35 8
35 35 9
35 35 10
35 35 11
35 35 12
35 35 13
35 35 14
35 35 15
35 35 16
35 35 17
35 35 18
35 35 19
35 35 20
35 35 21
35 35 22
35 35 23
35 35 24
35 35 25
35 35 26
35 35 27
35 35 28
35 35 29
35 35 30
35 35 31
35 35 32
35 35 33
35 35 34
35 35 35
35 36 8
35 36 9
35 36 10
35 36 11
35 36 12
35 36 32
35 36 33
35 36 34
35 36 35
35 37 8
35 37 9
35 37 10
35 37 11
35 37 12
35 37 32
35 37 33
35 37 34
35 38 9
35 38 10
35 38 11
35 38 12
35 38 13
35 39 11
35 39 12
35 39 13
35 40 12
35 40 13
35 40 14
35 41 12
35 41 13
35 41 14
35 42 12
35 42 13
35 42 14
35 42 15
35 43 13
35 43 14
35 43 15
35 43 16
35 44 13
35 44 14
35 44 15
35 44 16
35 45 14
35 45 15
35 45 16
35 46 15
35 46 16
36 4 8
36 5 6
36 5 7
36 5 8
36 5 9
36 6 6
36 6 7
36 6 8
36 6 9
36 6 10
36 7 6
36 7 7
36 7 8
36 7 9
36 8 7
36 8 8
36 8 9
36 9 7
36 9 8
36 9 9
36 10 6
36 10 7
36 10 8
36 10 9
36 11 6
36 11 7
36 11 8
36 11 9
36 12 6
36 12 7
36 12 8
36 12 9
36 13 6
36 13 7
36 13 8
36 13 9
36 14 6
36 14 7
36 14 8
36 14 9
36 14 10
36 15 7
36 15 8
36 15 9
36 16 7
36 16 8
36 16 9
36 16 10
36 17 7
36 17 8
36 17 9
36 33 8
36 33 9
36 33 10
36 34 8
36 34 9
36 34 10
36 34 11
36 34 12
36 34 13
36 34 14
36 34 15
36 34 16
36 34 17
36 34 18
36 34 19
36 34 20
36 34 21
36 34 22
36 34 23
36 34 24
36 34 25
36 34 26
36 34 27
36 34 28
36 34 29
36 34 30
36 34 31
36 34 32
36 34 33
36 34 34
36 35 7
36 35 8
36 35 9
36 35 10
36 35 11
36 35 12
36 35 13
36 35 14
36 35 15
36 35 16
36 35 17
36 35 18
36 35 19
36 35 20
36 35 21
36 35 22
36 35 23
36 35 24
36 35 25
36 35 26
36 35 27
36 35 28
36 35 29
36 35 30
36 35 31
36 35 32
36 35 33
36 35 34
36 36 7
36 36 8
36 36 9
36 36 10
36 36 11
36 36 12
36 36 13
36 36 14
36 36 15
36 36 16
36 36 17
36 36 18
36 36 19
36 36 20
36 36 21
36 36 22
36 36 23
36 36 24
36 36 25
36 36 26
36 36 27
36 36 28
36 36 29
36 36 30
36 36 31
36 36 32
36 36 33
36 36 34
36 37 8
36 37 9
36 37 10
36 37 11
36 37 12
36 37 13
36 37 14
36 37 31
36 37 32
36 37 33
36 37 34
36 38 9
36 38 10
36 38 11
36 38 12
36 38 13
36 38 31
36 38 32
36 38 33
36 39 10
36 39 11
36 39 12
36 39 13
36 39 14
36 40 11
36 40 12
36 40 13
36 40 14
36 41 12
36 41 13
36 41 14
36 42 13
36 42 14
36 43 14
37 5 7
37 5 8
37 6 6
37 6 7
37 6 8
37 6 9
37 7 5
37 7 6
37 7 7
37 7 8
37 7 9
37 8 5
37 8 6
37 8 7
37 8 8
37 9 6
37 9 7
37 9 8
37 10 5
37 10 6
37 10 7
37 10 8
37 11 5
37 11 6
37 11 7
37 11 8
37 12 5
37 12 6
37 12 7
37 12 8
37 13 5
37 13 6
37 13 7
37 13 8
37 14 6
37 14 7
37 14 8
37 15 6
37 15 7
37 15 8
37 15 9
37 16 6
37 16 7
37 16 8
37 16 9
37 17 6
37 17 7
37 17 8
37 17 9
37 18 6
37 18 7
37 30 8
37 31 8
37 31 9
37 32 8
37 32 9
37 32 10
37 33 8
37 33 9
37 33 10
37 33 11
37 34 8
37 34 9
37 34 10
37 34 11
37 35 8
37 35 9
37 35 10
37 35 11
37 35 12
37 35 13
37 35 14
37 35 15
37 35 16
37 35 17
37 35 18
37 35 19
37 35 20
37 35 21
37 35 22
37 35 23
37 35 24
37 35 25
37 35 26
37 35 27
37 35 28
37 35 29
37 35 30
37 35 31
37 35 32
37 35 33
37 36 8
37 36 9
37 36 10
37 36 11
37 36 12
37 36 13
37 36 14
37 36 15
37 36 16
37 36 17
37 36 18
37 36 19
37 36 20
37 36 21
37 36 22
37 36 23
37 36 24
37 36 25
37 36 26
37 36 27
37 36 28
37 36 29
37 36 30
37 36 31
37 36 32
37 36 33
37 37 9
37 37 10
37 37 11
37 37 12
37 37 13
37 37 14
37 37 15
37 37 16
37 37 17
37 37 18
37 37 19
37 37 20
37 37 21
37 37 22
37 37 23
37 37 24
37 37 25
37 37 26
37 37 27
37 37 28
37 37 29
37 37 30
37 37 31
37 37 32
37 37 33
37 38 10
37 38 11
37 38 12
37 38 13
37 38 14
37 38 15
37 38 30
37 38 31
37 38 32
37 38 33
37 39 11
37 39 12
37 39 13
37 39 31
37 40 13
38 6 5
38 6 6
38 6 7
38 7 5
38 7 6
38 7 7
38 7 8
38 8 4
38 8 5
38 8 6
38 8 7
38 8 8
38 9 4
38 9 5
38 9 6
38 9 7
38 10 5
38 10 6
38 10 7
38 11 5
38 11 6
38 11 7
38 12 5
38 12 6
38 12 7
38 13 5
38 13 6
38 13 7
38 14 4
38 14 5
38 14 6
38 14 7
38 15 5
38 15 6
38 15 7
38 15 8
38 16 5
38 16 6
38 16 7
38 16 8
38 17 5
38 17 6
38 17 7
38 17 8
38 18 5
38 18 6
38 18 7
38 18 8
38 19 6
38 27 7
38 28 7
38 28 8
38 29 7
38 29 8
38 29 9
38 30 7
38 30 8
38 30 9
38 31 7
38 31 8
38 31 9
38 31 10
38 32 8
38 32 9
38 32 10
38 33 8
38 33 9
38 33 10
38 33 11
38 34 9
38 34 10
38 34 11
38 35 9
38 35 10
38 35 11
38 35 12
38 35 14
38 35 15
38 35 17
38 35 19
38 35 20
38 35 21
38 35 23
38 35 24
38 35 26
38 35 29
38 35 30
38 36 10
38 36 11
38 36 12
38 36 13
38 36 14
38 36 15
38 36 16
38 36 17
38 36 18
38 36 19
38 36 20
38 36 21
38 36 22
38 36 23
38 36 24
38 36 25
38 36 26
38 36 27
38 36 28
38 36 29
38 36 30
38 36 31
38 36 32
38 37 12
38 37 13
38 37 14
38 37 15
38 37 16
38 37 17
38 37 18
38 37 19
38 37 20
38 37 21
38 37 22
38 37 23
38 37 24
38 37 25
38 37 26
38 37 27
38 37 28
38 37 29
38 37 30
38 37 31
38 37 32
38 38 13
38 38 14
38 38 15
38 38 16
38 38 17
38 38 30
38 38 31
38 38 32
38 39 15
38 39 16
38 39 17
38 39 30
38 39 31
38 39 32
39 7 4
39 7 5
39 7 6
39 8 4
39 8 5
39 8 6
39 8 7
39 9 3
39 9 4
39 9 5
39 9 6
39 9 7
39 10 4
39 10 5
39 10 6
39 11 4
39 11 5
39 11 6
39 12 4
39 12 5
39 12 6
39 13 4
39 13 5
39 13 6
39 14 4
39 14 5
39 14 6
39 15 4
39 15 5
39 15 6
39 16 4
39 16 5
39 16 6
39 16 7
39 17 4
39 17 5
39 17 6
39 17 7
39 18 4
39 18 5
39 18 6
39 18 7
39 19 4
39 19 5
39 19 6
39 24 5
39 24 6
39 25 5
39 25 6
39 25 7
39 26 5
39 26 6
39 26 7
39 27 6
39 27 7
39 27 8
39 28 6
39 28 7
39 28 8
39 28 9
39 29 6
39 29 7
39 29 8
39 29 9
39 30 7
39 30 8
39 30 9
39 30 10
39 31 7
39 31 8
39 31 9
39 31 10
39 32 8
39 32 9
39 32 10
39 33 9
39 33 10
39 34 10
39 36 15
39 36 16
39 36 17
39 36 18
39 36 19
39 36 20
39 36 21
39 36 22
39 36 23
39 36 24
39 36 25
39 36 26
39 36 27
39 36 28
39 36 29
39 36 30
39 37 15
39 37 16
39 37 17
39 37 18
39 37 19
39 37 20
39 37 21
39 37 22
39 37 23
39 37 24
39 37 25
39 37 26
39 37 27
39 37 28
39 37 29
39 37 30
39 37 31
39 38 15
39 38 16
39 38 17
39 38 18
39 38 19
39 38 20
39 38 21
39 38 22
39 38 23
39 38 24
39 38 25
39 38 26
39 38 27
39 38 28
39 38 29
39 38 30
39 38 31
39 38 32
39 39 16
39 39 17
39 39 18
39 39 19
39 39 29
39 39 30
39 39 31
39 40 17
39 40 18
39 40 29
39 40 30
39 40 31
40 7 4
40 7 5
40 8 3
40 8 4
40 8 5
40 8 6
40 9 3
40 9 4
40 9 5
40 9 6
40 10 2
40 10 3
40 10 4
40 10 5
40 10 6
40 11 3
40 11 4
40 11 5
40 11 6
40 12 3
40 12 4
40 12 5
40 12 6
40 13 3
40 13 4
40 13 5
40 13 6
40 14 3
40 14 4
40 14 5
40 14 6
40 15 3
40 15 4
40 15 5
40 15 6
40 16 3
40 16 4
40 16 5
40 17 4
40 17 5
40 17 6
40 18 4
40 18 5
40 18 6
40 19 4
40 19 5
40 19 6
40 20 4
40 20 5
40 21 4
40 22 4
40 22 5
40 23 4
40 23 5
40 23 6
40 24 4
40 24 5
40 24 6
40 24 7
40 25 5
40 25 6
40 25 7
40 26 5
40 26 6
40 26 7
40 26 8
40 27 5
40 27 6
40 27 7
40 27 8
40 28 6
40 28 7
40 28 8
40 28 9
40 29 7
40 29 8
40 29 9
40 30 7
40 30 8
40 30 9
40 31 9
40 37 17
40 37 18
40 37 19
40 37 20
40 37 21
40 37 22
40 37 23
40 37 24
40 37 25
40 37 26
40 37 27
40 37 28
40 37 29
40 37 30
40 38 17
40 38 18
40 38 19
40 38 20
40 38 21
40 38 22
40 38 23
40 38 24
40 38 25
40 38 26
40 38 27
40 38 28
40 38 29
40 38 30
40 39 17
40 39 18
40 39 19
40 39 20
40 39 21
40 39 22
40 39 23
40 39 24
40 39 25
40 39 26
40 39 27
40 39 28
40 39 29
40 39 30
40 39 31
40 40 18
40 40 19
40 40 20
40 40 28
40 40 29
40 40 30
40 41 19
40 41 28
40 41 29
41 8 3
41 8 4
41 9 2
41 9 3
41 9 4
41 9 5
41 10 2
41 10 3
41 10 4
41 10 5
41 11 1
41 11 2
41 11 3
41 11 4
41 11 5
41 12 2
41 12 3
41 12 4
41 12 5
41 13 2
41 13 3
41 13 4
41 13 5
41 14 2
41 14 3
41 14 4
41 14 5
41 15 2
41 15 3
41 15 4
41 15 5
41 16 3
41 16 4
41 16 5
41 17 3
41 17 4
41 17 5
41 18 2
41 18 3
41 18 4
41 18 5
41 19 2
41 19 3
41 19 4
41 19 5
41 20 3
41 20 4
41 20 5
41 21 3
41 21 4
41 21 5
41 22 3
41 22 4
41 22 5
41 22 6
41 23 4
41 23 5
41 23 6
41 24 4
41 24 5
41 24 6
41 24 7
41 25 5
41 25 6
41 25 7
41 26 6
41 26 7
41 27 6
41 27 7
41 27 8
41 28 8
41 38 18
41 38 19
41 38 20
41 38 21
41 38 22
41 38 23
41 38 24
41 38 25
41 38 26
41 38 27
41 38 28
41 38 29
41 38 30
41 39 19
41 39 20
41 39 21
41 39 22
41 39 23
41 39 24
41 39 25
41 39 26
41 39 27
41 39 28
41 39 29
41 39 30
41 40 19
41 40 20
41 40 21
41 40 22
41 40 23
41 40 24
41 40 25
41 40 26
41 40 27
41 40 28
41 40 29
41 40 30
41 41 19
41 41 20
41 41 21
41 41 22
41 41 27
41 41 28
41 41 29
41 42 27
41 42 28
42 9 2
42 9 3
42 9 4
42 10 1
42 10 2
42 10 3
42 10 4
42 11 1
42 11 2
42 11 3
42 11 4
42 12 1
42 12 2
42 12 3
42 12 4
42 13 1
42 13 2
42 13 3
42 13 4
42 14 1
42 14 2
42 14 3
42 14 4
42 15 1
42 15 2
42 15 3
42 15 4
42 16 1
42 16 2
42 16 3
42 16 4
42 17 1
42 17 2
42 17 3
42 17 4
42 18 2
42 18 3
42 18 4
42 18 5
42 19 2
42 19 3
42 19 4
42 19 5
42 20 2
42 20 3
42 20 4
42 20 5
42 21 3
42 21 4
42 21 5
42 21 6
42 22 3
42 22 4
42 22 5
42 22 6
42 23 4
42 23 5
42 23 6
42 24 6
42 38 20
42 38 21
42 38 22
42 38 23
42 38 24
42 38 25
42 38 26
42 38 27
42 38 28
42 39 20
42 39 21
42 39 22
42 39 23
42 39 24
42 39 25
42 39 26
42 39 27
42 39 28
42 39 29
42 40 20
42 40 21
42 40 22
42 40 23
42 40 24
42 40 25
42 40 26
42 40 27
42 40 28
42 40 29
42 41 20
42 41 21
42 41 22
42 41 23
42 41 24
42 41 25
42 41 26
42 41 27
42 41 28
42 41 29
42 42 22
42 42 23
42 42 24
42 42 25
42 42 26
42 42 27
42 42 28
43 10 1
43 10 2
43 10 3
43 11 0
43 11 1
43 11 2
43 11 3
43 12 0
43 12 1
43 12 2
43 12 3
43 13 0
43 13 1
43 13 2
43 13 3
43 14 0
43 14 1
43 14 2
43 14 3
43 15 0
43 15 1
43 15 2
43 15 3
43 16 1
43 16 2
43 16 3
43 16 4
43 17 1
43 17 2
43 17 3
43 17 4
43 18 1
43 18 2
43 18 3
43 18 4
43 19 2
43 19 3
43 19 4
43 20 3
43 20 4
43 20 5
43 21 4
43 21 5
43 39 22
43 39 23
43 39 24
43 39 25
43 39 26
43 39 27
43 40 22
43 40 23
43 40 24
43 40 25
43 40 26
43 40 27
43 40 28
43 41 22
43 41 23
43 41 24
43 41 25
43 41 26
43 41 27
43 41 28
43 42 22
43 42 23
43 42 24
43 42 25
43 42 26
43 42 27
43 42 28
43 43 24
43 43 25
43 43 26
44 11 2
44 12 0
44 12 1
44 12 2
44 12 3
44 13 0
44 13 1
44 13 2
44 13 3
44 14 0
44 14 1
44 14 2
44 14 3
44 15 1
44 15 2
44 15 3
44 16 1
44 16 2
44 16 3
44 17 2
44 17 3
44 18 3
44 40 24
44 40 25
44 40 26
44 41 24
44 41 25
44 41 26
44 41 27
44 42 25
44 42 26
