0 5 14
1 4 14
1 4 15
1 4 16
1 4 17
1 5 12
1 5 13
1 5 14
1 5 15
1 5 16
1 5 17
1 5 18
1 6 11
1 6 12
1 6 13
1 6 14
1 6 15
1 7 11
1 7 12
2 3 18
2 3 19
2 3 20
2 3 21
2 4 12
2 4 13
2 4 14
2 4 15
2 4 16
2 4 17
2 4 18
2 4 19
2 4 20
2 4 21
2 5 11
2 5 12
2 5 13
2 5 14
2 5 15
2 5 16
2 5 17
2 5 18
2 5 19
2 5 20
2 6 10
2 6 11
2 6 12
2 6 13
2 6 14
2 6 15
2 6 16
2 6 17
2 7 10
2 7 11
2 7 12
2 7 13
2 8 10
3 3 17
3 3 18
3 3 19
3 3 20
3 3 21
3 3 22
3 3 23
3 3 24
3 3 25
3 4 13
3 4 14
3 4 15
3 4 16
3 4 17
3 4 18
3 4 19
3 4 20
3 4 21
3 4 22
3 4 23
3 4 24
3 5 11
3 5 12
3 5 13
3 5 14
3 5 15
3 5 16
3 5 17
3 5 18
3 5 19
3 5 20
3 5 21
3 5 22
3 6 10
3 6 11
3 6 12
3 6 13
3 6 14
3 6 15
3 6 16
3 6 17
3 7 9
3 7 10
3 7 11
3 7 12
3 7 13
3 8 9
3 8 10
3 8 11
4 2 22
4 2 23
4 2 24
4 2 25
4 2 26
4 2 27
4 2 28
4 2 29
4 3 18
4 3 19
4 3 20
4 3 21
4 3 22
4 3 23
4 3 24
4 3 25
4 3 26
4 3 27
4 3 28
4 4 15
4 4 16
4 4 17
4 4 18
4 4 19
4 4 20
4 4 21
4 4 22
4 4 23
4 4 24
4 4 25
4 4 26
4 5 11
4 5 12
4 5 13
4 5 14
4 5 15
4 5 16
4 5 17
4 5 18
4 5 19
4 5 20
4 5 21
4 5 22
4 6 9
4 6 10
4 6 11
4 6 12
4 6 13
4 6 14
4 6 15
4 6 16
4 6 17
4 6 18
4 6 19
4 7 9
4 7 10
4 7 11
4 7 12
4 7 13
4 7 14
4 7 15
4 8 9
4 8 10
4 8 11
4 9 9
4 9 10
5 1 28
5 1 29
5 1 30
5 1 31
5 1 32
5 2 23
5 2 24
5 2 25
5 2 26
5 2 27
5 2 28
5 2 29
5 2 30
5 2 31
5 2 32
5 2 33
5 3 19
5 3 20
5 3 21
5 3 22
5 3 23
5 3 24
5 3 25
5 3 26
5 3 27
5 3 28
5 3 29
5 3 30
5 3 31
5 4 17
5 4 18
5 4 19
5 4 20
5 4 21
5 4 22
5 4 23
5 4 24
5 4 25
5 4 26
5 4 27
5 4 28
5 5 13
5 5 14
5 5 15
5 5 16
5 5 17
5 5 18
5 5 19
5 5 20
5 5 21
5 5 22
5 5 23
5 5 24
5 6 10
5 6 11
5 6 12
5 6 13
5 6 14
5 6 15
5 6 16
5 6 17
5 6 18
5 6 19
5 6 20
5 6 21
5 7 9
5 7 10
5 7 11
5 7 12
5 7 13
5 7 14
5 7 15
5 7 16
5 7 17
5 7 18
5 8 8
5 8 9
5 8 10
5 8 11
5 8 12
5 8 13
5 8 14
5 9 9
5 9 10
6 1 28
6 1 29
6 1 30
6 1 31
6 1 32
6 1 33
6 1 34
6 2 23
6 2 24
6 2 25
6 2 26
6 2 27
6 2 28
6 2 29
6 2 30
6 2 31
6 2 32
6 2 33
6 2 34
6 3 22
6 3 23
6 3 24
6 3 25
6 3 26
6 3 27
6 3 28
6 3 29
6 3 30
6 3 31
6 3 32
6 4 20
6 4 21
6 4 22
6 4 23
6 4 24
6 4 25
6 4 26
6 4 27
6 4 28
6 5 16
6 5 17
6 5 18
6 5 19
6 5 20
6 5 21
6 5 22
6 5 23
6 5 24
6 5 25
6 6 12
6 6 13
6 6 14
6 6 15
6 6 16
6 6 17
6 6 18
6 6 19
6 6 20
6 6 21
6 6 22
6 6 23
6 7 8
6 7 9
6 7 10
6 7 11
6 7 12
6 7 13
6 7 14
6 7 15
6 7 16
6 7 17
6 7 18
6 7 19
6 7 20
6 8 8
6 8 9
6 8 10
6 8 11
6 8 12
6 8 13
6 8 14
6 8 15
6 8 16
6 8 17
6 8 18
6 9 8
6 9 9
6 9 10
6 9 11
6 9 12
6 9 13
6 10 9
6 10 10
7 1 28
7 1 29
7 1 30
7 1 31
7 1 32
7 1 33
7 1 34
7 1 35
7 1 36
7 2 26
7 2 27
7 2 28
7 2 29
7 2 30
7 2 31
7 2 32
7 2 33
7 2 34
7 2 35
7 3 24
7 3 25
7 3 26
7 3 27
7 3 28
7 3 29
7 3 30
7 3 31
7 3 32
7 3 33
7 3 34
7 4 21
7 4 22
7 4 23
7 4 24
7 4 25
7 4 26
7 4 27
7 4 28
7 4 29
7 5 19
7 5 20
7 5 21
7 5 22
7 5 23
7 5 24
7 5 25
7 5 26
7 5 27
7 6 15
7 6 16
7 6 17
7 6 18
7 6 19
7 6 20
7 6 21
7 6 22
7 6 23
7 6 24
7 7 9
7 7 10
7 7 11
7 7 12
7 7 13
7 7 14
7 7 15
7 7 16
7 7 17
7 7 18
7 7 19
7 7 20
7 7 21
7 8 8
7 8 9
7 8 10
7 8 11
7 8 12
7 8 13
7 8 14
7 8 15
7 8 16
7 8 17
7 8 18
7 8 19
7 9 8
7 9 9
7 9 10
7 9 11
7 9 12
7 9 13
7 9 14
7 9 15
7 9 16
7 10 8
7 10 9
7 10 10
8 0 33
8 0 34
8 1 30
8 1 31
8 1 32
8 1 33
8 1 34
8 1 35
8 1 36
8 2 29
8 2 30
8 2 31
8 2 32
8 2 33
8 2 34
8 2 35
8 2 36
8 3 26
8 3 27
8 3 28
8 3 29
8 3 30
8 3 31
8 3 32
8 3 33
8 3 34
8 3 35
8 3 36
8 4 24
8 4 25
8 4 26
8 4 27
8 4 28
8 4 29
8 4 30
8 4 31
8 5 20
8 5 21
8 5 22
8 5 23
8 5 24
8 5 25
8 5 26
8 5 27
8 5 28
8 5 29
8 6 17
8 6 18
8 6 19
8 6 20
8 6 21
8 6 22
8 6 23
8 6 24
8 6 25
8 6 26
8 7 13
8 7 14
8 7 15
8 7 16
8 7 17
8 7 18
8 7 19
8 7 20
8 7 21
8 7 22
8 7 23
8 8 8
8 8 9
8 8 10
8 8 11
8 8 12
8 8 13
8 8 14
8 8 15
8 8 16
8 8 17
8 8 18
8 8 19
8 8 20
8 9 8
8 9 9
8 9 10
8 9 11
8 9 12
8 9 13
8 9 14
8 9 15
8 9 16
8 9 17
8 10 8
8 10 9
8 10 10
8 10 11
8 10 12
8 10 13
8 10 14
8 11 8
8 11 9
9 0 35
9 1 32
9 1 33
9 1 34
9 1 35
9 1 36
9 2 30
9 2 31
9 2 32
9 2 33
9 2 34
9 2 35
9 2 36
9 3 28
9 3 29
9 3 30
9 3 31
9 3 32
9 3 33
9 3 34
9 3 35
9 3 36
9 4 25
9 4 26
9 4 27
9 4 28
9 4 29
9 4 30
9 4 31
9 4 32
9 5 22
9 5 23
9 5 24
9 5 25
9 5 26
9 5 27
9 5 28
9 5 29
9 5 30
9 6 19
9 6 20
9 6 21
9 6 22
9 6 23
9 6 24
9 6 25
9 6 26
9 6 27
9 7 16
9 7 17
9 7 18
9 7 19
9 7 20
9 7 21
9 7 22
9 7 23
9 7 24
9 8 9
9 8 10
9 8 11
9 8 12
9 8 13
9 8 14
9 8 15
9 8 16
9 8 17
9 8 18
9 8 19
9 8 20
9 8 21
9 8 22
9 9 8
9 9 9
9 9 10
9 9 11
9 9 12
9 9 13
9 9 14
9 9 15
9 9 16
9 9 17
9 9 18
9 10 8
9 10 9
9 10 10
9 10 11
9 10 12
9 10 13
9 10 14
9 10 15
9 11 8
9 11 9
9 11 10
10 1 34
10 1 35
10 1 36
10 2 31
10 2 32
10 2 33
10 2 34
10 2 35
10 2 36
10 3 28
10 3 29
10 3 30
10 3 31
10 3 32
10 3 33
10 3 34
10 3 35
10 3 36
10 4 26
10 4 27
10 4 28
10 4 29
10 4 30
10 4 31
10 4 32
10 4 33
10 5 23
10 5 24
10 5 25
10 5 26
10 5 27
10 5 28
10 5 29
10 5 30
10 5 31
10 6 19
10 6 20
10 6 21
10 6 22
10 6 23
10 6 24
10 6 25
10 6 26
10 6 27
10 6 28
10 6 29
10 7 17
10 7 18
10 7 19
10 7 20
10 7 21
10 7 22
10 7 23
10 7 24
10 7 25
10 8 14
10 8 15
10 8 16
10 8 17
10 8 18
10 8 19
10 8 20
10 8 21
10 8 22
10 8 23
10 9 8
10 9 9
10 9 10
10 9 11
10 9 12
10 9 13
10 9 14
10 9 15
10 9 16
10 9 17
10 9 18
10 9 19
10 9 20
10 10 8
10 10 9
10 10 10
10 10 11
10 10 12
10 10 13
10 10 14
10 10 15
10 10 16
10 10 17
10 11 8
10 11 9
10 11 10
10 11 11
10 11 12
10 11 13
10 12 8
10 12 9
11 1 34
11 1 35
11 1 36
11 2 32
11 2 33
11 2 34
11 2 35
11 2 36
11 3 30
11 3 31
11 3 32
11 3 33
11 3 34
11 3 35
11 3 36
11 4 28
11 4 29
11 4 30
11 4 31
11 4 32
11 4 33
11 4 34
11 4 35
11 4 36
11 5 25
11 5 26
11 5 27
11 5 28
11 5 29
11 5 30
11 5 31
11 5 32
11 6 21
11 6 22
11 6 23
11 6 24
11 6 25
11 6 26
11 6 27
11 6 28
11 6 29
11 6 30
11 7 18
11 7 19
11 7 20
11 7 21
11 7 22
11 7 23
11 7 24
11 7 25
11 7 26
11 7 27
11 8 15
11 8 16
11 8 17
11 8 18
11 8 19
11 8 20
11 8 21
11 8 22
11 8 23
11 8 24
11 9 8
11 9 9
11 9 10
11 9 11
11 9 12
11 9 13
11 9 14
11 9 15
11 9 16
11 9 17
11 9 18
11 9 19
11 9 20
11 9 21
11 10 8
11 10 9
11 10 10
11 10 11
11 10 12
11 10 13
11 10 14
11 10 15
11 10 16
11 10 17
11 10 18
11 11 7
11 11 8
11 11 9
11 11 10
11 12 8
11 12 9
12 1 36
12 2 34
12 2 35
12 2 36
12 3 31
12 3 32
12 3 33
12 3 34
12 3 35
12 3 36
12 4 28
12 4 29
12 4 30
12 4 31
12 4 32
12 4 33
12 4 34
12 4 35
12 4 36
12 5 25
12 5 26
12 5 27
12 5 28
12 5 29
12 5 30
12 5 31
12 5 32
12 5 33
12 6 23
12 6 24
12 6 25
12 6 26
12 6 27
12 6 28
12 6 29
12 6 30
12 6 31
12 7 20
12 7 21
12 7 22
12 7 23
12 7 24
12 7 25
12 7 26
12 7 27
12 7 28
12 8 16
12 8 17
12 8 18
12 8 19
12 8 20
12 8 21
12 8 22
12 8 23
12 8 24
12 8 25
12 9 15
12 9 16
12 9 17
12 9 18
12 9 19
12 9 20
12 9 21
12 9 22
12 10 8
12 10 9
12 10 15
12 10 16
12 10 17
12 10 18
12 11 7
12 11 8
12 11 9
12 12 7
12 12 8
12 12 9
12 13 8
13 2 34
13 2 35
13 2 36
13 3 32
13 3 33
13 3 34
13 3 35
13 3 36
13 4 30
13 4 31
13 4 32
13 4 33
13 4 34
13 4 35
13 4 36
13 5 27
13 5 28
13 5 29
13 5 30
13 5 31
13 5 32
13 5 33
13 5 34
13 5 35
13 5 36
13 6 24
13 6 25
13 6 26
13 6 27
13 6 28
13 6 29
13 6 30
13 6 31
13 6 32
13 7 20
13 7 21
13 7 22
13 7 23
13 7 24
13 7 25
13 7 26
13 7 27
13 7 28
13 7 29
13 8 18
13 8 19
13 8 20
13 8 21
13 8 22
13 8 23
13 8 24
13 8 25
13 8 26
13 8 27
13 9 19
13 9 20
13 9 21
13 9 22
13 9 23
13 9 24
13 10 8
13 10 9
13 11 7
13 11 8
13 11 9
13 12 7
13 12 8
13 12 9
13 13 7
13 13 8
13 13 9
14 2 35
14 2 36
14 3 33
14 3 34
14 3 35
14 3 36
14 4 31
14 4 32
14 4 33
14 4 34
14 4 35
14 4 36
14 5 28
14 5 29
14 5 30
14 5 31
14 5 32
14 5 33
14 5 34
14 5 35
14 5 36
14 6 25
14 6 26
14 6 27
14 6 28
14 6 29
14 6 30
14 6 31
14 6 32
14 6 33
14 7 22
14 7 23
14 7 24
14 7 25
14 7 26
14 7 27
14 7 28
14 7 29
14 7 30
14 7 31
14 8 21
14 8 22
14 8 23
14 8 24
14 8 25
14 8 26
14 8 27
14 8 28
14 9 23
14 9 24
14 11 7
14 11 8
14 12 7
14 12 8
14 12 9
14 13 7
14 13 8
14 13 9
14 14 8
15 3 34
15 3 35
15 3 36
15 4 32
15 4 33
15 4 34
15 4 35
15 4 36
15 5 29
15 5 30
15 5 31
15 5 32
15 5 33
15 5 34
15 5 35
15 5 36
15 6 26
15 6 27
15 6 28
15 6 29
15 6 30
15 6 31
15 6 32
15 6 33
15 6 34
15 6 35
15 7 25
15 7 26
15 7 27
15 7 28
15 7 29
15 7 30
15 7 31
15 7 32
15 11 7
15 11 8
15 12 7
15 12 8
15 12 9
15 13 7
15 13 8
15 13 9
15 14 7
15 14 8
15 14 9
16 3 35
16 4 33
16 4 34
16 4 35
16 4 36
16 5 31
16 5 32
16 5 33
16 5 34
16 5 35
16 5 36
16 6 29
16 6 30
16 6 31
16 6 32
16 6 33
16 6 34
16 6 35
16 6 36
16 7 29
16 7 30
16 7 31
16 7 32
16 12 7
16 12 8
16 13 7
16 13 8
16 13 9
16 14 7
16 14 8
16 14 9
16 15 7
17 4 34
17 4 35
17 5 32
17 5 33
17 5 34
17 5 35
17 5 36
17 6 33
17 6 34
17 6 35
17 6 36
17 7 35
17 12 8
17 13 7
17 13 8
17 14 7
17 14 8
17 14 9
17 15 7
17 15 8
18 4 34
18 4 35
18 5 34
18 5 35
18 5 36
18 6 34
18 6 35
18 6 36
18 7 34
18 7 35
18 13 7
18 13 8
18 14 6
18 14 7
18 14 8
18 15 6
18 15 7
18 15 8
18 16 7
18 16 8
19 5 34
19 5 35
19 6 34
19 6 35
19 6 36
19 7 34
19 7 35
19 7 36
19 8 34
19 13 7
19 13 8
19 14 6
19 14 7
19 14 8
19 15 6
19 15 7
19 15 8
19 16 6
19 16 7
19 16 8
20 5 34
20 5 35
20 6 34
20 6 35
20 6 36
20 7 34
20 7 35
20 7 36
20 8 34
20 8 35
20 14 6
20 14 7
20 15 6
20 15 7
20 15 8
20 16 6
20 16 7
20 16 8
21 6 34
21 6 35
21 7 33
21 7 34
21 7 35
21 8 34
21 8 35
21 9 34
21 14 6
21 14 7
21 15 6
21 15 7
21 15 8
21 16 6
21 16 7
21 16 8
21 17 6
21 17 7
21 17 8
22 6 34
22 7 33
22 7 34
22 7 35
22 8 33
22 8 34
22 8 35
22 9 33
22 9 34
22 9 35
22 15 6
22 15 7
22 15 8
22 16 6
22 16 7
22 16 8
22 17 6
22 17 7
22 17 8
22 18 6
22 18 7
23 7 33
23 7 34
23 7 35
23 8 33
23 8 34
23 8 35
23 9 33
23 9 34
23 9 35
23 10 34
23 15 6
23 15 7
23 16 6
23 16 7
23 17 6
23 17 7
23 17 8
23 18 6
23 18 7
23 19 6
23 19 7
23 20 6
23 20 9
23 20 10
23 20 11
23 21 6
23 21 9
23 21 10
23 21 11
23 21 12
23 22 9
23 22 10
23 22 11
24 7 34
24 8 33
24 8 34
24 8 35
24 9 33
24 9 34
24 9 35
24 10 33
24 10 34
24 15 7
24 16 6
24 16 7
24 17 5
24 17 6
24 17 7
24 18 5
24 18 6
24 18 7
24 18 8
24 19 5
24 19 6
24 19 7
24 19 8
24 19 9
24 19 10
24 19 11
24 19 12
24 19 13
24 19 14
24 19 15
24 20 5
24 20 6
24 20 7
24 20 8
24 20 9
24 20 10
24 20 11
24 20 12
24 20 13
24 20 14
24 20 15
24 20 16
24 21 5
24 21 6
24 21 7
24 21 8
24 21 9
24 21 10
24 21 11
24 21 12
24 21 13
24 21 14
24 21 15
24 22 7
24 22 8
24 22 9
24 22 10
24 22 11
24 22 12
24 22 13
24 22 14
24 22 15
24 23 9
24 23 10
24 23 11
24 23 12
25 8 33
25 8 34
25 9 33
25 9 34
25 9 35
25 10 33
25 10 34
25 11 34
25 16 5
25 16 6
25 16 7
25 17 5
25 17 6
25 17 7
25 18 5
25 18 6
25 18 7
25 18 8
25 18 9
25 18 10
25 18 11
25 18 12
25 18 13
25 18 14
25 18 15
25 18 16
25 18 17
25 18 18
25 18 19
25 19 5
25 19 6
25 19 7
25 19 8
25 19 9
25 19 10
25 19 11
25 19 12
25 19 13
25 19 14
25 19 15
25 19 16
25 19 17
25 19 18
25 19 19
25 20 5
25 20 6
25 20 7
25 20 8
25 20 9
25 20 10
25 20 11
25 20 12
25 20 13
25 20 14
25 20 15
25 20 16
25 20 17
25 20 18
25 20 19
25 21 5
25 21 6
25 21 7
25 21 8
25 21 9
25 21 10
25 21 11
25 21 12
25 21 13
25 21 14
25 21 15
25 21 16
25 21 17
25 21 18
25 22 6
25 22 7
25 22 8
25 22 9
25 22 10
25 22 11
25 22 12
25 22 13
25 22 14
25 22 15
25 22 16
25 23 6
25 23 7
25 23 8
25 23 11
25 23 12
25 24 6
25 24 7
26 8 33
26 8 34
26 9 33
26 9 34
26 9 35
26 10 33
26 10 34
26 11 33
26 11 34
26 17 5
26 17 6
26 17 7
26 18 5
26 18 6
26 18 7
26 18 8
26 18 9
26 18 10
26 18 11
26 18 12
26 18 13
26 18 14
26 18 15
26 18 16
26 18 17
26 18 18
26 18 19
26 18 20
26 18 21
26 18 22
26 18 23
26 19 5
26 19 6
26 19 7
26 19 8
26 19 9
26 19 10
26 19 11
26 19 12
26 19 13
26 19 14
26 19 15
26 19 16
26 19 17
26 19 18
26 19 19
26 19 20
26 19 21
26 19 22
26 19 23
26 20 4
26 20 5
26 20 6
26 20 7
26 20 8
26 20 9
26 20 10
26 20 11
26 20 12
26 20 13
26 20 14
26 20 15
26 20 16
26 20 17
26 20 18
26 20 19
26 20 20
26 20 21
26 20 22
26 21 5
26 21 6
26 21 7
26 21 8
26 21 13
26 21 14
26 21 15
26 21 16
26 21 17
26 21 18
26 21 19
26 21 20
26 21 21
26 22 6
26 22 7
26 22 8
26 22 15
26 22 16
26 22 17
26 23 6
26 23 7
26 23 8
26 24 6
26 24 7
26 24 8
26 25 6
26 25 7
26 25 8
26 26 6
26 26 7
26 26 8
26 27 7
27 9 33
27 9 34
27 10 32
27 10 33
27 10 34
27 11 33
27 11 34
27 17 5
27 17 6
27 17 7
27 17 8
27 17 9
27 17 10
27 17 11
27 17 12
27 17 13
27 17 14
27 17 15
27 17 16
27 17 17
27 17 18
27 17 19
27 17 20
27 17 21
27 17 22
27 17 23
27 17 24
27 17 25
27 17 26
27 17 27
27 18 5
27 18 6
27 18 7
27 18 8
27 18 9
27 18 10
27 18 11
27 18 12
27 18 13
27 18 14
27 18 15
27 18 16
27 18 17
27 18 18
27 18 19
27 18 20
27 18 21
27 18 22
27 18 23
27 18 24
27 18 25
27 18 26
27 18 27
27 19 4
27 19 5
27 19 6
27 19 7
27 19 8
27 19 9
27 19 10
27 19 11
27 19 12
27 19 13
27 19 14
27 19 15
27 19 16
27 19 17
27 19 18
27 19 19
27 19 20
27 19 21
27 19 22
27 19 23
27 19 24
27 19 25
27 19 26
27 19 27
27 20 4
27 20 5
27 20 6
27 20 7
27 20 8
27 20 17
27 20 18
27 20 19
27 20 20
27 20 21
27 20 22
27 20 23
27 20 24
27 20 25
27 20 26
27 21 4
27 21 5
27 21 6
27 21 7
27 21 17
27 21 18
27 21 19
27 21 20
27 21 21
27 21 22
27 21 23
27 22 6
27 22 7
27 22 8
27 23 6
27 23 7
27 23 8
27 24 6
27 24 7
27 24 8
27 25 6
27 25 7
27 25 8
27 26 6
27 26 7
27 26 8
27 27 6
27 27 7
27 27 8
27 28 7
27 28 8
27 29 7
28 9 33
28 10 32
28 10 33
28 10 34
28 11 32
28 11 33
28 11 34
28 12 33
28 12 34
28 16 6
28 16 7
28 16 8
28 16 9
28 16 10
28 16 11
28 16 12
28 16 13
28 16 14
28 16 15
28 16 16
28 16 17
28 16 18
28 16 19
28 16 20
28 16 21
28 16 22
28 16 23
28 16 24
28 16 25
28 16 26
28 16 27
28 16 28
28 16 29
28 16 30
28 17 6
28 17 7
28 17 8
28 17 9
28 17 10
28 17 11
28 17 12
28 17 13
28 17 14
28 17 15
28 17 16
28 17 17
28 17 18
28 17 19
28 17 20
28 17 21
28 17 22
28 17 23
28 17 24
28 17 25
28 17 26
28 17 27
28 17 28
28 17 29
28 17 30
28 18 5
28 18 6
28 18 7
28 18 8
28 18 9
28 18 10
28 18 11
28 18 12
28 18 13
28 18 14
28 18 15
28 18 16
28 18 17
28 18 18
28 18 19
28 18 20
28 18 21
28 18 22
28 18 23
28 18 24
28 18 25
28 18 26
28 18 27
28 18 28
28 18 29
28 18 30
28 19 4
28 19 5
28 19 6
28 19 7
28 19 21
28 19 22
28 19 23
28 19 24
28 19 25
28 19 26
28 19 27
28 19 28
28 19 29
28 19 30
28 20 4
28 20 5
28 20 6
28 20 7
28 20 21
28 20 22
28 20 23
28 20 24
28 20 25
28 20 26
28 20 27
28 21 5
28 23 6
28 23 7
28 24 6
28 24 7
28 25 6
28 25 7
28 25 8
28 26 6
28 26 7
28 26 8
28 27 6
28 27 7
28 27 8
28 28 6
28 28 7
28 28 8
28 29 6
28 29 7
28 29 8
28 30 7
28 30 8
28 30 9
28 31 7
28 31 8
29 10 32
29 10 33
29 10 34
29 11 32
29 11 33
29 11 34
29 12 32
29 12 33
29 12 34
29 13 33
29 15 7
29 15 8
29 15 10
29 15 22
29 15 24
29 15 25
29 16 6
29 16 7
29 16 8
29 16 9
29 16 10
29 16 11
29 16 12
29 16 13
29 16 14
29 16 15
29 16 16
29 16 17
29 16 18
29 16 19
29 16 20
29 16 21
29 16 22
29 16 23
29 16 24
29 16 25
29 16 26
29 16 27
29 16 28
29 16 29
29 16 30
29 16 31
29 16 32
29 17 5
29 17 6
29 17 7
29 17 8
29 17 9
29 17 10
29 17 11
29 17 12
29 17 13
29 17 14
29 17 15
29 17 16
29 17 17
29 17 18
29 17 19
29 17 20
29 17 21
29 17 22
29 17 23
29 17 24
29 17 25
29 17 26
29 17 27
29 17 28
29 17 29
29 17 30
29 17 31
29 17 32
29 18 5
29 18 6
29 18 7
29 18 12
29 18 13
29 18 14
29 18 15
29 18 16
29 18 17
29 18 19
29 18 25
29 18 26
29 18 27
29 18 28
29 18 29
29 18 30
29 18 31
29 18 32
29 19 4
29 19 5
29 19 6
29 19 7
29 19 24
29 19 25
29 19 26
29 19 27
29 19 28
29 19 29
29 19 30
29 19 31
29 20 4
29 20 5
29 20 6
29 20 7
29 20 26
29 20 27
29 20 28
29 21 4
29 21 5
29 21 6
29 25 7
29 26 6
29 26 7
29 27 6
29 27 7
29 27 8
29 28 6
29 28 7
29 28 8
29 29 6
29 29 7
29 29 8
29 30 7
29 30 8
29 30 9
29 31 7
29 31 8
29 31 9
29 32 7
29 32 8
29 32 9
29 33 7
29 33 8
29 34 8
30 10 32
30 10 33
30 11 32
30 11 33
30 11 34
30 12 32
30 12 33
30 12 34
30 13 32
30 13 33
30 14 32
30 14 33
30 15 5
30 15 6
30 15 7
30 15 8
30 15 9
30 15 10
30 15 11
30 15 12
30 15 13
30 15 14
30 15 15
30 15 16
30 15 17
30 15 18
30 15 19
30 15 20
30 15 21
30 15 22
30 15 23
30 15 24
30 15 25
30 15 26
30 15 27
30 15 28
30 15 29
30 15 30
30 15 31
30 15 32
30 16 5
30 16 6
30 16 7
30 16 8
30 16 9
30 16 10
30 16 11
30 16 12
30 16 13
30 16 14
30 16 15
30 16 16
30 16 17
30 16 18
30 16 19
30 16 20
30 16 21
30 16 22
30 16 23
30 16 24
30 16 25
30 16 26
30 16 27
30 16 28
30 16 29
30 16 30
30 16 31
30 16 32
30 16 33
30 17 5
30 17 6
30 17 7
30 17 8
30 17 9
30 17 10
30 17 11
30 17 12
30 17 13
30 17 14
30 17 15
30 17 16
30 17 17
30 17 18
30 17 19
30 17 20
30 17 21
30 17 22
30 17 23
30 17 24
30 17 25
30 17 26
30 17 27
30 17 28
30 17 29
30 17 30
30 17 31
30 17 32
30 17 33
30 18 5
30 18 6
30 18 28
30 18 29
30 18 30
30 18 31
30 18 32
30 18 33
30 19 4
30 19 5
30 19 6
30 19 30
30 19 31
30 19 32
30 20 4
30 20 5
30 20 6
30 21 4
30 21 5
30 21 6
30 28 6
30 28 7
30 28 8
30 29 7
30 29 8
30 30 7
30 30 8
30 31 7
30 31 8
30 32 7
30 32 8
30 32 9
30 33 7
30 33 8
30 33 9
30 34 7
30 34 8
30 34 9
30 35 7
30 35 8
30 35 9
30 36 7
30 36 8
31 11 32
31 11 33
31 12 32
31 12 33
31 12 34
31 13 32
31 13 33
31 13 34
31 14 5
31 14 6
31 14 7
31 14 8
31 14 9
31 14 10
31 14 11
31 14 12
31 14 13
31 14 14
31 14 15
31 14 16
31 14 17
31 14 18
31 14 19
31 14 20
31 14 21
31 14 22
31 14 23
31 14 24
31 14 25
31 14 26
31 14 27
31 14 28
31 14 29
31 14 30
31 14 31
31 14 32
31 14 33
31 14 34
31 15 5
31 15 6
31 15 7
31 15 8
31 15 9
31 15 10
31 15 11
31 15 12
31 15 13
31 15 14
31 15 15
31 15 16
31 15 17
31 15 18
31 15 19
31 15 20
31 15 21
31 15 22
31 15 23
31 15 24
31 15 25
31 15 26
31 15 27
31 15 28
31 15 29
31 15 30
31 15 31
31 15 32
31 15 33
31 15 34
31 16 4
31 16 5
31 16 6
31 16 7
31 16 8
31 16 9
31 16 10
31 16 11
31 16 12
31 16 13
31 16 14
31 16 15
31 16 16
31 16 17
31 16 18
31 16 19
31 16 20
31 16 21
31 16 22
31 16 23
31 16 24
31 16 25
31 16 26
31 16 27
31 16 28
31 16 29
31 16 30
31 16 31
31 16 32
31 16 33
31 16 34
31 17 5
31 17 6
31 17 31
31 17 32
31 17 33
31 18 5
31 18 6
31 18 31
31 18 32
31 18 33
31 19 4
31 19 5
31 19 6
31 20 4
31 20 5
31 20 6
31 21 4
31 21 5
31 21 6
31 22 4
31 22 5
31 22 6
31 30 7
31 30 8
31 31 7
31 31 8
31 32 7
31 32 8
31 33 7
31 33 8
31 33 9
31 34 7
31 34 8
31 34 9
31 35 7
31 35 8
31 35 9
31 36 7
31 36 8
31 36 9
31 37 7
31 37 8
31 37 9
31 38 7
31 38 8
31 38 9
31 39 8
32 11 32
32 11 33
32 12 32
32 12 33
32 12 34
32 13 5
32 13 6
32 13 7
32 13 8
32 13 9
32 13 10
32 13 11
32 13 12
32 13 13
32 13 14
32 13 15
32 13 16
32 13 17
32 13 18
32 13 19
32 13 20
32 13 21
32 13 22
32 13 23
32 13 24
32 13 25
32 13 26
32 13 27
32 13 28
32 13 29
32 13 30
32 13 31
32 13 32
32 13 33
32 13 34
32 14 4
32 14 5
32 14 6
32 14 7
32 14 8
32 14 9
32 14 10
32 14 11
32 14 12
32 14 13
32 14 14
32 14 15
32 14 16
32 14 17
32 14 18
32 14 19
32 14 20
32 14 21
32 14 22
32 14 23
32 14 24
32 14 25
32 14 26
32 14 27
32 14 28
32 14 29
32 14 30
32 14 31
32 14 32
32 14 33
32 14 34
32 15 4
32 15 5
32 15 6
32 15 7
32 15 8
32 15 9
32 15 10
32 15 11
32 15 12
32 15 13
32 15 14
32 15 15
32 15 16
32 15 17
32 15 18
32 15 19
32 15 20
32 15 21
32 15 22
32 15 23
32 15 24
32 15 25
32 15 26
32 15 27
32 15 28
32 15 29
32 15 30
32 15 31
32 15 32
32 15 33
32 15 34
32 16 4
32 16 5
32 16 6
32 16 32
32 16 33
32 16 34
32 16 35
32 17 4
32 17 5
32 17 32
32 17 33
32 17 34
32 18 33
32 18 34
32 19 33
32 19 34
32 20 4
32 20 5
32 20 6
32 21 4
32 21 5
32 21 6
32 22 4
32 22 5
32 22 6
32 32 8
32 33 7
32 33 8
32 34 7
32 34 8
32 34 9
32 35 7
32 35 8
32 35 9
32 36 7
32 36 8
32 36 9
32 37 7
32 37 8
32 37 9
32 38 7
32 38 8
32 38 9
32 38 10
32 38 11
32 39 7
32 39 8
32 39 9
32 39 10
32 39 11
32 40 7
32 40 8
32 40 9
32 41 8
32 41 9
33 12 32
33 12 33
33 13 4
33 13 5
33 13 6
33 13 7
33 13 8
33 13 9
33 13 10
33 13 11
33 13 12
33 13 13
33 13 14
33 13 15
33 13 16
33 13 17
33 13 18
33 13 19
33 13 20
33 13 21
33 13 22
33 13 23
33 13 24
33 13 25
33 13 26
33 13 27
33 13 28
33 13 29
33 13 30
33 13 31
33 13 32
33 13 33
33 14 4
33 14 5
33 14 6
33 14 7
33 14 8
33 14 9
33 14 10
33 14 11
33 14 12
33 14 13
33 14 14
33 14 15
33 14 16
33 14 17
33 14 18
33 14 19
33 14 20
33 14 21
33 14 22
33 14 23
33 14 24
33 14 25
33 14 26
33 14 27
33 14 28
33 14 29
33 14 30
33 14 31
33 14 32
33 14 33
33 15 4
33 15 5
33 15 6
33 15 7
33 15 9
33 15 10
33 15 11
33 15 12
33 15 13
33 15 15
33 15 16
33 15 17
33 15 18
33 15 19
33 15 20
33 15 21
33 15 23
33 15 24
33 15 25
33 15 26
33 15 27
33 15 29
33 15 30
33 15 31
33 15 32
33 15 33
33 15 34
33 16 4
33 16 5
33 16 32
33 16 33
33 16 34
33 17 32
33 17 33
33 17 34
33 18 32
33 18 33
33 18 34
33 19 32
33 19 33
33 19 34
33 19 35
33 20 4
33 20 5
33 20 33
33 20 34
33 20 35
33 21 4
33 21 5
33 21 6
33 21 33
33 21 34
33 22 4
33 22 5
33 22 6
33 22 33
33 22 34
33 23 4
33 23 5
33 35 8
33 36 7
33 36 8
33 37 7
33 37 8
33 37 9
33 37 11
33 37 12
33 37 13
33 37 14
33 37 15
33 38 7
33 38 8
33 38 9
33 38 10
33 38 11
33 38 12
33 38 13
33 38 14
33 38 15
33 39 7
33 39 8
33 39 9
33 39 10
33 39 11
33 39 12
33 39 13
33 39 14
33 40 7
33 40 8
33 40 9
33 40 10
33 41 7
33 41 8
33 41 9
33 42 8
33 42 9
33 42 10
33 43 8
33 43 9
33 44 8
33 44 9
34 12 4
34 12 5
34 12 6
34 12 7
34 12 8
34 12 9
34 12 10
34 12 11
34 12 12
34 12 13
34 12 14
34 12 15
34 12 16
34 12 17
34 12 18
34 12 19
34 12 20
34 12 21
34 12 22
34 12 23
34 12 24
34 12 25
34 12 26
34 12 27
34 12 28
34 12 29
34 12 30
34 12 31
34 12 32
34 13 3
34 13 4
34 13 5
34 13 6
34 13 7
34 13 8
34 13 9
34 13 10
34 13 11
34 13 12
34 13 13
34 13 14
34 13 15
34 13 16
34 13 17
34 13 18
34 13 19
34 13 20
34 13 21
34 13 22
34 13 23
34 13 24
34 13 25
34 13 26
34 13 27
34 13 28
34 13 29
34 13 30
34 13 31
34 13 32
34 13 33
34 14 3
34 14 4
34 14 5
34 14 6
34 14 7
34 14 8
34 14 9
34 14 10
34 14 11
34 14 12
34 14 13
34 14 14
34 14 15
34 14 16
34 14 17
34 14 18
34 14 19
34 14 20
34 14 21
34 14 22
34 14 23
34 14 24
34 14 25
34 14 26
34 14 27
34 14 28
34 14 29
34 14 30
34 14 31
34 14 32
34 14 33
34 15 3
34 15 4
34 15 5
34 15 31
34 15 32
34 15 33
34 15 34
34 16 4
34 16 32
34 16 33
34 16 34
34 17 32
34 17 33
34 17 34
34 18 32
34 18 33
34 18 34
34 19 32
34 19 33
34 19 34
34 20 5
34 20 33
34 20 34
34 20 35
34 21 4
34 21 5
34 21 33
34 21 34
34 21 35
34 22 4
34 22 5
34 22 6
34 22 33
34 22 34
34 22 35
34 23 4
34 23 5
34 23 33
34 23 34
34 24 34
34 36 16
34 36 18
34 36 19
34 37 9
34 37 10
34 37 11
34 37 12
34 37 13
34 37 14
34 37 15
34 37 16
34 37 17
34 37 18
34 37 19
34 38 7
34 38 8
34 38 9
34 38 10
34 38 11
34 38 12
34 38 13
34 38 14
34 38 15
34 38 16
34 38 17
34 39 7
34 39 8
34 39 9
34 39 10
34 39 11
34 39 12
34 39 13
34 39 14
34 39 15
34 40 7
34 40 8
34 40 9
34 41 8
34 41 9
34 42 7
34 42 8
34 42 9
34 42 10
34 43 8
34 43 9
34 43 10
34 44 8
34 44 9
34 44 10
34 45 8
34 45 9
34 45 10
34 46 8
34 46 9
35 11 3
35 11 4
35 11 5
35 11 6
35 11 7
35 11 8
35 11 9
35 11 10
35 11 11
35 11 12
35 11 13
35 11 14
35 11 15
35 11 16
35 11 17
35 11 18
35 11 19
35 11 20
35 11 21
35 11 22
35 11 23
35 11 24
35 11 25
35 11 26
35 11 27
35 11 28
35 11 29
35 11 30
35 12 3
35 12 4
35 12 5
35 12 6
35 12 7
35 12 8
35 12 9
35 12 10
35 12 11
35 12 12
35 12 13
35 12 14
35 12 15
35 12 16
35 12 17
35 12 18
35 12 19
35 12 20
35 12 21
35 12 22
35 12 23
35 12 24
35 12 25
35 12 26
35 12 27
35 12 28
35 12 29
35 12 30
35 12 31
35 13 3
35 13 4
35 13 5
35 13 6
35 13 7
35 13 8
35 13 9
35 13 10
35 13 11
35 13 12
35 13 13
35 13 14
35 13 15
35 13 16
35 13 17
35 13 18
35 13 19
35 13 20
35 13 21
35 13 22
35 13 23
35 13 24
35 13 25
35 13 26
35 13 27
35 13 28
35 13 29
35 13 30
35 13 31
35 13 32
35 13 33
35 14 3
35 14 4
35 14 30
35 14 31
35 14 32
35 14 33
35 15 3
35 15 4
35 15 31
35 15 32
35 15 33
35 15 34
35 16 32
35 16 33
35 16 34
35 18 33
35 19 33
35 20 33
35 20 34
35 21 4
35 21 5
35 21 33
35 21 34
35 21 35
35 22 4
35 22 5
35 22 33
35 22 34
35 22 35
35 23 3
35 23 4
35 23 5
35 23 6
35 23 33
35 23 34
35 23 35
35 24 4
35 24 5
35 24 33
35 24 34
35 24 35
35 25 33
35 25 34
35 25 35
35 26 33
35 26 34
35 27 33
35 27 34
35 36 14
35 36 15
35 36 16
35 36 17
35 36 18
35 36 19
35 36 20
35 36 21
35 36 22
35 36 23
35 37 12
35 37 13
35 37 14
35 37 15
35 37 16
35 37 17
35 37 18
35 37 19
35 37 20
35 37 21
35 37 22
35 38 11
35 38 12
35 38 13
35 38 14
35 38 15
35 38 16
35 38 17
35 38 18
35 38 19
35 38 20
35 38 21
35 40 8
35 40 9
35 41 8
35 41 9
35 42 8
35 42 9
35 43 8
35 43 9
35 44 8
35 44 9
35 44 10
35 45 8
35 45 9
35 45 10
35 46 8
35 46 9
35 46 10
36 10 3
36 10 4
36 10 5
36 10 6
36 10 7
36 10 8
36 10 9
36 10 10
36 10 11
36 10 12
36 10 13
36 10 14
36 10 15
36 10 16
36 10 17
36 10 18
36 10 19
36 10 20
36 10 21
36 10 22
36 10 23
36 10 24
36 10 25
36 10 26
36 10 27
36 10 28
36 10 29
36 11 3
36 11 4
36 11 5
36 11 6
36 11 7
36 11 8
36 11 9
36 11 10
36 11 11
36 11 12
36 11 13
36 11 14
36 11 15
36 11 16
36 11 17
36 11 18
36 11 19
36 11 20
36 11 21
36 11 22
36 11 23
36 11 24
36 11 25
36 11 26
36 11 27
36 11 28
36 11 29
36 11 30
36 12 3
36 12 4
36 12 5
36 12 6
36 12 7
36 12 8
36 12 9
36 12 10
36 12 11
36 12 12
36 12 13
36 12 14
36 12 15
36 12 16
36 12 17
36 12 18
36 12 19
36 12 20
36 12 21
36 12 22
36 12 23
36 12 24
36 12 25
36 12 26
36 12 27
36 12 28
36 12 29
36 12 30
36 12 31
36 13 2
36 13 3
36 13 4
36 13 30
36 13 31
36 13 32
36 14 3
36 14 4
36 14 31
36 14 32
36 14 33
36 15 31
36 15 32
36 15 33
36 16 31
36 16 32
36 16 33
36 16 34
36 20 33
36 21 4
36 21 5
36 21 33
36 22 3
36 22 4
36 22 5
36 22 33
36 22 34
36 23 3
36 23 4
36 23 5
36 23 33
36 23 34
36 23 35
36 24 3
36 24 4
36 24 5
36 24 33
36 24 34
36 24 35
36 25 33
36 25 34
36 25 35
36 26 33
36 26 34
36 26 35
36 27 33
36 27 34
36 27 35
36 28 33
36 28 34
36 28 35
36 29 34
36 35 20
36 35 21
36 35 22
36 35 23
36 35 24
36 35 25
36 35 26
36 35 27
36 36 16
36 36 17
36 36 18
36 36 19
36 36 20
36 36 21
36 36 22
36 36 23
36 36 24
36 36 25
36 36 26
36 37 15
36 37 16
36 37 17
36 37 18
36 37 19
36 37 20
36 37 21
36 37 22
36 37 23
36 37 24
36 42 9
36 43 8
36 43 9
36 44 8
36 44 9
36 45 8
36 45 9
36 45 10
36 46 8
36 46 9
36 46 10
37 10 2
37 10 3
37 10 4
37 10 5
37 10 6
37 10 7
37 10 8
37 10 9
37 10 10
37 10 11
37 10 12
37 10 13
37 10 14
37 10 15
37 10 16
37 10 17
37 10 18
37 10 19
37 10 20
37 10 21
37 10 22
37 10 23
37 10 24
37 10 25
37 10 26
37 10 27
37 10 28
37 10 29
37 10 30
37 11 2
37 11 3
37 11 4
37 11 5
37 11 6
37 11 7
37 11 8
37 11 9
37 11 10
37 11 11
37 11 12
37 11 13
37 11 14
37 11 15
37 11 16
37 11 17
37 11 18
37 11 19
37 11 20
37 11 21
37 11 22
37 11 23
37 11 24
37 11 25
37 11 26
37 11 27
37 11 28
37 11 29
37 11 30
37 12 2
37 12 3
37 12 4
37 12 5
37 12 6
37 12 7
37 12 8
37 12 9
37 12 10
37 12 11
37 12 12
37 12 13
37 12 14
37 12 15
37 12 16
37 12 17
37 12 18
37 12 19
37 12 20
37 12 21
37 12 22
37 12 23
37 12 24
37 12 25
37 12 26
37 12 27
37 12 28
37 12 29
37 12 30
37 12 31
37 13 2
37 13 3
37 13 30
37 13 31
37 14 31
37 14 32
37 15 31
37 15 32
37 15 33
37 16 31
37 16 32
37 16 33
37 17 33
37 22 3
37 22 4
37 22 5
37 23 3
37 23 4
37 23 5
37 23 33
37 23 34
37 24 3
37 24 4
37 24 5
37 24 33
37 24 34
37 25 3
37 25 4
37 25 5
37 25 33
37 25 34
37 26 33
37 26 34
37 26 35
37 27 33
37 27 34
37 27 35
37 28 33
37 28 34
37 28 35
37 29 33
37 29 34
37 29 35
37 30 34
37 30 35
37 31 34
37 31 35
37 32 34
37 34 27
37 34 28
37 34 29
37 34 30
37 35 20
37 35 21
37 35 22
37 35 23
37 35 24
37 35 25
37 35 26
37 35 27
37 35 28
37 35 29
37 35 30
37 36 18
37 36 19
37 36 20
37 36 21
37 36 22
37 36 23
37 36 24
37 36 25
37 36 26
37 36 27
37 36 28
37 36 29
37 37 21
37 37 22
37 37 23
37 37 24
37 37 25
37 37 26
37 45 8
37 45 9
38 9 2
38 9 3
38 9 4
38 9 5
38 9 6
38 9 7
38 9 8
38 9 9
38 9 10
38 9 11
38 9 12
38 9 13
38 9 14
38 9 15
38 9 16
38 9 17
38 9 18
38 9 19
38 9 20
38 9 21
38 9 22
38 9 23
38 9 24
38 9 25
38 9 26
38 9 27
38 9 28
38 9 29
38 10 2
38 10 3
38 10 4
38 10 5
38 10 6
38 10 7
38 10 8
38 10 9
38 10 10
38 10 11
38 10 12
38 10 13
38 10 14
38 10 15
38 10 16
38 10 17
38 10 18
38 10 19
38 10 20
38 10 21
38 10 22
38 10 23
38 10 24
38 10 25
38 10 26
38 10 27
38 10 28
38 10 29
38 10 30
38 11 2
38 11 3
38 11 4
38 11 5
38 11 6
38 11 7
38 11 8
38 11 9
38 11 10
38 11 11
38 11 12
38 11 13
38 11 14
38 11 15
38 11 16
38 11 17
38 11 18
38 11 19
38 11 20
38 11 21
38 11 22
38 11 23
38 11 24
38 11 25
38 11 26
38 11 27
38 11 28
38 11 29
38 11 30
38 11 31
38 12 2
38 12 3
38 12 29
38 12 30
38 12 31
38 13 2
38 13 3
38 13 30
38 13 31
38 14 31
38 14 32
38 15 31
38 15 32
38 15 33
38 16 31
38 16 32
38 16 33
38 17 31
38 17 32
38 22 4
38 23 3
38 23 4
38 23 5
38 24 3
38 24 4
38 24 5
38 25 3
38 25 4
38 25 5
38 25 34
38 26 33
38 26 34
38 27 33
38 27 34
38 28 33
38 28 34
38 28 35
38 29 33
38 29 34
38 29 35
38 30 33
38 30 34
38 30 35
38 31 33
38 31 34
38 31 35
38 31 36
38 32 34
38 32 35
38 32 36
38 33 34
38 33 35
38 33 36
38 34 25
38 34 26
38 34 27
38 34 28
38 34 29
38 34 30
38 34 31
38 34 32
38 34 33
38 34 34
38 34 35
38 35 23
38 35 24
38 35 25
38 35 26
38 35 27
38 35 28
38 35 29
38 35 30
38 35 31
38 35 32
38 35 33
38 36 22
38 36 23
38 36 24
38 36 25
38 36 26
38 36 27
38 36 28
38 36 29
38 36 30
38 36 31
39 8 2
39 8 3
39 8 4
39 8 5
39 8 6
39 8 7
39 8 8
39 8 9
39 8 10
39 8 11
39 8 12
39 8 13
39 8 14
39 8 15
39 8 16
39 8 17
39 8 18
39 8 19
39 8 20
39 8 21
39 8 22
39 8 23
39 8 24
39 8 25
39 8 26
39 8 27
39 8 28
39 9 2
39 9 3
39 9 4
39 9 5
39 9 6
39 9 7
39 9 8
39 9 9
39 9 10
39 9 11
39 9 12
39 9 13
39 9 14
39 9 15
39 9 16
39 9 17
39 9 18
39 9 19
39 9 20
39 9 21
39 9 22
39 9 23
39 9 24
39 9 25
39 9 26
39 9 27
39 9 28
39 9 29
39 10 1
39 10 2
39 10 3
39 10 4
39 10 5
39 10 6
39 10 7
39 10 8
39 10 9
39 10 10
39 10 11
39 10 12
39 10 13
39 10 14
39 10 15
39 10 16
39 10 17
39 10 18
39 10 19
39 10 20
39 10 21
39 10 22
39 10 23
39 10 24
39 10 25
39 10 26
39 10 27
39 10 28
39 10 29
39 10 30
39 11 1
39 11 2
39 11 3
39 11 29
39 11 30
39 12 1
39 12 2
39 12 30
39 12 31
39 15 31
39 15 32
39 16 30
39 16 31
39 16 32
39 17 30
39 17 31
39 17 32
39 23 3
39 23 4
39 24 3
39 24 4
39 24 5
39 25 3
39 25 4
39 25 5
39 26 3
39 26 4
39 28 33
39 28 34
39 29 33
39 29 34
39 30 33
39 30 34
39 30 35
39 31 33
39 31 34
39 31 35
39 32 34
39 32 35
39 32 36
39 33 30
39 33 31
39 33 32
39 33 33
39 33 34
39 33 35
39 33 36
39 34 27
39 34 28
39 34 29
39 34 30
39 34 31
39 34 32
39 34 33
39 34 34
39 34 35
39 34 36
39 35 26
39 35 27
39 35 28
39 35 29
39 35 30
39 35 31
39 35 32
39 35 33
39 35 34
39 35 35
39 35 36
39 36 34
39 36 35
40 7 4
40 7 6
40 7 7
40 7 8
40 7 9
40 7 10
40 7 11
40 7 12
40 7 13
40 7 15
40 7 16
40 7 17
40 7 19
40 7 21
40 7 22
40 7 23
40 7 24
40 7 25
40 7 26
40 7 27
40 8 2
40 8 3
40 8 4
40 8 5
40 8 6
40 8 7
40 8 8
40 8 9
40 8 10
40 8 11
40 8 12
40 8 13
40 8 14
40 8 15
40 8 16
40 8 17
40 8 18
40 8 19
40 8 20
40 8 21
40 8 22
40 8 23
40 8 24
40 8 25
40 8 26
40 8 27
40 8 28
40 8 29
40 9 1
40 9 2
40 9 3
40 9 4
40 9 5
40 9 6
40 9 7
40 9 8
40 9 9
40 9 10
40 9 11
40 9 12
40 9 13
40 9 14
40 9 15
40 9 16
40 9 17
40 9 18
40 9 19
40 9 20
40 9 21
40 9 22
40 9 23
40 9 24
40 9 25
40 9 26
40 9 27
40 9 28
40 9 29
40 10 1
40 10 2
40 10 28
40 10 29
40 10 30
40 11 1
40 11 2
40 11 29
40 11 30
40 15 30
40 15 31
40 16 30
40 16 31
40 16 32
40 17 30
40 17 31
40 17 32
40 18 30
40 18 31
40 18 32
40 23 3
40 23 4
40 24 3
40 24 4
40 25 3
40 25 4
40 25 5
40 26 3
40 26 4
40 26 5
40 31 34
40 31 35
40 32 34
40 32 35
40 33 31
40 33 32
40 33 33
40 33 34
40 33 35
40 34 30
40 34 31
40 34 32
40 34 33
40 34 34
40 34 35
40 34 36
40 35 33
40 35 34
40 35 35
40 35 36
40 36 34
40 36 35
40 36 36
40 37 34
40 37 35
40 37 36
40 38 34
40 38 35
40 38 36
40 39 35
41 7 2
41 7 3
41 7 4
41 7 5
41 7 6
41 7 7
41 7 8
41 7 9
41 7 10
41 7 11
41 7 12
41 7 13
41 7 14
41 7 15
41 7 16
41 7 17
41 7 18
41 7 19
41 7 20
41 7 21
41 7 22
41 7 23
41 7 24
41 7 25
41 7 26
41 7 27
41 7 28
41 8 1
41 8 2
41 8 3
41 8 4
41 8 5
41 8 6
41 8 7
41 8 8
41 8 9
41 8 10
41 8 11
41 8 12
41 8 13
41 8 14
41 8 15
41 8 16
41 8 17
41 8 18
41 8 19
41 8 20
41 8 21
41 8 22
41 8 23
41 8 24
41 8 25
41 8 26
41 8 27
41 8 28
41 8 29
41 9 1
41 9 2
41 9 3
41 9 4
41 9 5
41 9 6
41 9 7
41 9 8
41 9 9
41 9 10
41 9 11
41 9 12
41 9 13
41 9 14
41 9 15
41 9 16
41 9 17
41 9 18
41 9 19
41 9 20
41 9 21
41 9 22
41 9 23
41 9 24
41 9 25
41 9 26
41 9 27
41 9 28
41 9 29
41 10 1
41 10 2
41 10 28
41 10 29
41 10 30
41 11 1
41 11 2
41 11 29
41 16 30
41 16 31
41 16 32
41 17 30
41 17 31
41 17 32
41 18 30
41 18 31
41 18 32
41 24 3
41 24 4
41 25 2
41 25 3
41 25 4
41 26 2
41 26 3
41 26 4
41 27 3
41 27 4
41 33 34
41 34 34
41 34 35
41 35 34
41 35 35
41 35 36
41 36 34
41 36 35
41 36 36
41 37 34
41 37 35
41 37 36
41 38 34
41 38 35
41 38 36
41 39 34
41 39 35
41 39 36
41 40 34
41 40 35
41 40 36
41 41 35
41 41 36
42 6 5
42 6 6
42 6 7
42 6 8
42 6 9
42 6 10
42 6 11
42 6 12
42 6 13
42 6 14
42 6 15
42 6 16
42 6 17
42 6 18
42 6 19
42 6 20
42 6 21
42 6 22
42 6 23
42 6 24
42 6 25
42 6 26
42 6 27
42 7 3
42 7 4
42 7 5
42 7 6
42 7 7
42 7 8
42 7 9
42 7 10
42 7 11
42 7 12
42 7 13
42 7 14
42 7 15
42 7 16
42 7 17
42 7 18
42 7 19
42 7 20
42 7 21
42 7 22
42 7 23
42 7 24
42 7 25
42 7 26
42 7 27
42 7 28
42 8 2
42 8 3
42 8 4
42 8 5
42 8 6
42 8 7
42 8 8
42 8 9
42 8 10
42 8 11
42 8 12
42 8 13
42 8 14
42 8 15
42 8 16
42 8 17
42 8 18
42 8 19
42 8 20
42 8 21
42 8 22
42 8 23
42 8 24
42 8 25
42 8 26
42 8 27
42 8 28
42 8 29
42 9 1
42 9 2
42 9 3
42 9 4
42 9 28
42 9 29
42 10 1
42 10 2
42 10 28
42 10 29
42 16 30
42 16 31
42 17 30
42 17 31
42 17 32
42 18 30
42 18 31
42 18 32
42 19 30
42 19 31
42 24 3
42 24 4
42 25 2
42 25 3
42 25 4
42 26 2
42 26 3
42 26 4
42 27 2
42 27 3
42 27 4
42 35 35
42 36 34
42 36 35
42 37 34
42 37 35
42 37 36
42 38 34
42 38 35
42 38 36
42 39 34
42 39 35
42 39 36
42 40 34
42 40 35
42 40 36
42 41 34
42 41 35
42 41 36
42 42 35
42 42 36
43 5 12
43 5 13
43 5 14
43 5 15
43 5 16
43 5 17
43 5 18
43 5 19
43 5 20
43 5 21
43 5 22
43 5 23
43 5 24
43 5 25
43 5 26
43 5 27
43 6 6
43 6 7
43 6 8
43 6 9
43 6 10
43 6 11
43 6 12
43 6 13
43 6 14
43 6 15
43 6 16
43 6 17
43 6 18
43 6 19
43 6 20
43 6 21
43 6 22
43 6 23
43 6 24
43 6 25
43 6 26
43 6 27
43 6 28
43 7 3
43 7 4
43 7 5
43 7 6
43 7 7
43 7 8
43 7 9
43 7 10
43 7 11
43 7 12
43 7 13
43 7 14
43 7 15
43 7 16
43 7 17
43 7 18
43 7 19
43 7 20
43 7 21
43 7 22
43 7 23
43 7 24
43 7 25
43 7 26
43 7 27
43 7 28
43 8 2
43 8 3
43 8 4
43 8 5
43 8 6
43 8 7
43 8 8
43 8 9
43 8 27
43 8 28
43 8 29
43 9 1
43 9 2
43 9 3
43 9 4
43 9 5
43 9 6
43 9 28
43 9 29
43 16 30
43 16 31
43 17 30
43 17 31
43 18 30
43 18 31
43 18 32
43 19 30
43 19 31
43 25 2
43 25 3
43 25 4
43 26 2
43 26 3
43 26 4
43 27 2
43 27 3
43 27 4
43 28 2
43 28 3
43 38 34
43 38 35
43 39 34
43 39 35
43 40 34
43 40 35
43 40 36
43 41 35
43 41 36
44 5 10
44 5 11
44 5 12
44 5 13
44 5 14
44 5 15
44 5 16
44 5 17
44 5 18
44 5 19
44 5 20
44 5 21
44 5 22
44 5 23
44 5 24
44 5 25
44 5 26
44 5 27
44 6 7
44 6 8
44 6 9
44 6 10
44 6 11
44 6 12
44 6 13
44 6 14
44 6 15
44 6 16
44 6 17
44 6 18
44 6 19
44 6 20
44 6 21
44 6 22
44 6 23
44 6 24
44 6 25
44 6 26
44 6 27
44 6 28
44 7 4
44 7 5
44 7 6
44 7 7
44 7 8
44 7 9
44 7 10
44 7 11
44 7 12
44 7 13
44 7 14
44 7 15
44 7 16
44 7 17
44 7 18
44 7 19
44 7 20
44 7 21
44 7 22
44 7 23
44 7 24
44 7 25
44 7 26
44 7 27
44 7 28
44 8 2
44 8 3
44 8 4
44 8 5
44 8 6
44 8 7
44 8 8
44 8 9
44 8 10
44 8 11
44 8 27
44 8 28
44 9 4
44 9 5
44 9 6
44 17 30
44 17 31
44 18 30
44 18 31
44 19 30
44 19 31
44 20 30
44 20 31
44 25 3
44 26 2
44 26 3
44 26 4
44 27 2
44 27 3
44 27 4
44 28 2
44 28 3
44 28 4
44 40 35
45 4 16
45 4 17
45 4 18
45 4 19
45 4 20
45 4 21
45 4 22
45 4 23
45 4 24
45 4 25
45 4 26
45 5 12
45 5 13
45 5 14
45 5 15
45 5 16
45 5 17
45 5 18
45 5 19
45 5 20
45 5 21
45 5 22
45 5 23
45 5 24
45 5 25
45 5 26
45 5 27
45 6 9
45 6 10
45 6 11
45 6 12
45 6 13
45 6 14
45 6 15
45 6 16
45 6 17
45 6 18
45 6 19
45 6 20
45 6 21
45 6 22
45 6 23
45 6 24
45 6 25
45 6 26
45 6 27
45 6 28
45 7 7
45 7 8
45 7 9
45 7 10
45 7 11
45 7 12
45 7 13
45 7 14
45 7 15
45 7 27
45 7 28
45 8 6
45 8 7
45 8 8
45 8 9
45 8 10
45 8 11
45 8 27
45 8 28
45 18 29
45 18 30
45 18 31
45 19 29
45 19 30
45 19 31
45 20 30
45 20 31
45 26 2
45 26 3
45 27 2
45 27 3
45 27 4
45 28 2
45 28 3
45 28 4
45 29 2
45 29 3
46 3 23
46 3 24
46 4 17
46 4 18
46 4 19
46 4 20
46 4 21
46 4 22
46 4 23
46 4 24
46 4 25
46 4 26
46 5 14
46 5 15
46 5 16
46 5 17
46 5 18
46 5 19
46 5 20
46 5 21
46 5 22
46 5 23
46 5 24
46 5 25
46 5 26
46 5 27
46 6 11
46 6 12
46 6 13
46 6 14
46 6 15
46 6 16
46 6 17
46 6 18
46 6 19
46 6 20
46 6 26
46 6 27
46 6 28
46 7 10
46 7 11
46 7 12
46 7 13
46 7 14
46 7 15
46 7 16
46 7 27
46 7 28
46 18 29
46 18 30
46 19 29
46 19 30
46 19 31
46 20 29
46 20 30
46 20 31
46 21 29
46 21 30
46 26 3
46 27 2
46 27 3
46 28 2
46 28 3
46 28 4
46 29 2
46 29 3
47 3 21
47 3 22
47 3 23
47 3 24
47 3 25
47 4 18
47 4 19
47 4 20
47 4 21
47 4 22
47 4 23
47 4 24
47 4 25
47 4 26
47 5 15
47 5 16
47 5 17
47 5 18
47 5 19
47 5 20
47 5 21
47 5 22
47 5 23
47 5 24
47 5 25
47 5 26
47 5 27
47 6 14
47 6 15
47 6 16
47 6 17
47 6 18
47 6 19
47 6 20
47 6 21
47 6 25
47 6 26
47 6 27
47 7 15
47 7 17
47 7 27
47 18 29
47 18 30
47 19 29
47 19 30
47 19 31
47 20 29
47 20 30
47 20 31
47 21 29
47 21 30
47 21 31
47 27 2
47 27 3
47 27 4
47 27 5
47 27 6
47 28 1
47 28 2
47 28 3
47 28 4
47 28 5
47 28 6
47 28 7
47 29 1
47 29 2
47 29 3
47 29 4
47 29 5
47 30 2
47 30 3
48 3 24
48 4 20
48 4 21
48 4 22
48 4 23
48 4 24
48 4 25
48 4 26
48 5 18
48 5 19
48 5 20
48 5 21
48 5 22
48 5 23
48 5 24
48 5 25
48 5 26
48 6 19
48 6 20
48 6 21
48 6 22
48 6 25
48 6 26
48 19 29
48 19 30
48 20 29
48 20 30
48 20 31
48 21 29
48 21 30
48 21 31
48 22 29
48 22 30
48 27 2
48 27 3
48 27 4
48 27 5
48 27 6
48 27 7
48 27 8
48 27 9
48 27 10
48 27 11
48 28 1
48 28 2
48 28 3
48 28 4
48 28 5
48 28 6
48 28 7
48 28 8
48 28 9
48 28 10
48 29 1
48 29 2
48 29 3
48 29 4
48 29 5
48 29 6
48 29 7
48 29 8
48 30 1
48 30 2
48 30 3
49 4 22
49 4 23
49 4 24
49 4 25
49 5 21
49 5 22
49 5 23
49 5 24
49 5 25
49 19 30
49 20 29
49 20 30
49 21 29
49 21 30
49 21 31
49 22 29
49 22 30
49 26 8
49 26 9
49 26 10
49 26 11
49 26 12
49 26 13
49 26 14
49 26 15
49 27 3
49 27 4
49 27 5
49 27 6
49 27 7
49 27 8
49 27 9
49 27 10
49 27 11
49 27 12
49 27 13
49 27 14
49 28 1
49 28 2
49 28 3
49 28 4
49 28 5
49 28 6
49 28 7
49 28 8
49 28 9
49 28 10
49 28 11
49 28 12
49 29 1
49 29 2
49 29 3
49 30 1
49 30 2
49 30 3
49 31 1
49 31 2
50 20 29
50 20 30
50 21 29
50 21 30
50 22 29
50 22 30
50 23 29
50 23 30
50 25 14
50 25 15
50 25 16
50 25 17
50 25 18
50 25 19
50 26 9
50 26 10
50 26 11
50 26 12
50 26 13
50 26 14
50 26 15
50 26 16
50 26 17
50 26 18
50 27 6
50 27 7
50 27 8
50 27 9
50 27 10
50 27 11
50 27 12
50 27 13
50 27 14
50 27 15
50 27 16
50 28 2
50 28 9
50 28 10
50 28 11
50 28 12
50 28 13
50 29 1
50 29 2
50 29 3
50 30 1
50 30 2
50 30 3
50 31 1
50 31 2
50 31 3
51 20 29
51 21 28
51 21 29
51 21 30
51 22 28
51 22 29
51 22 30
51 23 29
51 23 30
51 25 13
51 25 14
51 25 15
51 25 16
51 25 17
51 25 18
51 25 19
51 25 20
51 25 21
51 25 22
51 26 10
51 26 11
51 26 12
51 26 13
51 26 14
51 26 15
51 26 16
51 26 17
51 26 18
51 26 19
51 26 20
51 27 10
51 27 11
51 27 12
51 27 13
51 27 14
51 27 15
51 27 16
51 27 17
51 27 18
51 29 1
51 29 2
51 30 1
51 30 2
51 30 3
51 31 1
51 31 2
51 31 3
51 32 2
52 21 28
52 21 29
52 21 30
52 22 28
52 22 29
52 22 30
52 23 28
52 23 29
52 23 30
52 24 19
52 24 20
52 24 21
52 24 22
52 24 23
52 24 24
52 24 25
52 24 26
52 24 28
52 24 29
52 25 14
52 25 15
52 25 16
52 25 17
52 25 18
52 25 19
52 25 20
52 25 21
52 25 22
52 25 23
52 25 24
52 25 25
52 26 14
52 26 15
52 26 16
52 26 17
52 26 18
52 26 19
52 26 20
52 26 21
52 26 22
52 26 23
52 29 1
52 29 2
52 30 1
52 30 2
52 31 1
52 31 2
52 31 3
52 32 1
52 32 2
53 21 29
53 22 28
53 22 29
53 22 30
53 23 25
53 23 26
53 23 27
53 23 28
53 23 29
53 23 30
53 24 19
53 24 20
53 24 21
53 24 22
53 24 23
53 24 24
53 24 25
53 24 26
53 24 27
53 24 28
53 24 29
53 25 17
53 25 18
53 25 19
53 25 20
53 25 21
53 25 22
53 25 23
53 25 24
53 25 25
53 25 26
53 25 27
53 26 20
53 26 21
53 26 22
53 26 23
53 30 1
53 30 2
53 31 0
53 31 1
53 31 2
53 32 0
53 32 1
53 32 2
54 22 28
54 22 29
54 23 24
54 23 25
54 23 26
54 23 27
54 23 28
54 23 29
54 23 30
54 24 21
54 24 22
54 24 23
54 24 24
54 24 25
54 24 26
54 24 27
54 24 28
54 24 29
54 24 30
54 25 24
54 25 25
54 25 26
54 25 27
54 25 28
54 25 29
54 30 0
54 30 1
54 30 2
54 31 0
54 31 1
54 31 2
54 32 0
54 32 1
54 32 2
54 33 1
54 33 2
55 22 28
55 22 29
55 23 26
55 23 27
55 23 28
55 23 29
55 23 30
55 24 25
55 24 26
55 24 27
55 24 28
55 24 29
55 24 30
55 25 28
55 25 29
55 31 0
55 31 1
55 32 0
55 32 1
55 32 2
56 23 28
56 23 29
56 24 27
56 24 28
56 24 29
56 24 30
56 25 28
56 25 29
56 26 28
57 23 28
57 24 27
57 24 28
57 24 29
57 25 27
57 25 28
57 25 29
57 26 27
57 26 28
57 26 29
58 24 27
58 24 28
58 25 27
58 25 28
58 25 29
58 26 27
58 26 28
58 26 29
58 27 28
59 24 27
59 24 28
59 25 27
59 25 28
59 25 29
59 26 27
59 26 28
59 26 29
59 27 27
59 27 28
60 25 27
60 25 28
60 26 27
60 26 28
60 26 29
60 27 27
60 27 28
60 27 29
61 25 27
61 25 28
61 26 27
61 26 28
61 26 29
61 27 27
61 27 28
61 28 27
61 28 28
