0 11 14
0 11 15
0 12 14
0 12 15
0 12 16
0 13 14
0 13 15
0 13 16
0 14 16
1 9 13
1 10 12
1 10 13
1 10 14
1 10 15
1 11 13
1 11 14
1 11 15
1 11 16
1 12 13
1 12 14
1 12 15
1 12 16
1 12 17
1 13 14
1 13 15
1 13 16
1 13 17
1 14 15
1 14 16
1 14 17
1 14 18
1 15 16
1 15 17
2 9 11
2 9 12
2 9 13
2 9 14
2 10 11
2 10 12
2 10 13
2 10 14
2 10 15
2 11 12
2 11 13
2 11 14
2 11 15
2 11 16
2 12 13
2 12 14
2 12 15
2 12 16
2 12 17
2 13 14
2 13 15
2 13 16
2 13 17
2 13 18
2 14 15
2 14 16
2 14 17
2 14 18
2 15 16
2 15 17
2 15 18
2 16 17
2 16 18
3 8 11
3 8 12
3 9 10
3 9 11
3 9 12
3 9 13
3 9 14
3 10 11
3 10 12
3 10 13
3 10 14
3 10 15
3 11 12
3 11 13
3 11 14
3 11 15
3 12 14
3 12 15
3 12 16
3 12 17
3 13 14
3 13 15
3 13 16
3 13 17
3 13 18
3 14 15
3 14 16
3 14 17
3 14 18
3 14 19
3 15 16
3 15 17
3 15 18
3 15 19
3 16 17
3 16 18
3 16 19
3 17 18
4 7 10
4 7 11
4 8 10
4 8 11
4 8 12
4 9 10
4 9 11
4 9 12
4 9 13
4 9 14
4 10 11
4 10 12
4 10 13
4 10 14
4 11 12
4 11 13
4 11 14
4 11 15
4 12 13
4 12 14
4 12 15
4 12 16
4 13 14
4 13 15
4 13 16
4 13 17
4 14 15
4 14 16
4 14 17
4 14 18
4 15 16
4 15 17
4 15 18
4 15 19
4 16 17
4 16 18
4 16 19
4 17 18
4 17 19
5 7 9
5 7 10
5 7 11
5 8 9
5 8 10
5 8 11
5 8 12
5 8 13
5 9 9
5 9 10
5 9 11
5 9 12
5 9 13
5 10 11
5 10 12
5 10 13
5 10 14
5 11 12
5 11 13
5 11 14
5 11 15
5 12 13
5 12 14
5 12 15
5 12 16
5 13 14
5 13 15
5 13 16
5 13 17
5 14 15
5 14 16
5 14 17
5 14 18
5 15 16
5 15 17
5 15 18
5 15 19
5 16 17
5 16 18
5 16 19
5 16 20
5 17 18
5 17 19
5 17 20
5 18 18
5 18 19
5 18 20
6 6 8
6 6 9
6 6 10
6 7 8
6 7 9
6 7 10
6 7 11
6 8 8
6 8 9
6 8 10
6 8 11
6 8 12
6 9 9
6 9 10
6 9 11
6 9 12
6 10 11
6 10 12
6 10 13
6 10 14
6 11 11
6 11 12
6 11 13
6 11 14
6 12 13
6 12 14
6 12 15
6 13 13
6 13 14
6 13 15
6 13 16
6 13 17
6 14 14
6 14 15
6 14 16
6 14 17
6 14 18
6 15 16
6 15 17
6 15 18
6 15 19
6 16 17
6 16 18
6 16 19
6 16 20
6 17 18
6 17 19
6 17 20
6 18 18
6 18 19
6 18 20
6 19 19
6 19 20
7 5 7
7 5 8
7 6 7
7 6 8
7 6 9
7 6 10
7 7 7
7 7 8
7 7 9
7 7 10
7 7 11
7 8 8
7 8 9
7 8 10
7 8 11
7 9 9
7 9 10
7 9 11
7 9 12
7 10 10
7 10 11
7 10 12
7 10 13
7 11 11
7 11 12
7 11 13
7 11 14
7 12 12
7 12 13
7 12 14
7 12 15
7 13 13
7 13 14
7 13 15
7 13 16
7 14 14
7 14 15
7 14 16
7 14 17
7 15 15
7 15 16
7 15 17
7 15 18
7 15 19
7 16 16
7 16 17
7 16 18
7 16 19
7 16 20
7 17 17
7 17 18
7 17 19
7 17 20
7 17 21
7 18 18
7 18 19
7 18 20
7 18 21
7 19 19
7 19 20
7 19 21
8 4 7
8 5 6
8 5 7
8 5 8
8 5 9
8 6 6
8 6 7
8 6 8
8 6 9
8 6 10
8 7 7
8 7 8
8 7 9
8 7 10
8 8 8
8 8 9
8 8 10
8 8 11
8 9 9
8 9 10
8 9 11
8 9 12
8 10 10
8 10 11
8 10 12
8 10 13
8 11 11
8 11 12
8 11 13
8 11 14
8 12 12
8 12 13
8 12 14
8 12 15
8 13 13
8 13 14
8 13 15
8 13 16
8 14 14
8 14 15
8 14 16
8 14 17
8 15 15
8 15 16
8 15 17
8 15 18
8 16 16
8 16 17
8 16 18
8 16 19
8 17 17
8 17 18
8 17 19
8 17 20
8 17 21
8 18 19
8 18 20
8 18 21
8 19 19
8 19 20
8 19 21
8 20 20
8 20 21
9 4 5
9 4 6
9 4 7
9 5 5
9 5 6
9 5 7
9 5 8
9 5 9
9 6 6
9 6 7
9 6 8
9 6 9
9 7 7
9 7 8
9 7 9
9 7 10
9 8 8
9 8 9
9 8 10
9 8 11
9 9 9
9 9 10
9 9 11
9 9 12
9 10 10
9 10 11
9 10 12
9 11 11
9 11 12
9 11 13
9 11 14
9 12 12
9 12 13
9 12 14
9 12 15
9 13 13
9 13 14
9 13 15
9 13 16
9 14 14
9 14 15
9 14 16
9 14 17
9 15 15
9 15 16
9 15 17
9 15 18
9 16 16
9 16 17
9 16 18
9 16 19
9 17 17
9 17 18
9 18 20
9 18 21
9 19 19
9 19 20
9 19 21
9 19 22
9 20 20
9 20 21
9 20 22
9 21 21
9 21 22
10 3 4
10 3 5
10 3 6
10 4 4
10 4 5
10 4 6
10 4 7
10 5 5
10 5 6
10 5 7
10 5 8
10 6 6
10 6 7
10 6 8
10 6 9
10 7 7
10 7 8
10 7 9
10 8 8
10 8 9
10 8 10
10 9 8
10 9 9
10 9 10
10 9 11
10 10 9
10 10 10
10 10 11
10 10 12
10 11 10
10 11 11
10 11 12
10 11 13
10 12 11
10 12 12
10 12 13
10 12 14
10 13 12
10 13 13
10 13 14
10 13 15
10 14 13
10 14 14
10 14 15
10 14 16
10 15 14
10 15 15
10 15 16
10 15 17
10 16 15
10 16 16
10 16 17
10 19 20
10 19 21
10 19 22
10 20 20
10 20 21
10 20 22
10 20 23
10 21 20
10 21 21
10 21 22
11 2 3
11 2 4
11 3 3
11 3 4
11 3 5
11 3 6
11 4 3
11 4 4
11 4 5
11 4 6
11 4 7
11 5 5
11 5 6
11 5 7
11 5 8
11 6 6
11 6 7
11 6 8
11 7 6
11 7 7
11 7 8
11 7 9
11 8 7
11 8 8
11 8 9
11 8 10
11 9 8
11 9 9
11 9 10
11 9 11
11 10 9
11 10 10
11 10 11
11 10 12
11 11 10
11 11 11
11 11 12
11 11 13
11 12 11
11 12 12
11 12 13
11 12 14
11 13 12
11 13 13
11 13 14
11 13 15
11 14 13
11 14 14
11 14 15
11 14 16
11 15 14
11 15 15
11 15 16
11 19 22
11 20 21
11 20 22
11 20 23
11 21 21
11 21 22
11 21 23
11 22 21
11 22 22
11 22 23
12 2 2
12 2 3
12 2 4
12 2 5
12 3 3
12 3 4
12 3 5
12 3 6
12 4 3
12 4 4
12 4 5
12 4 6
12 4 7
12 5 5
12 5 6
12 5 7
12 6 6
12 6 7
12 6 8
12 7 6
12 7 7
12 7 8
12 7 9
12 8 7
12 8 8
12 8 9
12 8 10
12 9 8
12 9 9
12 9 10
12 9 11
12 10 9
12 10 10
12 10 11
12 10 12
12 11 10
12 11 11
12 11 12
12 11 13
12 12 11
12 12 12
12 12 13
12 12 14
12 13 12
12 13 13
12 13 14
12 13 15
12 14 13
12 14 14
12 14 15
12 14 16
12 15 14
12 15 15
12 20 22
12 20 23
12 21 21
12 21 22
12 21 23
12 21 24
12 22 21
12 22 22
12 22 23
12 23 22
12 23 23
12 23 24
13 1 1
13 1 2
13 1 3
13 1 4
13 2 2
13 2 3
13 2 4
13 2 5
13 3 2
13 3 3
13 3 4
13 3 5
13 3 6
13 4 3
13 4 4
13 4 5
13 4 6
13 5 5
13 5 6
13 5 7
13 6 5
13 6 6
13 6 7
13 6 8
13 7 6
13 7 7
13 7 8
13 7 9
13 8 7
13 8 8
13 8 9
13 8 10
13 9 7
13 9 8
13 9 9
13 9 10
13 9 11
13 10 9
13 10 10
13 10 11
13 10 12
13 11 10
13 11 11
13 11 12
13 11 13
13 12 11
13 12 12
13 12 13
13 12 14
13 13 12
13 13 13
13 13 14
13 13 15
13 14 13
13 14 14
13 14 15
13 21 22
13 21 23
13 21 24
13 22 22
13 22 23
13 22 24
13 23 22
13 23 23
13 23 24
13 24 23
14 1 1
14 1 2
14 1 3
14 1 4
14 2 1
14 2 2
14 2 3
14 2 4
14 2 5
14 3 2
14 3 3
14 3 4
14 3 5
14 4 4
14 4 5
14 4 6
14 5 4
14 5 5
14 5 6
14 5 7
14 6 5
14 6 6
14 6 7
14 7 5
14 7 6
14 7 7
14 7 8
14 7 9
14 8 7
14 8 8
14 8 9
14 8 10
14 9 7
14 9 8
14 9 9
14 9 10
14 9 11
14 10 9
14 10 10
14 10 11
14 10 12
14 11 10
14 11 11
14 11 12
14 11 13
14 12 11
14 12 12
14 12 13
14 12 14
14 13 12
14 13 13
14 13 14
14 22 22
14 22 23
14 22 24
14 23 22
14 23 23
14 23 24
14 23 25
14 24 23
14 24 24
15 0 1
15 0 2
15 0 3
15 1 0
15 1 1
15 1 2
15 1 3
15 1 4
15 2 1
15 2 2
15 2 3
15 2 4
15 3 2
15 3 3
15 3 4
15 3 5
15 4 3
15 4 4
15 4 5
15 4 6
15 5 4
15 5 5
15 5 6
15 6 5
15 6 6
15 6 7
15 7 5
15 7 6
15 7 7
15 7 8
15 8 6
15 8 7
15 8 8
15 8 9
15 9 7
15 9 8
15 9 9
15 9 10
15 10 8
15 10 9
15 10 10
15 10 11
15 11 9
15 11 10
15 11 11
15 11 12
15 12 10
15 12 11
15 12 12
15 12 13
15 13 11
15 13 12
15 22 24
15 23 23
15 23 24
15 23 25
15 24 23
15 24 24
15 24 25
15 25 23
15 25 24
15 25 25
16 0 0
16 0 1
16 0 2
16 0 3
16 1 0
16 1 1
16 1 2
16 1 3
16 2 1
16 2 2
16 2 3
16 2 4
16 3 2
16 3 3
16 3 4
16 3 5
16 4 3
16 4 4
16 4 5
16 5 4
16 5 5
16 5 6
16 6 5
16 6 6
16 6 7
16 7 5
16 7 6
16 7 7
16 7 8
16 8 6
16 8 7
16 8 8
16 8 9
16 9 7
16 9 8
16 9 9
16 9 10
16 10 8
16 10 9
16 10 10
16 10 11
16 11 9
16 11 10
16 11 11
16 11 12
16 12 10
16 12 11
16 23 24
16 23 25
16 24 23
16 24 24
16 24 25
16 24 26
16 25 24
16 25 25
16 25 26
16 26 24
16 26 25
17 0 0
17 0 1
17 0 2
17 1 0
17 1 1
17 1 2
17 1 3
17 2 0
17 2 1
17 2 2
17 2 3
17 2 4
17 3 2
17 3 3
17 3 4
17 4 3
17 4 4
17 4 5
17 5 3
17 5 4
17 5 5
17 5 6
17 6 4
17 6 5
17 6 6
17 6 7
17 7 5
17 7 6
17 7 7
17 7 8
17 8 6
17 8 7
17 8 8
17 8 9
17 9 7
17 9 8
17 9 9
17 9 10
17 10 8
17 10 9
17 10 10
17 10 11
17 11 9
17 11 10
17 11 11
17 24 24
17 24 25
17 24 26
17 25 24
17 25 25
17 25 26
17 26 24
17 26 25
17 26 26
17 27 25
17 28 25
18 0 1
18 0 2
18 1 0
18 1 1
18 1 2
18 1 3
18 2 0
18 2 1
18 2 2
18 2 3
18 2 4
18 3 2
18 3 3
18 3 4
18 3 5
18 4 3
18 4 4
18 4 5
18 5 3
18 5 4
18 5 5
18 5 6
18 6 4
18 6 5
18 6 6
18 6 7
18 7 5
18 7 6
18 7 7
18 7 8
18 8 5
18 8 6
18 8 7
18 8 8
18 8 9
18 9 7
18 9 8
18 9 9
18 9 10
18 10 8
18 10 9
18 10 10
18 11 9
18 24 26
18 25 24
18 25 25
18 25 26
18 25 27
18 26 24
18 26 25
18 26 26
18 26 27
18 27 24
18 27 25
18 27 26
18 27 27
18 28 24
18 28 25
18 28 26
18 29 24
18 29 25
18 30 25
19 0 2
19 1 0
19 1 1
19 1 2
19 1 3
19 2 0
19 2 1
19 2 2
19 2 3
19 2 4
19 3 1
19 3 2
19 3 3
19 3 4
19 4 3
19 4 4
19 4 5
19 5 3
19 5 4
19 5 5
19 6 4
19 6 5
19 6 6
19 7 4
19 7 5
19 7 6
19 7 7
19 7 8
19 8 6
19 8 7
19 8 8
19 9 7
19 9 8
19 9 9
19 25 26
19 25 27
19 26 25
19 26 26
19 26 27
19 27 21
19 27 22
19 27 23
19 27 24
19 27 25
19 27 26
19 27 27
19 28 21
19 28 22
19 28 23
19 28 24
19 28 25
19 28 26
19 28 27
19 29 21
19 29 22
19 29 23
19 29 24
19 29 25
19 29 26
19 30 22
19 30 23
19 30 24
19 30 25
19 30 26
19 31 24
19 31 25
19 31 26
19 32 24
20 1 1
20 1 2
20 1 3
20 2 1
20 2 2
20 2 3
20 3 1
20 3 2
20 3 3
20 3 4
20 4 2
20 4 3
20 4 4
20 4 5
20 5 3
20 5 4
20 5 5
20 6 4
20 6 5
20 6 6
20 7 4
20 7 5
20 7 6
20 7 7
20 8 5
20 8 6
20 8 7
20 8 8
20 9 6
20 9 7
20 9 8
20 26 21
20 26 22
20 26 23
20 26 24
20 26 25
20 26 26
20 26 27
20 26 28
20 27 20
20 27 21
20 27 22
20 27 23
20 27 24
20 27 25
20 27 26
20 27 27
20 27 28
20 28 20
20 28 21
20 28 22
20 28 23
20 28 24
20 28 25
20 28 26
20 28 27
20 28 28
20 29 20
20 29 21
20 29 22
20 29 23
20 29 24
20 29 25
20 29 26
20 29 27
20 29 28
20 30 21
20 30 22
20 30 23
20 30 24
20 30 25
20 30 26
20 30 27
20 31 23
20 31 24
20 31 25
20 31 26
20 31 27
20 32 23
20 32 24
20 32 25
20 33 24
21 1 1
21 1 2
21 1 3
21 2 1
21 2 2
21 2 3
21 3 1
21 3 2
21 3 3
21 3 4
21 4 2
21 4 3
21 4 4
21 4 5
21 5 3
21 5 4
21 5 5
21 6 4
21 6 5
21 6 6
21 7 4
21 7 5
21 7 6
21 7 7
21 8 5
21 8 6
21 8 7
21 26 19
21 26 20
21 26 21
21 26 22
21 26 23
21 26 24
21 26 25
21 26 26
21 26 27
21 27 19
21 27 20
21 27 21
21 27 22
21 27 23
21 27 24
21 27 25
21 27 26
21 27 27
21 27 28
21 28 19
21 28 20
21 28 21
21 28 22
21 28 23
21 28 24
21 28 25
21 28 26
21 28 27
21 28 28
21 29 19
21 29 20
21 29 21
21 29 22
21 29 23
21 29 24
21 29 25
21 29 26
21 29 27
21 29 28
21 30 20
21 30 24
21 30 25
21 30 26
21 30 27
21 30 28
21 31 23
21 31 24
21 31 25
21 31 27
21 31 28
21 32 23
21 32 24
21 32 25
21 33 23
21 33 24
21 33 25
21 34 23
21 34 24
21 35 23
21 35 24
21 36 23
22 2 2
22 2 3
22 3 1
22 3 2
22 3 3
22 3 4
22 4 2
22 4 3
22 4 4
22 4 5
22 5 2
22 5 3
22 5 4
22 5 5
22 6 4
22 6 5
22 6 6
22 7 4
22 7 5
22 7 6
22 25 18
22 25 19
22 25 20
22 25 21
22 25 22
22 25 23
22 25 24
22 25 25
22 25 26
22 25 27
22 25 28
22 25 29
22 26 18
22 26 19
22 26 20
22 26 21
22 26 22
22 26 23
22 26 24
22 26 25
22 26 26
22 26 27
22 26 28
22 26 29
22 27 18
22 27 19
22 27 20
22 27 21
22 27 22
22 27 23
22 27 24
22 27 25
22 27 26
22 27 27
22 27 28
22 27 29
22 28 18
22 28 19
22 28 20
22 28 21
22 28 26
22 28 27
22 28 28
22 28 29
22 29 19
22 29 20
22 29 26
22 29 27
22 29 28
22 29 29
22 30 27
22 30 28
22 30 29
22 31 24
22 31 25
22 31 28
22 32 23
22 32 24
22 32 25
22 33 23
22 33 24
22 33 25
22 34 22
22 34 23
22 34 24
22 34 25
22 35 22
22 35 23
22 35 24
22 36 22
22 36 23
22 36 24
22 37 23
23 2 3
23 3 2
23 3 3
23 3 4
23 4 2
23 4 3
23 4 4
23 4 5
23 5 2
23 5 3
23 5 4
23 5 5
23 6 3
23 6 4
23 6 5
23 7 5
23 24 18
23 24 19
23 24 20
23 24 21
23 24 22
23 24 23
23 24 24
23 24 25
23 24 26
23 24 27
23 24 28
23 24 29
23 24 30
23 24 31
23 25 17
23 25 18
23 25 19
23 25 20
23 25 21
23 25 22
23 25 23
23 25 24
23 25 25
23 25 26
23 25 27
23 25 28
23 25 29
23 25 30
23 25 31
23 26 17
23 26 18
23 26 19
23 26 20
23 26 21
23 26 22
23 26 23
23 26 24
23 26 25
23 26 26
23 26 27
23 26 28
23 26 29
23 26 30
23 26 31
23 27 17
23 27 18
23 27 19
23 27 20
23 27 28
23 27 29
23 27 30
23 27 31
23 28 18
23 28 19
23 28 20
23 28 28
23 28 29
23 28 30
23 29 27
23 29 28
23 29 29
23 30 27
23 30 28
23 30 29
23 31 28
23 31 29
23 32 25
23 33 23
23 33 24
23 33 25
23 34 23
23 34 24
23 34 25
23 35 22
23 35 23
23 35 24
23 35 25
23 36 22
23 36 23
23 36 24
23 37 22
23 37 23
23 37 24
23 38 22
23 38 23
23 38 24
23 39 22
23 39 23
24 3 4
24 4 2
24 4 3
24 4 4
24 4 5
24 5 3
24 5 4
24 5 5
24 6 3
24 6 4
24 6 5
24 7 4
24 23 21
24 23 25
24 23 30
24 24 16
24 24 17
24 24 18
24 24 19
24 24 20
24 24 21
24 24 22
24 24 23
24 24 24
24 24 25
24 24 26
24 24 27
24 24 28
24 24 29
24 24 30
24 24 31
24 24 32
24 24 33
24 25 16
24 25 17
24 25 18
24 25 19
24 25 20
24 25 21
24 25 22
24 25 23
24 25 24
24 25 25
24 25 26
24 25 27
24 25 28
24 25 29
24 25 30
24 25 31
24 25 32
24 25 33
24 26 16
24 26 17
24 26 18
24 26 19
24 26 29
24 26 30
24 26 31
24 26 32
24 26 33
24 27 17
24 27 18
24 27 19
24 27 29
24 27 30
24 27 31
24 27 32
24 28 18
24 29 28
24 29 29
24 29 30
24 30 28
24 30 29
24 30 30
24 31 28
24 31 29
24 31 30
24 32 29
24 35 23
24 35 24
24 36 22
24 36 23
24 36 24
24 37 22
24 37 23
24 37 24
24 38 21
24 38 22
24 38 23
24 38 24
24 39 21
24 39 22
24 39 23
24 40 22
24 40 23
24 41 22
25 4 3
25 4 4
25 4 5
25 5 3
25 5 4
25 5 5
25 5 6
25 6 3
25 6 4
25 6 5
25 6 6
25 7 4
25 7 5
25 23 16
25 23 17
25 23 18
25 23 19
25 23 20
25 23 21
25 23 22
25 23 23
25 23 24
25 23 25
25 23 26
25 23 27
25 23 28
25 23 29
25 23 30
25 23 31
25 23 32
25 23 33
25 23 34
25 24 15
25 24 16
25 24 17
25 24 18
25 24 19
25 24 20
25 24 21
25 24 22
25 24 23
25 24 24
25 24 25
25 24 26
25 24 27
25 24 28
25 24 29
25 24 30
25 24 31
25 24 32
25 24 33
25 24 34
25 24 35
25 25 15
25 25 16
25 25 17
25 25 18
25 25 19
25 25 20
25 25 21
25 25 22
25 25 23
25 25 24
25 25 25
25 25 26
25 25 27
25 25 28
25 25 29
25 25 30
25 25 31
25 25 32
25 25 33
25 25 34
25 25 35
25 26 16
25 26 17
25 26 18
25 26 31
25 26 32
25 26 33
25 26 34
25 27 17
25 29 29
25 30 28
25 30 29
25 30 30
25 31 28
25 31 29
25 31 30
25 32 29
25 32 30
25 32 31
25 37 22
25 37 23
25 37 24
25 38 22
25 38 23
25 38 24
25 39 21
25 39 22
25 39 23
25 39 24
25 40 21
25 40 22
25 40 23
25 41 21
25 41 22
25 41 23
25 42 21
25 42 22
25 42 23
25 43 21
25 43 22
26 5 4
26 5 5
26 5 6
26 6 3
26 6 4
26 6 5
26 6 6
26 7 4
26 7 5
26 7 6
26 8 5
26 8 6
26 22 15
26 22 16
26 22 17
26 22 18
26 22 19
26 22 20
26 22 21
26 22 22
26 22 23
26 22 24
26 22 25
26 22 26
26 22 27
26 22 28
26 22 29
26 22 30
26 22 31
26 22 32
26 22 33
26 22 34
26 22 35
26 22 36
26 23 14
26 23 15
26 23 16
26 23 17
26 23 18
26 23 19
26 23 20
26 23 21
26 23 22
26 23 23
26 23 24
26 23 25
26 23 26
26 23 27
26 23 28
26 23 29
26 23 30
26 23 31
26 23 32
26 23 33
26 23 34
26 23 35
26 23 36
26 24 14
26 24 15
26 24 16
26 24 17
26 24 18
26 24 19
26 24 20
26 24 21
26 24 22
26 24 23
26 24 24
26 24 25
26 24 26
26 24 27
26 24 28
26 24 29
26 24 30
26 24 31
26 24 32
26 24 33
26 24 34
26 24 35
26 24 36
26 25 15
26 25 16
26 25 17
26 25 33
26 25 34
26 25 35
26 25 36
26 26 15
26 26 16
26 26 17
26 26 33
26 26 34
26 30 29
26 30 30
26 31 28
26 31 29
26 31 30
26 31 31
26 32 29
26 32 30
26 32 31
26 33 29
26 33 30
26 33 31
26 38 23
26 39 22
26 39 23
26 40 21
26 40 22
26 40 23
26 41 21
26 41 22
26 41 23
26 42 21
26 42 22
26 42 23
26 43 21
26 43 22
26 43 23
26 44 20
26 44 21
26 44 22
26 45 21
27 5 5
27 6 4
27 6 5
27 6 6
27 6 7
27 7 4
27 7 5
27 7 6
27 7 7
27 8 5
27 8 6
27 9 5
27 9 6
27 21 14
27 21 15
27 21 16
27 21 17
27 21 18
27 21 19
27 21 20
27 21 21
27 21 22
27 21 23
27 21 24
27 21 25
27 21 26
27 21 27
27 21 28
27 21 29
27 21 30
27 21 31
27 21 32
27 21 33
27 21 34
27 21 35
27 21 36
27 21 37
27 22 14
27 22 15
27 22 16
27 22 17
27 22 18
27 22 19
27 22 20
27 22 21
27 22 22
27 22 23
27 22 24
27 22 25
27 22 26
27 22 27
27 22 28
27 22 29
27 22 30
27 22 31
27 22 32
27 22 33
27 22 34
27 22 35
27 22 36
27 22 37
27 22 38
27 23 14
27 23 15
27 23 16
27 23 17
27 23 18
27 23 19
27 23 20
27 23 21
27 23 22
27 23 23
27 23 24
27 23 25
27 23 26
27 23 27
27 23 28
27 23 29
27 23 30
27 23 31
27 23 32
27 23 33
27 23 34
27 23 35
27 23 36
27 23 37
27 23 38
27 24 13
27 24 14
27 24 15
27 24 16
27 24 34
27 24 35
27 24 36
27 24 37
27 24 38
27 25 14
27 25 15
27 25 16
27 25 34
27 25 35
27 25 36
27 25 37
27 31 29
27 31 30
27 31 31
27 32 29
27 32 30
27 32 31
27 33 29
27 33 30
27 33 31
27 34 30
27 34 31
27 40 23
27 41 21
27 41 22
27 41 23
27 42 21
27 42 22
27 42 23
27 43 20
27 43 21
27 43 22
27 43 23
27 44 20
27 44 21
27 44 22
27 45 20
27 45 21
27 45 22
27 46 20
27 46 21
27 46 22
27 47 20
27 47 21
28 6 5
28 6 6
28 7 5
28 7 6
28 7 7
28 8 5
28 8 6
28 8 7
28 9 5
28 9 6
28 9 7
28 21 13
28 21 14
28 21 15
28 21 16
28 21 17
28 21 18
28 21 19
28 21 20
28 21 21
28 21 22
28 21 23
28 21 24
28 21 25
28 21 26
28 21 27
28 21 28
28 21 29
28 21 30
28 21 31
28 21 32
28 21 33
28 21 34
28 21 35
28 21 36
28 21 37
28 21 38
28 21 39
28 22 13
28 22 14
28 22 15
28 22 16
28 22 17
28 22 18
28 22 19
28 22 20
28 22 21
28 22 22
28 22 23
28 22 24
28 22 25
28 22 26
28 22 27
28 22 28
28 22 29
28 22 30
28 22 31
28 22 32
28 22 33
28 22 34
28 22 35
28 22 36
28 22 37
28 22 38
28 22 39
28 23 13
28 23 14
28 23 15
28 23 17
28 23 18
28 23 20
28 23 21
28 23 23
28 23 24
28 23 25
28 23 26
28 23 27
28 23 28
28 23 29
28 23 31
28 23 32
28 23 34
28 23 35
28 23 36
28 23 37
28 23 38
28 23 39
28 24 13
28 24 14
28 24 15
28 24 36
28 24 37
28 24 38
28 24 39
28 25 14
28 31 31
28 32 30
28 32 31
28 32 32
28 33 29
28 33 30
28 33 31
28 33 32
28 34 30
28 34 31
28 34 32
28 42 22
28 43 21
28 43 22
28 43 23
28 44 20
28 44 21
28 44 22
28 44 23
28 45 19
28 45 20
28 45 21
28 45 22
28 46 20
28 46 21
28 46 22
28 47 20
28 47 21
28 48 20
28 48 21
28 49 20
29 7 5
29 7 6
29 7 7
29 8 5
29 8 6
29 8 7
29 8 8
29 9 5
29 9 6
29 9 7
29 9 8
29 10 6
29 10 7
29 20 12
29 20 13
29 20 14
29 20 15
29 20 16
29 20 17
29 20 18
29 20 19
29 20 20
29 20 21
29 20 22
29 20 23
29 20 24
29 20 25
29 20 26
29 20 27
29 20 28
29 20 29
29 20 30
29 20 31
29 20 32
29 20 33
29 20 34
29 20 35
29 20 36
29 20 37
29 20 38
29 20 39
29 20 40
29 21 12
29 21 13
29 21 14
29 21 15
29 21 16
29 21 17
29 21 18
29 21 19
29 21 20
29 21 21
29 21 22
29 21 23
29 21 24
29 21 25
29 21 26
29 21 27
29 21 28
29 21 29
29 21 30
29 21 31
29 21 32
29 21 33
29 21 34
29 21 35
29 21 36
29 21 37
29 21 38
29 21 39
29 21 40
29 22 12
29 22 13
29 22 14
29 22 15
29 22 16
29 22 17
29 22 18
29 22 19
29 22 20
29 22 21
29 22 22
29 22 23
29 22 24
29 22 25
29 22 26
29 22 27
29 22 28
29 22 29
29 22 30
29 22 31
29 22 32
29 22 33
29 22 34
29 22 35
29 22 36
29 22 37
29 22 38
29 22 39
29 22 40
29 23 12
29 23 13
29 23 14
29 23 15
29 23 38
29 23 39
29 23 40
29 24 13
29 24 14
29 24 39
29 32 31
29 32 32
29 33 30
29 33 31
29 33 32
29 34 30
29 34 31
29 34 32
29 34 33
29 35 31
29 35 32
29 44 19
29 44 20
29 44 21
29 44 22
29 45 19
29 45 20
29 45 21
29 45 22
29 46 19
29 46 20
29 46 21
29 46 22
29 47 19
29 47 20
29 47 21
29 47 22
29 48 19
29 48 20
29 48 21
29 49 19
29 49 20
29 49 21
29 50 19
29 50 20
29 50 21
29 51 20
30 7 7
30 8 6
30 8 7
30 8 8
30 9 5
30 9 6
30 9 7
30 9 8
30 10 6
30 10 7
30 10 8
30 11 7
30 11 8
30 19 11
30 19 12
30 19 13
30 19 14
30 19 15
30 19 16
30 19 17
30 19 18
30 19 19
30 19 20
30 19 21
30 19 22
30 19 23
30 19 24
30 19 25
30 19 26
30 19 27
30 19 28
30 19 29
30 19 30
30 19 31
30 19 32
30 19 33
30 19 34
30 19 35
30 19 36
30 19 37
30 19 38
30 19 39
30 20 11
30 20 12
30 20 13
30 20 14
30 20 15
30 20 16
30 20 17
30 20 18
30 20 19
30 20 20
30 20 21
30 20 22
30 20 23
30 20 24
30 20 25
30 20 26
30 20 27
30 20 28
30 20 29
30 20 30
30 20 31
30 20 32
30 20 33
30 20 34
30 20 35
30 20 36
30 20 37
30 20 38
30 20 39
30 20 40
30 21 11
30 21 12
30 21 13
30 21 14
30 21 15
30 21 16
30 21 17
30 21 18
30 21 19
30 21 20
30 21 21
30 21 22
30 21 23
30 21 24
30 21 25
30 21 26
30 21 27
30 21 28
30 21 29
30 21 30
30 21 31
30 21 32
30 21 33
30 21 34
30 21 35
30 21 36
30 21 37
30 21 38
30 21 39
30 21 40
30 22 11
30 22 12
30 22 13
30 22 14
30 22 39
30 22 40
30 23 12
30 23 13
30 23 39
30 23 40
30 33 31
30 33 32
30 33 33
30 34 31
30 34 32
30 34 33
30 35 31
30 35 32
30 35 33
30 36 31
30 36 32
30 36 33
30 43 17
30 43 18
30 43 19
30 44 18
30 44 19
30 44 20
30 44 21
30 45 18
30 45 19
30 45 20
30 45 21
30 46 21
30 47 20
30 47 21
30 47 22
30 48 19
30 48 20
30 48 21
30 49 19
30 49 20
30 49 21
30 50 19
30 50 20
30 50 21
30 51 19
30 51 20
30 51 21
30 52 19
30 52 20
31 8 7
31 9 6
31 9 7
31 9 8
31 9 9
31 10 6
31 10 7
31 10 8
31 10 9
31 11 7
31 11 8
31 11 9
31 12 8
31 18 11
31 18 12
31 18 13
31 18 14
31 18 15
31 18 16
31 18 17
31 18 18
31 18 19
31 18 20
31 18 21
31 18 22
31 18 24
31 18 25
31 18 27
31 18 28
31 18 29
31 18 30
31 18 31
31 18 32
31 18 33
31 18 34
31 18 35
31 18 36
31 18 37
31 18 38
31 19 10
31 19 11
31 19 12
31 19 13
31 19 14
31 19 15
31 19 16
31 19 17
31 19 18
31 19 19
31 19 20
31 19 21
31 19 22
31 19 23
31 19 24
31 19 25
31 19 26
31 19 27
31 19 28
31 19 29
31 19 30
31 19 31
31 19 32
31 19 33
31 19 34
31 19 35
31 19 36
31 19 37
31 19 38
31 19 39
31 19 40
31 20 10
31 20 11
31 20 12
31 20 13
31 20 14
31 20 15
31 20 16
31 20 17
31 20 18
31 20 19
31 20 20
31 20 21
31 20 22
31 20 23
31 20 24
31 20 25
31 20 26
31 20 27
31 20 28
31 20 29
31 20 30
31 20 31
31 20 32
31 20 33
31 20 34
31 20 35
31 20 36
31 20 37
31 20 38
31 20 39
31 20 40
31 21 10
31 21 11
31 21 12
31 21 13
31 21 39
31 21 40
31 22 11
31 22 12
31 22 13
31 22 39
31 22 40
31 34 31
31 34 32
31 34 33
31 35 31
31 35 32
31 35 33
31 35 34
31 36 31
31 36 32
31 36 33
31 36 34
31 37 32
31 37 34
31 42 17
31 42 18
31 43 17
31 43 18
31 43 19
31 43 20
31 44 17
31 44 18
31 44 19
31 44 20
31 45 18
31 45 19
31 48 20
31 48 21
31 49 19
31 49 20
31 49 21
31 50 19
31 50 20
31 50 21
31 51 19
31 51 20
31 51 21
31 52 18
31 52 19
31 52 20
32 9 7
32 9 8
32 10 6
32 10 7
32 10 8
32 10 9
32 11 7
32 11 8
32 11 9
32 12 7
32 12 8
32 12 9
32 18 9
32 18 10
32 18 11
32 18 12
32 18 13
32 18 14
32 18 15
32 18 16
32 18 17
32 18 18
32 18 19
32 18 20
32 18 21
32 18 22
32 18 23
32 18 24
32 18 25
32 18 26
32 18 27
32 18 28
32 18 29
32 18 30
32 18 31
32 18 32
32 18 33
32 18 34
32 18 35
32 18 36
32 18 37
32 18 38
32 18 39
32 19 9
32 19 10
32 19 11
32 19 12
32 19 13
32 19 14
32 19 15
32 19 16
32 19 17
32 19 18
32 19 19
32 19 20
32 19 21
32 19 22
32 19 23
32 19 24
32 19 25
32 19 26
32 19 27
32 19 28
32 19 29
32 19 30
32 19 31
32 19 32
32 19 33
32 19 34
32 19 35
32 19 36
32 19 37
32 19 38
32 19 39
32 19 40
32 20 9
32 20 10
32 20 11
32 20 12
32 20 13
32 20 14
32 20 15
32 20 16
32 20 17
32 20 18
32 20 19
32 20 20
32 20 21
32 20 22
32 20 23
32 20 24
32 20 25
32 20 26
32 20 27
32 20 28
32 20 29
32 20 30
32 20 31
32 20 32
32 20 33
32 20 34
32 20 35
32 20 36
32 20 37
32 20 38
32 20 39
32 20 40
32 21 9
32 21 10
32 21 11
32 21 12
32 21 39
32 21 40
32 22 10
32 22 11
32 22 39
32 22 40
32 34 33
32 35 32
32 35 33
32 35 34
32 36 32
32 36 33
32 36 34
32 37 32
32 37 33
32 37 34
32 42 16
32 42 17
32 42 18
32 42 19
32 43 16
32 43 17
32 43 18
32 43 19
32 44 17
32 44 18
32 50 20
32 50 21
32 51 19
32 51 20
32 51 21
32 52 19
32 52 20
32 52 21
33 10 8
33 10 9
33 11 7
33 11 8
33 11 9
33 11 10
33 12 8
33 12 9
33 12 10
33 13 8
33 13 9
33 17 9
33 17 10
33 17 11
33 17 12
33 17 13
33 17 14
33 17 15
33 17 16
33 17 17
33 17 18
33 17 19
33 17 20
33 17 21
33 17 22
33 17 23
33 17 24
33 17 25
33 17 26
33 17 27
33 17 28
33 17 29
33 17 30
33 17 31
33 17 32
33 17 33
33 17 34
33 17 35
33 17 36
33 17 37
33 18 8
33 18 9
33 18 10
33 18 11
33 18 12
33 18 13
33 18 14
33 18 15
33 18 16
33 18 17
33 18 18
33 18 19
33 18 20
33 18 21
33 18 22
33 18 23
33 18 24
33 18 25
33 18 26
33 18 27
33 18 28
33 18 29
33 18 30
33 18 31
33 18 32
33 18 33
33 18 34
33 18 35
33 18 36
33 18 37
33 18 38
33 19 8
33 19 9
33 19 10
33 19 11
33 19 12
33 19 13
33 19 14
33 19 15
33 19 16
33 19 17
33 19 18
33 19 19
33 19 20
33 19 21
33 19 22
33 19 23
33 19 24
33 19 25
33 19 26
33 19 27
33 19 28
33 19 29
33 19 30
33 19 31
33 19 32
33 19 33
33 19 34
33 19 35
33 19 36
33 19 37
33 19 38
33 19 39
33 20 8
33 20 9
33 20 10
33 20 11
33 20 38
33 20 39
33 20 40
33 21 9
33 21 10
33 21 38
33 21 39
33 21 40
33 35 33
33 35 34
33 36 32
33 36 33
33 36 34
33 36 35
33 37 32
33 37 33
33 37 34
33 37 35
33 38 33
33 38 34
33 38 35
33 41 15
33 41 16
33 41 17
33 41 18
33 42 15
33 42 16
33 42 17
33 42 18
33 43 15
33 43 16
33 43 17
33 43 18
34 10 9
34 11 8
34 11 9
34 11 10
34 12 8
34 12 9
34 12 10
34 12 11
34 13 8
34 13 9
34 13 10
34 14 9
34 14 10
34 16 9
34 16 10
34 16 11
34 16 12
34 16 13
34 16 14
34 16 15
34 16 16
34 16 17
34 16 18
34 16 19
34 16 20
34 16 21
34 16 22
34 16 23
34 16 24
34 16 25
34 16 26
34 16 27
34 16 28
34 16 29
34 16 30
34 16 31
34 16 32
34 16 33
34 16 34
34 16 35
34 17 8
34 17 9
34 17 10
34 17 11
34 17 12
34 17 13
34 17 14
34 17 15
34 17 16
34 17 17
34 17 18
34 17 19
34 17 20
34 17 21
34 17 22
34 17 23
34 17 24
34 17 25
34 17 26
34 17 27
34 17 28
34 17 29
34 17 30
34 17 31
34 17 32
34 17 33
34 17 34
34 17 35
34 17 36
34 17 37
34 18 8
34 18 9
34 18 10
34 18 11
34 18 12
34 18 13
34 18 14
34 18 15
34 18 16
34 18 17
34 18 18
34 18 19
34 18 20
34 18 21
34 18 22
34 18 23
34 18 24
34 18 25
34 18 26
34 18 27
34 18 28
34 18 29
34 18 30
34 18 31
34 18 32
34 18 33
34 18 34
34 18 35
34 18 36
34 18 37
34 18 38
34 19 8
34 19 9
34 19 10
34 19 36
34 19 37
34 19 38
34 19 39
34 20 8
34 20 9
34 20 10
34 20 37
34 20 38
34 20 39
34 36 33
34 36 34
34 36 35
34 37 33
34 37 34
34 37 35
34 38 33
34 38 34
34 38 35
34 39 34
34 39 35
34 40 14
34 40 15
34 40 16
34 41 14
34 41 15
34 41 16
34 41 17
34 42 14
34 42 15
34 42 16
34 42 17
34 42 18
35 11 9
35 11 10
35 12 8
35 12 9
35 12 10
35 12 11
35 13 8
35 13 9
35 13 10
35 13 11
35 14 9
35 14 10
35 14 11
35 15 9
35 15 10
35 15 11
35 15 12
35 15 14
35 15 16
35 15 17
35 15 19
35 15 21
35 15 22
35 15 23
35 15 26
35 15 28
35 15 31
35 15 33
35 15 34
35 16 9
35 16 10
35 16 11
35 16 12
35 16 13
35 16 14
35 16 15
35 16 16
35 16 17
35 16 18
35 16 19
35 16 20
35 16 21
35 16 22
35 16 23
35 16 24
35 16 25
35 16 26
35 16 27
35 16 28
35 16 29
35 16 30
35 16 31
35 16 32
35 16 33
35 16 34
35 16 35
35 16 36
35 17 8
35 17 9
35 17 10
35 17 11
35 17 12
35 17 13
35 17 14
35 17 15
35 17 16
35 17 17
35 17 18
35 17 19
35 17 20
35 17 21
35 17 22
35 17 23
35 17 24
35 17 25
35 17 26
35 17 27
35 17 28
35 17 29
35 17 30
35 17 31
35 17 32
35 17 33
35 17 34
35 17 35
35 17 36
35 17 37
35 18 8
35 18 9
35 18 10
35 18 35
35 18 36
35 18 37
35 18 38
35 19 8
35 19 9
35 19 36
35 19 37
35 19 38
35 37 33
35 37 34
35 37 35
35 38 33
35 38 34
35 38 35
35 38 36
35 39 13
35 39 14
35 39 34
35 39 35
35 39 36
35 40 13
35 40 14
35 40 15
35 40 16
35 41 13
35 41 14
35 41 15
35 41 16
35 41 17
35 42 14
35 42 15
36 12 9
36 12 10
36 12 11
36 13 9
36 13 10
36 13 11
36 14 8
36 14 9
36 14 10
36 14 11
36 15 7
36 15 8
36 15 9
36 15 10
36 15 11
36 15 12
36 15 13
36 15 14
36 15 15
36 15 16
36 15 17
36 15 18
36 15 19
36 15 20
36 15 21
36 15 22
36 15 23
36 15 24
36 15 25
36 15 26
36 15 27
36 15 28
36 15 29
36 15 30
36 15 31
36 15 32
36 15 33
36 15 34
36 15 35
36 16 8
36 16 9
36 16 10
36 16 11
36 16 12
36 16 13
36 16 14
36 16 15
36 16 16
36 16 17
36 16 18
36 16 19
36 16 20
36 16 21
36 16 22
36 16 23
36 16 24
36 16 25
36 16 26
36 16 27
36 16 28
36 16 29
36 16 30
36 16 31
36 16 32
36 16 33
36 16 34
36 16 35
36 16 36
36 17 8
36 17 9
36 17 10
36 17 11
36 17 12
36 17 13
36 17 14
36 17 15
36 17 16
36 17 17
36 17 18
36 17 19
36 17 20
36 17 21
36 17 22
36 17 23
36 17 24
36 17 25
36 17 26
36 17 27
36 17 28
36 17 29
36 17 30
36 17 31
36 17 32
36 17 33
36 17 34
36 17 35
36 17 36
36 17 37
36 18 8
36 18 9
36 18 35
36 18 36
36 18 37
36 19 36
36 19 37
36 37 35
36 38 34
36 38 35
36 38 36
36 39 12
36 39 13
36 39 14
36 39 15
36 39 34
36 39 35
36 39 36
36 40 12
36 40 13
36 40 14
36 40 15
36 40 16
36 40 34
36 40 35
36 40 36
36 41 13
36 41 14
36 41 15
37 13 9
37 13 10
37 13 11
37 14 8
37 14 9
37 14 10
37 14 11
37 14 12
37 14 13
37 14 14
37 14 15
37 14 16
37 14 17
37 14 18
37 14 19
37 14 20
37 14 21
37 14 22
37 14 23
37 14 24
37 14 25
37 14 26
37 14 27
37 14 28
37 14 29
37 14 30
37 14 31
37 14 32
37 14 33
37 15 7
37 15 8
37 15 9
37 15 10
37 15 11
37 15 12
37 15 13
37 15 14
37 15 15
37 15 16
37 15 17
37 15 18
37 15 19
37 15 20
37 15 21
37 15 22
37 15 23
37 15 24
37 15 25
37 15 26
37 15 27
37 15 28
37 15 29
37 15 30
37 15 31
37 15 32
37 15 33
37 15 34
37 15 35
37 16 7
37 16 8
37 16 9
37 16 10
37 16 11
37 16 12
37 16 13
37 16 14
37 16 15
37 16 16
37 16 17
37 16 18
37 16 19
37 16 20
37 16 21
37 16 22
37 16 23
37 16 24
37 16 25
37 16 26
37 16 27
37 16 28
37 16 29
37 16 30
37 16 31
37 16 32
37 16 33
37 16 34
37 16 35
37 16 36
37 17 8
37 17 9
37 17 10
37 17 11
37 17 34
37 17 35
37 17 36
37 18 8
37 18 9
37 18 35
37 18 36
37 18 37
37 19 8
37 19 9
37 20 8
37 38 11
37 38 12
37 38 13
37 38 14
37 38 34
37 38 35
37 38 36
37 39 11
37 39 12
37 39 13
37 39 14
37 39 15
37 39 34
37 39 35
37 39 36
37 39 37
37 40 12
37 40 13
37 40 14
37 40 15
37 40 35
37 40 36
37 40 37
37 41 35
37 41 36
37 41 37
38 13 11
38 13 15
38 13 16
38 13 17
38 13 18
38 13 19
38 13 20
38 13 21
38 13 22
38 13 23
38 13 24
38 13 25
38 13 26
38 13 27
38 13 28
38 13 29
38 13 30
38 13 31
38 13 32
38 14 9
38 14 10
38 14 11
38 14 12
38 14 13
38 14 14
38 14 15
38 14 16
38 14 17
38 14 18
38 14 19
38 14 20
38 14 21
38 14 22
38 14 23
38 14 24
38 14 25
38 14 26
38 14 27
38 14 28
38 14 29
38 14 30
38 14 31
38 14 32
38 14 33
38 14 34
38 15 8
38 15 9
38 15 10
38 15 11
38 15 12
38 15 13
38 15 14
38 15 15
38 15 16
38 15 17
38 15 18
38 15 19
38 15 20
38 15 21
38 15 22
38 15 23
38 15 24
38 15 25
38 15 26
38 15 27
38 15 28
38 15 29
38 15 30
38 15 31
38 15 32
38 15 33
38 15 34
38 15 35
38 16 7
38 16 8
38 16 9
38 16 10
38 16 11
38 16 12
38 16 13
38 16 32
38 16 33
38 16 34
38 16 35
38 17 8
38 17 9
38 17 10
38 17 11
38 17 12
38 17 33
38 17 34
38 17 35
38 17 36
38 18 7
38 18 8
38 18 9
38 18 10
38 19 7
38 19 8
38 19 9
38 20 7
38 20 8
38 20 9
38 21 7
38 21 8
38 21 9
38 37 11
38 37 12
38 38 10
38 38 11
38 38 12
38 38 13
38 38 33
38 38 34
38 38 35
38 38 36
38 39 11
38 39 12
38 39 13
38 39 14
38 39 33
38 39 34
38 39 35
38 39 36
38 39 37
38 40 12
38 40 13
38 40 34
38 40 35
38 40 36
38 40 37
38 41 35
38 41 36
38 41 37
38 42 36
38 42 37
39 13 15
39 13 16
39 13 17
39 13 18
39 13 19
39 13 20
39 13 21
39 13 22
39 13 23
39 13 24
39 13 25
39 13 26
39 13 27
39 13 28
39 13 29
39 13 30
39 13 31
39 13 32
39 13 33
39 14 10
39 14 11
39 14 12
39 14 13
39 14 14
39 14 15
39 14 16
39 14 17
39 14 18
39 14 19
39 14 20
39 14 21
39 14 22
39 14 23
39 14 24
39 14 25
39 14 26
39 14 27
39 14 28
39 14 29
39 14 30
39 14 31
39 14 32
39 14 33
39 15 9
39 15 10
39 15 11
39 15 12
39 15 13
39 15 14
39 15 15
39 15 16
39 15 17
39 15 18
39 15 20
39 15 21
39 15 23
39 15 24
39 15 25
39 15 26
39 15 27
39 15 29
39 15 30
39 15 31
39 15 32
39 15 33
39 15 34
39 16 9
39 16 10
39 16 11
39 16 12
39 16 13
39 16 14
39 16 32
39 16 33
39 16 34
39 16 35
39 17 8
39 17 9
39 17 10
39 17 11
39 17 12
39 17 13
39 17 33
39 17 34
39 18 8
39 18 9
39 18 10
39 19 7
39 19 8
39 19 9
39 19 10
39 20 7
39 20 8
39 20 9
39 21 7
39 21 8
39 21 9
39 22 7
39 22 8
39 22 9
39 23 7
39 23 8
39 36 10
39 37 9
39 37 10
39 37 11
39 37 12
39 37 13
39 37 32
39 37 33
39 37 34
39 37 35
39 38 10
39 38 11
39 38 12
39 38 13
39 38 33
39 38 34
39 38 35
39 38 36
39 39 10
39 39 11
39 39 12
39 39 33
39 39 34
39 39 35
39 39 36
39 40 36
39 40 37
39 40 38
39 41 35
39 41 36
39 41 37
39 41 38
39 42 36
39 42 37
39 42 38
40 12 17
40 12 18
40 12 19
40 12 20
40 12 21
40 12 22
40 12 23
40 12 24
40 12 25
40 12 26
40 12 27
40 12 28
40 12 29
40 12 30
40 12 31
40 13 16
40 13 17
40 13 18
40 13 19
40 13 20
40 13 21
40 13 22
40 13 23
40 13 24
40 13 25
40 13 26
40 13 27
40 13 28
40 13 29
40 13 30
40 13 31
40 13 32
40 14 14
40 14 15
40 14 16
40 14 17
40 14 18
40 14 19
40 14 20
40 14 21
40 14 22
40 14 23
40 14 24
40 14 25
40 14 26
40 14 27
40 14 28
40 14 29
40 14 30
40 14 31
40 14 32
40 14 33
40 15 10
40 15 11
40 15 12
40 15 13
40 15 14
40 15 15
40 15 16
40 15 31
40 15 32
40 15 33
40 15 34
40 16 10
40 16 11
40 16 12
40 16 13
40 16 14
40 16 32
40 16 33
40 16 34
40 17 10
40 17 11
40 17 12
40 17 13
40 18 12
40 18 13
40 19 8
40 19 9
40 20 7
40 20 8
40 20 9
40 21 7
40 21 8
40 21 9
40 22 6
40 22 7
40 22 8
40 22 9
40 23 6
40 23 7
40 23 8
40 23 9
40 24 6
40 24 7
40 24 8
40 25 7
40 36 9
40 36 10
40 36 11
40 36 31
40 36 32
40 36 33
40 37 9
40 37 10
40 37 11
40 37 12
40 37 31
40 37 32
40 37 33
40 37 34
40 37 35
40 38 9
40 38 10
40 38 11
40 38 12
40 38 32
40 38 33
40 38 34
40 38 35
40 40 37
40 40 38
40 41 36
40 41 37
40 41 38
40 41 39
40 42 36
40 42 37
40 42 38
40 43 37
40 43 38
41 11 19
41 11 20
41 11 21
41 11 22
41 11 23
41 11 24
41 11 25
41 11 26
41 11 27
41 11 28
41 11 29
41 12 18
41 12 19
41 12 20
41 12 21
41 12 22
41 12 23
41 12 24
41 12 25
41 12 26
41 12 27
41 12 28
41 12 29
41 12 30
41 12 31
41 13 16
41 13 17
41 13 18
41 13 19
41 13 20
41 13 21
41 13 22
41 13 23
41 13 24
41 13 25
41 13 26
41 13 27
41 13 28
41 13 29
41 13 30
41 13 31
41 13 32
41 14 15
41 14 16
41 14 17
41 14 18
41 14 30
41 14 31
41 14 32
41 14 33
41 15 13
41 15 15
41 15 16
41 15 31
41 15 32
41 15 33
41 16 11
41 16 12
41 16 13
41 16 14
41 17 11
41 17 12
41 17 13
41 17 14
41 18 12
41 18 13
41 18 14
41 19 13
41 21 8
41 21 9
41 22 7
41 22 8
41 22 9
41 23 6
41 23 7
41 23 8
41 23 9
41 24 6
41 24 7
41 24 8
41 24 9
41 25 6
41 25 7
41 25 8
41 26 6
41 26 7
41 26 8
41 27 6
41 27 7
41 35 8
41 35 9
41 35 10
41 35 31
41 36 8
41 36 9
41 36 10
41 36 11
41 36 30
41 36 31
41 36 32
41 36 33
41 37 8
41 37 9
41 37 10
41 37 11
41 37 31
41 37 32
41 37 33
41 37 34
41 38 31
41 38 32
41 38 33
41 41 37
41 41 38
41 42 36
41 42 37
41 42 38
41 42 39
41 43 37
41 43 38
41 43 39
41 44 37
41 44 38
41 44 39
42 10 22
42 10 23
42 10 24
42 10 25
42 10 26
42 10 27
42 10 28
42 11 19
42 11 20
42 11 21
42 11 22
42 11 23
42 11 24
42 11 25
42 11 26
42 11 27
42 11 28
42 11 29
42 11 30
42 12 18
42 12 19
42 12 20
42 12 21
42 12 22
42 12 23
42 12 24
42 12 25
42 12 26
42 12 27
42 12 28
42 12 29
42 12 30
42 12 31
42 13 17
42 13 18
42 13 19
42 13 20
42 13 29
42 13 30
42 13 31
42 13 32
42 14 16
42 14 17
42 14 18
42 14 19
42 14 30
42 14 31
42 14 32
42 15 31
42 16 13
42 17 12
42 17 13
42 17 14
42 17 15
42 18 12
42 18 13
42 18 14
42 18 15
42 19 13
42 19 14
42 23 7
42 23 8
42 24 6
42 24 7
42 24 8
42 25 6
42 25 7
42 25 8
42 26 6
42 26 7
42 26 8
42 27 5
42 27 6
42 27 7
42 27 8
42 28 5
42 28 6
42 28 7
42 29 5
42 29 6
42 34 7
42 34 8
42 35 7
42 35 8
42 35 9
42 35 10
42 35 29
42 35 30
42 35 31
42 35 32
42 36 7
42 36 8
42 36 9
42 36 10
42 36 30
42 36 31
42 36 32
42 36 33
42 37 8
42 37 9
42 37 30
42 37 31
42 37 32
42 37 33
42 42 37
42 42 38
42 42 39
42 43 37
42 43 38
42 43 39
42 43 40
42 44 37
42 44 38
42 44 39
42 45 38
43 10 22
43 10 23
43 10 24
43 10 25
43 10 26
43 10 27
43 10 28
43 10 29
43 11 20
43 11 21
43 11 22
43 11 23
43 11 24
43 11 25
43 11 26
43 11 27
43 11 28
43 11 29
43 11 30
43 12 19
43 12 20
43 12 21
43 12 22
43 12 23
43 12 24
43 12 25
43 12 26
43 12 27
43 12 28
43 12 29
43 12 30
43 12 31
43 13 18
43 13 19
43 13 20
43 13 21
43 13 29
43 13 30
43 13 31
43 14 30
43 17 13
43 17 14
43 18 12
43 18 13
43 18 14
43 18 15
43 19 13
43 19 14
43 19 15
43 20 13
43 20 14
43 20 15
43 24 8
43 25 6
43 25 7
43 25 8
43 26 6
43 26 7
43 26 8
43 27 5
43 27 6
43 27 7
43 27 8
43 28 5
43 28 6
43 28 7
43 28 8
43 29 5
43 29 6
43 29 7
43 30 5
43 30 6
43 30 7
43 31 5
43 31 6
43 34 6
43 34 7
43 34 8
43 34 9
43 34 28
43 34 29
43 34 30
43 34 31
43 35 6
43 35 7
43 35 8
43 35 9
43 35 29
43 35 30
43 35 31
43 35 32
43 36 7
43 36 8
43 36 29
43 36 30
43 36 31
43 36 32
43 42 39
43 43 38
43 43 39
43 43 40
43 44 38
43 44 39
43 44 40
44 9 25
44 9 26
44 9 27
44 10 23
44 10 24
44 10 25
44 10 26
44 10 27
44 10 28
44 10 29
44 11 21
44 11 22
44 11 23
44 11 24
44 11 25
44 11 26
44 11 27
44 11 28
44 11 29
44 12 20
44 12 21
44 12 22
44 12 23
44 12 28
44 12 29
44 12 30
44 13 20
44 13 21
44 13 29
44 13 30
44 18 13
44 18 14
44 18 15
44 19 13
44 19 14
44 19 15
44 19 16
44 20 14
44 20 15
44 20 16
44 21 14
44 21 15
44 27 6
44 27 7
44 28 5
44 28 6
44 28 7
44 28 8
44 29 5
44 29 6
44 29 7
44 29 8
44 30 5
44 30 6
44 30 7
44 31 4
44 31 5
44 31 6
44 31 7
44 32 5
44 32 6
44 33 5
44 33 6
44 33 7
44 33 8
44 33 27
44 33 28
44 33 29
44 34 5
44 34 6
44 34 7
44 34 8
44 34 28
44 34 29
44 34 30
44 34 31
44 35 6
44 35 7
44 35 8
44 35 9
44 35 28
44 35 29
44 35 30
44 35 31
44 36 29
44 36 30
45 9 26
45 10 23
45 10 24
45 10 25
45 10 26
45 10 27
45 10 28
45 11 22
45 11 23
45 11 24
45 11 25
45 11 26
45 11 27
45 11 28
45 11 29
45 12 21
45 12 22
45 12 23
45 12 27
45 12 28
45 12 29
45 19 13
45 19 14
45 19 15
45 19 16
45 20 13
45 20 14
45 20 15
45 20 16
45 21 14
45 21 15
45 21 16
45 22 16
45 28 7
45 29 6
45 29 7
45 30 5
45 30 6
45 30 7
45 31 4
45 31 5
45 31 6
45 31 7
45 32 4
45 32 5
45 32 6
45 32 7
45 32 28
45 33 4
45 33 5
45 33 6
45 33 7
45 33 27
45 33 28
45 33 29
45 34 4
45 34 5
45 34 6
45 34 7
45 34 8
45 34 27
45 34 28
45 34 29
45 34 30
45 35 4
45 35 5
45 35 28
45 35 29
46 10 24
46 10 25
46 10 26
46 10 27
46 10 28
46 11 23
46 11 24
46 11 25
46 11 26
46 11 27
46 11 28
46 12 27
46 12 28
46 19 15
46 19 16
46 20 14
46 20 15
46 20 16
46 20 17
46 21 14
46 21 15
46 21 16
46 21 17
46 22 15
46 22 16
46 30 6
46 31 5
46 31 6
46 31 7
46 32 4
46 32 5
46 32 6
46 32 7
46 32 26
46 32 27
46 32 28
46 33 4
46 33 5
46 33 6
46 33 7
46 33 26
46 33 27
46 33 28
46 33 29
46 34 4
46 34 5
46 34 6
46 34 26
46 34 27
46 34 28
46 34 29
46 35 4
46 35 5
46 35 6
46 36 4
46 36 5
46 37 4
47 10 26
47 20 15
47 20 16
47 21 15
47 21 16
47 21 17
47 22 15
47 22 16
47 22 17
47 23 16
47 23 17
47 31 25
47 31 26
47 32 6
47 32 25
47 32 26
47 32 27
47 32 28
47 33 5
47 33 6
47 33 26
47 33 27
47 33 28
47 33 29
47 34 4
47 34 5
47 34 6
47 35 3
47 35 4
47 35 5
47 35 6
47 36 3
47 36 4
47 36 5
47 36 6
47 37 3
47 37 4
47 37 5
47 38 3
47 38 4
47 38 5
47 39 4
48 21 15
48 21 16
48 21 17
48 22 15
48 22 16
48 22 17
48 22 18
48 23 15
48 23 16
48 23 17
48 23 18
48 24 16
48 24 17
48 30 24
48 30 25
48 31 24
48 31 25
48 31 26
48 31 27
48 32 25
48 32 26
48 32 27
48 32 28
48 33 25
48 33 26
48 33 27
48 34 5
48 34 6
48 35 4
48 35 5
48 35 6
48 36 3
48 36 4
48 36 5
48 36 6
48 37 3
48 37 4
48 37 5
48 37 6
48 38 3
48 38 4
48 38 5
48 39 3
48 39 4
48 39 5
48 40 3
48 40 4
49 21 17
49 22 16
49 22 17
49 22 18
49 23 16
49 23 17
49 23 18
49 24 16
49 24 17
49 24 18
49 25 17
49 30 23
49 30 24
49 30 25
49 30 26
49 31 24
49 31 25
49 31 26
49 31 27
49 32 24
49 32 25
49 32 26
49 32 27
49 36 5
49 37 3
49 37 4
49 37 5
49 38 3
49 38 4
49 38 5
49 39 3
49 39 4
49 39 5
49 40 3
49 40 4
50 22 17
50 22 18
50 23 16
50 23 17
50 23 18
50 23 19
50 24 16
50 24 17
50 24 18
50 24 19
50 25 17
50 25 18
50 25 19
50 29 22
50 29 23
50 29 24
50 29 25
50 30 23
50 30 24
50 30 25
50 30 26
50 31 23
50 31 24
50 31 25
50 31 26
50 38 4
50 39 4
50 39 5
51 23 17
51 23 18
51 23 19
51 24 17
51 24 18
51 24 19
51 24 20
51 25 17
51 25 18
51 25 19
51 26 18
51 26 19
51 28 21
51 28 22
51 28 23
51 29 21
51 29 22
51 29 23
51 29 24
51 29 25
51 30 22
51 30 23
51 30 24
51 30 25
52 23 19
52 24 17
52 24 18
52 24 19
52 24 20
52 25 17
52 25 18
52 25 19
52 25 20
52 26 18
52 26 19
52 26 20
52 27 19
52 27 20
52 27 21
52 27 22
52 28 21
52 28 22
52 28 23
52 29 21
52 29 22
52 29 23
52 29 24
52 30 22
52 30 23
53 24 19
53 25 18
53 25 19
53 25 20
53 26 18
53 26 19
53 26 20
53 27 19
53 27 20
53 27 21
53 27 22
53 28 20
53 28 21
53 28 22
53 28 23
53 29 20
53 29 21
53 29 22
53 29 23
54 25 19
54 25 20
54 26 18
54 26 19
54 26 20
54 26 21
54 27 18
54 27 19
54 27 20
54 27 21
54 27 22
54 28 19
54 28 20
54 28 21
54 28 22
55 26 19
55 26 20
55 26 21
55 27 19
55 27 20
55 27 21
55 28 19
55 28 20
55 28 21
55 29 20
55 29 21
56 26 21
56 27 19
56 27 20
56 27 21
56 27 22
56 28 19
56 28 20
56 28 21
56 28 22
56 29 20
56 29 21
56 29 22
56 30 21
57 27 20
57 27 21
57 27 22
57 28 20
57 28 21
57 28 22
57 28 23
57 29 20
57 29 21
57 29 22
57 29 23
57 30 21
57 30 22
58 28 21
58 28 22
58 29 20
58 29 21
58 29 22
58 29 23
58 30 21
58 30 22
58 30 23
58 31 22
58 31 23
59 28 22
59 29 21
59 29 22
59 29 23
59 30 21
59 30 22
59 30 23
59 30 24
59 31 21
59 31 22
59 31 23
59 32 22
59 32 23
60 29 22
60 29 23
60 30 21
60 30 22
60 30 23
60 30 24
60 31 21
60 31 22
60 31 23
60 31 24
60 32 22
60 32 23
