0 53 21
0 54 20
0 54 21
0 55 19
0 55 20
0 55 21
0 56 18
0 56 19
0 56 20
0 57 18
0 57 19
0 57 20
0 58 17
0 58 18
0 58 19
0 59 17
1 50 22
1 51 21
1 51 22
1 52 20
1 52 21
1 52 22
1 53 20
1 53 21
1 53 22
1 54 19
1 54 20
1 54 21
1 54 22
1 55 19
1 55 20
1 55 21
1 55 22
1 56 18
1 56 19
1 56 20
1 56 21
1 57 17
1 57 18
1 57 19
1 57 20
1 57 21
1 58 16
1 58 17
1 58 18
1 58 19
1 58 20
1 59 16
1 59 17
1 59 18
1 60 16
1 60 17
2 0 22
2 0 23
2 1 22
2 1 23
2 1 24
2 2 22
2 2 23
2 2 24
2 3 22
2 3 23
2 3 24
2 4 22
2 4 23
2 4 24
2 5 23
2 5 24
2 6 24
2 7 24
2 46 24
2 47 23
2 47 24
2 48 22
2 48 23
2 48 24
2 49 22
2 49 23
2 49 24
2 50 21
2 50 22
2 50 23
2 51 21
2 51 22
2 51 23
2 52 20
2 52 21
2 52 22
2 52 23
2 53 19
2 53 20
2 53 21
2 53 22
2 53 23
2 54 19
2 54 20
2 54 21
2 54 22
2 55 18
2 55 19
2 55 20
2 55 21
2 55 22
2 56 18
2 56 19
2 56 20
2 56 21
2 57 16
2 57 17
2 57 18
2 57 19
2 57 20
2 58 15
2 58 16
2 58 17
2 58 18
2 58 19
2 58 20
2 59 15
2 59 16
2 59 17
2 59 18
2 59 19
2 60 15
2 60 16
2 60 17
3 0 22
3 0 23
3 0 24
3 1 21
3 1 22
3 1 23
3 1 24
3 2 22
3 2 23
3 2 24
3 3 22
3 3 23
3 3 24
3 4 22
3 4 23
3 4 24
3 5 22
3 5 23
3 5 24
3 6 23
3 6 24
3 6 25
3 7 23
3 7 24
3 7 25
3 8 23
3 8 24
3 8 25
3 9 24
3 9 25
3 10 24
3 10 25
3 11 24
3 11 25
3 12 25
3 13 25
3 44 25
3 45 24
3 45 25
3 46 23
3 46 24
3 46 25
3 47 22
3 47 23
3 47 24
3 47 25
3 48 22
3 48 23
3 48 24
3 49 22
3 49 23
3 49 24
3 50 21
3 50 22
3 50 23
3 50 24
3 51 20
3 51 21
3 51 22
3 51 23
3 51 24
3 52 19
3 52 20
3 52 21
3 52 22
3 52 23
3 53 19
3 53 20
3 53 21
3 53 22
3 53 23
3 54 18
3 54 19
3 54 20
3 54 21
3 54 22
3 55 18
3 55 19
3 55 20
3 55 21
3 56 17
3 56 18
3 56 19
3 56 20
3 57 16
3 57 17
3 57 18
3 57 19
3 57 20
3 58 15
3 58 16
3 58 17
3 58 18
3 58 19
3 59 14
3 59 15
3 59 16
3 59 17
3 59 18
3 60 14
3 60 15
3 60 16
3 60 17
3 60 18
4 0 22
4 0 23
4 0 24
4 1 22
4 1 23
4 1 24
4 2 22
4 2 23
4 2 24
4 3 22
4 3 23
4 3 24
4 3 25
4 4 22
4 4 23
4 4 24
4 4 25
4 5 22
4 5 23
4 5 24
4 5 25
4 6 22
4 6 23
4 6 24
4 6 25
4 7 23
4 7 24
4 7 25
4 8 23
4 8 24
4 8 25
4 8 26
4 9 23
4 9 24
4 9 25
4 9 26
4 10 23
4 10 24
4 10 25
4 10 26
4 11 24
4 11 25
4 11 26
4 12 24
4 12 25
4 12 26
4 13 24
4 13 25
4 13 26
4 14 24
4 14 25
4 14 26
4 15 24
4 15 25
4 15 26
4 16 25
4 16 26
4 17 25
4 17 26
4 18 26
4 19 26
4 41 26
4 42 25
4 42 26
4 43 24
4 43 25
4 43 26
4 44 23
4 44 24
4 44 25
4 44 26
4 45 23
4 45 24
4 45 25
4 45 26
4 46 23
4 46 24
4 46 25
4 46 26
4 47 22
4 47 23
4 47 24
4 47 25
4 48 22
4 48 23
4 48 24
4 48 25
4 49 20
4 49 21
4 49 22
4 49 23
4 49 24
4 50 19
4 50 20
4 50 21
4 50 22
4 50 23
4 50 24
4 51 19
4 51 20
4 51 21
4 51 22
4 51 23
4 52 18
4 52 19
4 52 20
4 52 21
4 52 22
4 53 17
4 53 18
4 53 19
4 53 20
4 53 21
4 54 17
4 54 18
4 54 19
4 54 20
4 55 16
4 55 17
4 55 18
4 55 19
4 55 20
4 56 16
4 56 17
4 56 18
4 56 19
4 57 15
4 57 16
4 57 17
4 57 18
4 58 14
4 58 15
4 58 16
4 58 17
4 58 18
4 59 13
4 59 14
4 59 15
4 59 16
4 59 17
4 60 13
4 60 14
4 60 15
4 60 16
4 60 17
5 3 24
5 4 23
5 4 24
5 5 23
5 5 24
5 5 25
5 6 23
5 6 24
5 6 25
5 7 23
5 7 24
5 7 25
5 8 22
5 8 23
5 8 24
5 8 25
5 8 26
5 9 22
5 9 23
5 9 24
5 9 25
5 9 26
5 10 23
5 10 24
5 10 25
5 10 26
5 11 24
5 11 25
5 11 26
5 12 24
5 12 25
5 12 26
5 12 27
5 13 24
5 13 25
5 13 26
5 13 27
5 14 24
5 14 25
5 14 26
5 14 27
5 15 24
5 15 25
5 15 26
5 15 27
5 16 25
5 16 26
5 16 27
5 17 25
5 17 26
5 17 27
5 18 25
5 18 26
5 18 27
5 19 25
5 19 26
5 19 27
5 20 26
5 20 27
5 20 28
5 21 26
5 21 27
5 21 28
5 22 26
5 22 27
5 22 28
5 23 27
5 23 28
5 24 27
5 24 28
5 25 27
5 25 28
5 30 28
5 30 29
5 31 28
5 31 29
5 38 27
5 38 28
5 39 27
5 39 28
5 40 26
5 40 27
5 40 28
5 41 25
5 41 26
5 41 27
5 41 28
5 42 24
5 42 25
5 42 26
5 42 27
5 43 24
5 43 25
5 43 26
5 43 27
5 44 24
5 44 25
5 44 26
5 44 27
5 45 23
5 45 24
5 45 25
5 45 26
5 46 23
5 46 24
5 46 25
5 46 26
5 47 23
5 47 24
5 47 25
5 48 24
5 48 25
5 49 19
5 49 20
5 49 21
5 49 22
5 49 23
5 50 18
5 50 19
5 50 20
5 50 21
5 50 22
5 50 23
5 51 18
5 51 19
5 51 20
5 51 21
5 52 17
5 52 18
5 52 19
5 52 20
5 52 21
5 53 17
5 53 18
5 53 19
5 53 20
5 54 16
5 54 17
5 54 18
5 54 19
5 54 20
5 55 16
5 55 17
5 55 18
5 55 19
5 56 15
5 56 16
5 56 17
5 56 18
5 57 15
5 57 16
5 57 17
5 57 18
5 58 13
5 58 14
5 58 15
5 58 16
5 58 17
5 59 13
5 59 14
5 59 15
5 59 16
5 59 17
5 60 13
5 60 14
5 60 15
5 60 16
6 8 21
6 8 22
6 8 23
6 8 24
6 8 25
6 9 21
6 9 22
6 9 23
6 9 24
6 9 25
6 10 25
6 11 24
6 11 25
6 11 26
6 12 24
6 12 25
6 12 26
6 13 24
6 13 25
6 13 26
6 14 24
6 14 25
6 14 26
6 14 27
6 15 24
6 15 25
6 15 26
6 15 27
6 16 24
6 16 25
6 16 26
6 16 27
6 17 24
6 17 25
6 17 26
6 17 27
6 17 28
6 18 25
6 18 26
6 18 27
6 18 28
6 19 25
6 19 26
6 19 27
6 19 28
6 20 25
6 20 26
6 20 27
6 20 28
6 21 25
6 21 26
6 21 27
6 21 28
6 22 26
6 22 27
6 22 28
6 23 26
6 23 27
6 23 28
6 24 26
6 24 27
6 24 28
6 25 27
6 25 28
6 25 29
6 26 27
6 26 28
6 26 29
6 27 27
6 27 28
6 27 29
6 28 27
6 28 28
6 28 29
6 29 28
6 29 29
6 29 30
6 30 28
6 30 29
6 30 30
6 31 28
6 31 29
6 31 30
6 32 29
6 32 30
6 34 29
6 35 29
6 36 28
6 36 29
6 37 27
6 37 28
6 37 29
6 38 26
6 38 27
6 38 28
6 38 29
6 39 26
6 39 27
6 39 28
6 40 25
6 40 26
6 40 27
6 40 28
6 41 25
6 41 26
6 41 27
6 41 28
6 42 24
6 42 25
6 42 26
6 42 27
6 42 28
6 43 24
6 43 25
6 43 26
6 43 27
6 44 24
6 44 25
6 44 26
6 45 25
6 45 26
6 46 25
6 49 18
6 49 19
6 49 20
6 49 21
6 50 17
6 50 18
6 50 19
6 50 20
6 50 21
6 51 17
6 51 18
6 51 19
6 51 20
6 52 16
6 52 17
6 52 18
6 52 19
6 53 15
6 53 16
6 53 17
6 53 18
6 53 19
6 54 15
6 54 16
6 54 17
6 54 18
6 55 15
6 55 16
6 55 17
6 55 18
6 56 14
6 56 15
6 56 16
6 56 17
6 57 14
6 57 15
6 57 16
6 57 17
6 58 13
6 58 14
6 58 15
6 58 16
6 59 12
6 59 13
6 59 14
6 59 15
6 59 16
6 60 12
6 60 13
6 60 14
6 60 15
6 60 16
7 8 21
7 8 22
7 8 23
7 8 24
7 9 21
7 9 22
7 9 23
7 9 24
7 15 27
7 16 27
7 17 27
7 18 26
7 18 27
7 19 26
7 19 27
7 19 28
7 20 26
7 20 27
7 20 28
7 21 26
7 21 27
7 21 28
7 22 26
7 22 27
7 22 28
7 22 29
7 23 26
7 23 27
7 23 28
7 23 29
7 24 26
7 24 27
7 24 28
7 24 29
7 25 26
7 25 27
7 25 28
7 25 29
7 26 26
7 26 27
7 26 28
7 26 29
7 26 30
7 27 27
7 27 28
7 27 29
7 27 30
7 28 27
7 28 28
7 28 29
7 28 30
7 28 31
7 28 32
7 29 24
7 29 25
7 29 26
7 29 27
7 29 28
7 29 29
7 29 30
7 29 31
7 29 32
7 30 25
7 30 26
7 30 27
7 30 28
7 30 29
7 30 30
7 30 31
7 30 32
7 31 27
7 31 28
7 31 29
7 31 30
7 31 31
7 32 28
7 32 29
7 32 30
7 32 31
7 33 28
7 33 29
7 33 30
7 33 31
7 34 28
7 34 29
7 34 30
7 34 31
7 35 28
7 35 29
7 35 30
7 36 27
7 36 28
7 36 29
7 36 30
7 37 27
7 37 28
7 37 29
7 37 30
7 38 26
7 38 27
7 38 28
7 38 29
7 38 30
7 39 26
7 39 27
7 39 28
7 39 29
7 40 26
7 40 27
7 40 28
7 40 29
7 41 26
7 41 27
7 41 28
7 42 27
7 49 18
7 49 19
7 49 20
7 50 17
7 50 18
7 50 19
7 50 20
7 51 16
7 51 17
7 51 18
7 51 19
7 52 15
7 52 16
7 52 17
7 52 18
7 52 19
7 53 15
7 53 16
7 53 17
7 53 18
7 54 14
7 54 15
7 54 16
7 54 17
7 54 18
7 55 14
7 55 15
7 55 16
7 55 17
7 56 13
7 56 14
7 56 15
7 56 16
7 56 17
7 57 13
7 57 14
7 57 15
7 57 16
7 58 12
7 58 13
7 58 14
7 58 15
7 58 16
7 59 11
7 59 12
7 59 13
7 59 14
7 59 15
7 60 11
7 60 12
7 60 13
7 60 14
7 60 15
8 8 20
8 8 21
8 8 22
8 8 23
8 9 20
8 9 21
8 9 22
8 9 23
8 22 28
8 23 28
8 24 27
8 24 28
8 25 27
8 25 28
8 25 29
8 26 27
8 26 28
8 26 29
8 27 27
8 27 28
8 27 29
8 27 32
8 27 33
8 28 27
8 28 28
8 28 29
8 28 30
8 28 31
8 28 32
8 28 33
8 29 23
8 29 24
8 29 25
8 29 26
8 29 27
8 29 28
8 29 29
8 29 30
8 29 31
8 29 32
8 29 33
8 30 24
8 30 25
8 30 26
8 30 27
8 30 28
8 30 29
8 30 30
8 30 31
8 30 32
8 30 33
8 31 24
8 31 25
8 31 26
8 31 27
8 31 28
8 31 29
8 31 30
8 31 31
8 31 32
8 32 25
8 32 26
8 32 27
8 32 28
8 32 29
8 32 30
8 32 31
8 32 32
8 33 28
8 33 29
8 33 30
8 33 31
8 34 28
8 34 29
8 34 30
8 34 31
8 35 28
8 35 29
8 35 30
8 35 31
8 36 27
8 36 28
8 36 29
8 36 30
8 36 31
8 37 27
8 37 28
8 37 29
8 37 30
8 38 27
8 38 28
8 38 29
8 39 28
8 40 28
8 49 17
8 49 18
8 49 19
8 50 16
8 50 17
8 50 18
8 50 19
8 51 16
8 51 17
8 51 18
8 51 19
8 52 15
8 52 16
8 52 17
8 52 18
8 53 14
8 53 15
8 53 16
8 53 17
8 54 14
8 54 15
8 54 16
8 54 17
8 55 13
8 55 14
8 55 15
8 55 16
8 56 13
8 56 14
8 56 15
8 56 16
8 57 12
8 57 13
8 57 14
8 57 15
8 58 11
8 58 12
8 58 13
8 58 14
8 58 15
8 59 11
8 59 12
8 59 13
8 59 14
8 59 15
8 60 11
8 60 12
8 60 13
8 60 14
9 8 19
9 8 20
9 8 21
9 8 22
9 8 23
9 9 19
9 9 20
9 9 21
9 9 22
9 9 23
9 26 33
9 27 32
9 27 33
9 28 31
9 28 32
9 28 33
9 29 22
9 29 23
9 29 24
9 29 25
9 29 26
9 29 28
9 29 29
9 29 30
9 29 31
9 29 32
9 29 33
9 30 23
9 30 24
9 30 25
9 30 26
9 30 27
9 30 28
9 30 29
9 30 30
9 30 31
9 30 32
9 30 33
9 31 23
9 31 24
9 31 25
9 31 26
9 31 27
9 31 28
9 31 29
9 31 30
9 31 31
9 31 32
9 31 33
9 32 24
9 32 25
9 32 26
9 32 27
9 32 28
9 32 29
9 32 30
9 32 31
9 32 32
9 33 29
9 33 30
9 33 31
9 33 32
9 34 29
9 34 30
9 34 31
9 35 29
9 35 30
9 35 31
9 36 30
9 49 16
9 49 17
9 49 18
9 49 19
9 50 15
9 50 16
9 50 17
9 50 18
9 50 19
9 51 15
9 51 16
9 51 17
9 51 18
9 52 14
9 52 15
9 52 16
9 52 17
9 53 13
9 53 14
9 53 15
9 53 16
9 54 13
9 54 14
9 54 15
9 54 16
9 55 12
9 55 13
9 55 14
9 55 15
9 56 12
9 56 13
9 56 14
9 56 15
9 57 11
9 57 12
9 57 13
9 57 14
9 58 10
9 58 11
9 58 12
9 58 13
9 58 14
9 59 10
9 59 11
9 59 12
9 59 13
9 59 14
9 60 10
9 60 11
9 60 12
9 60 13
10 8 18
10 8 19
10 8 20
10 8 21
10 8 22
10 9 18
10 9 19
10 9 20
10 9 21
10 9 22
10 22 35
10 23 34
10 23 35
10 24 33
10 24 34
10 24 35
10 25 32
10 25 33
10 25 34
10 25 35
10 26 32
10 26 33
10 26 34
10 27 31
10 27 32
10 27 33
10 27 34
10 28 31
10 28 32
10 28 33
10 28 34
10 29 22
10 29 23
10 29 24
10 29 25
10 29 29
10 29 30
10 29 31
10 29 32
10 29 33
10 29 34
10 30 22
10 30 23
10 30 24
10 30 25
10 30 26
10 30 27
10 30 28
10 30 29
10 30 30
10 30 31
10 30 32
10 30 33
10 31 22
10 31 23
10 31 24
10 31 25
10 31 26
10 31 27
10 31 28
10 31 29
10 31 30
10 31 31
10 31 32
10 32 24
10 32 25
10 32 26
10 32 27
10 32 28
10 32 29
10 32 30
10 32 31
10 32 32
10 33 31
10 49 16
10 49 17
10 49 18
10 50 15
10 50 16
10 50 17
10 50 18
10 51 14
10 51 15
10 51 16
10 51 17
10 52 13
10 52 14
10 52 15
10 52 16
10 52 17
10 53 13
10 53 14
10 53 15
10 53 16
10 54 12
10 54 13
10 54 14
10 54 15
10 55 12
10 55 13
10 55 14
10 55 15
10 56 11
10 56 12
10 56 13
10 56 14
10 57 11
10 57 12
10 57 13
10 57 14
10 58 10
10 58 11
10 58 12
10 58 13
10 59 9
10 59 10
10 59 11
10 59 12
10 59 13
10 60 9
10 60 10
10 60 11
10 60 12
10 60 13
11 8 18
11 8 19
11 8 20
11 8 21
11 9 18
11 9 19
11 9 20
11 9 21
11 19 36
11 20 36
11 21 35
11 21 36
11 22 34
11 22 35
11 22 36
11 23 33
11 23 34
11 23 35
11 23 36
11 24 33
11 24 34
11 24 35
11 25 32
11 25 33
11 25 34
11 25 35
11 26 32
11 26 33
11 26 34
11 26 35
11 27 32
11 27 33
11 27 34
11 28 32
11 28 33
11 28 34
11 29 21
11 29 22
11 29 23
11 29 24
11 29 31
11 29 32
11 29 33
11 29 34
11 30 21
11 30 22
11 30 23
11 30 24
11 30 25
11 30 26
11 30 27
11 30 28
11 30 29
11 30 30
11 30 31
11 30 32
11 30 33
11 30 34
11 31 22
11 31 23
11 31 24
11 31 25
11 31 26
11 31 27
11 31 28
11 31 29
11 31 30
11 31 31
11 31 32
11 31 33
11 32 23
11 32 24
11 32 25
11 32 26
11 32 27
11 32 28
11 32 29
11 32 30
11 32 31
11 32 32
11 49 15
11 49 16
11 49 17
11 50 14
11 50 15
11 50 16
11 50 17
11 51 13
11 51 14
11 51 15
11 51 16
11 52 13
11 52 14
11 52 15
11 52 16
11 53 12
11 53 13
11 53 14
11 53 15
11 54 11
11 54 12
11 54 13
11 54 14
11 55 11
11 55 12
11 55 13
11 55 14
11 56 10
11 56 11
11 56 12
11 56 13
11 57 10
11 57 11
11 57 12
11 57 13
11 58 9
11 58 10
11 58 11
11 58 12
11 59 8
11 59 9
11 59 10
11 59 11
11 59 12
11 60 8
11 60 9
11 60 10
11 60 11
11 60 12
12 8 17
12 8 18
12 8 19
12 8 20
12 8 21
12 9 17
12 9 18
12 9 19
12 9 20
12 9 21
12 17 37
12 18 36
12 18 37
12 19 35
12 19 36
12 19 37
12 20 34
12 20 35
12 20 36
12 20 37
12 21 34
12 21 35
12 21 36
12 21 37
12 22 34
12 22 35
12 22 36
12 22 37
12 23 33
12 23 34
12 23 35
12 23 36
12 24 33
12 24 34
12 24 35
12 24 36
12 25 33
12 25 34
12 25 35
12 26 33
12 26 34
12 26 35
12 27 33
12 27 34
12 28 33
12 29 20
12 29 21
12 29 22
12 29 23
12 29 32
12 29 33
12 29 34
12 29 35
12 30 20
12 30 21
12 30 22
12 30 23
12 30 24
12 30 25
12 30 26
12 30 27
12 30 28
12 30 29
12 30 30
12 30 31
12 30 32
12 30 33
12 30 34
12 30 35
12 31 21
12 31 22
12 31 23
12 31 24
12 31 25
12 31 26
12 31 27
12 31 28
12 31 29
12 31 30
12 31 31
12 31 32
12 31 33
12 31 34
12 32 22
12 32 23
12 32 24
12 32 25
12 32 26
12 32 27
12 32 28
12 32 29
12 32 30
12 32 31
12 32 32
12 32 33
12 48 15
12 49 14
12 49 15
12 49 16
12 49 17
12 50 13
12 50 14
12 50 15
12 50 16
12 50 17
12 51 13
12 51 14
12 51 15
12 51 16
12 52 12
12 52 13
12 52 14
12 52 15
12 53 11
12 53 12
12 53 13
12 53 14
12 53 15
12 54 11
12 54 12
12 54 13
12 54 14
12 55 10
12 55 11
12 55 12
12 55 13
12 56 10
12 56 11
12 56 12
12 56 13
12 57 9
12 57 10
12 57 11
12 57 12
12 58 8
12 58 9
12 58 10
12 58 11
12 58 12
12 59 8
12 59 9
12 59 10
12 59 11
12 59 12
12 60 8
12 60 9
12 60 10
12 60 11
13 8 16
13 8 17
13 8 18
13 8 19
13 8 20
13 9 16
13 9 17
13 9 18
13 9 19
13 9 20
13 14 38
13 14 39
13 15 37
13 15 38
13 15 39
13 16 37
13 16 38
13 16 39
13 17 36
13 17 37
13 17 38
13 17 39
13 18 35
13 18 36
13 18 37
13 18 38
13 19 35
13 19 36
13 19 37
13 19 38
13 20 35
13 20 36
13 20 37
13 20 38
13 21 34
13 21 35
13 21 36
13 21 37
13 22 34
13 22 35
13 22 36
13 22 37
13 23 34
13 23 35
13 23 36
13 24 35
13 29 19
13 29 20
13 29 21
13 29 22
13 29 34
13 29 35
13 29 36
13 29 37
13 30 20
13 30 21
13 30 22
13 30 23
13 30 24
13 30 25
13 30 26
13 30 27
13 30 28
13 30 29
13 30 30
13 30 31
13 30 32
13 30 33
13 30 34
13 30 35
13 30 36
13 30 37
13 31 20
13 31 21
13 31 22
13 31 23
13 31 24
13 31 25
13 31 26
13 31 27
13 31 28
13 31 29
13 31 30
13 31 31
13 31 32
13 31 33
13 31 34
13 31 35
13 32 21
13 32 22
13 32 23
13 32 24
13 32 25
13 32 26
13 32 27
13 32 28
13 32 29
13 32 30
13 32 31
13 32 32
13 32 33
13 32 34
13 32 35
13 48 14
13 48 15
13 49 13
13 49 14
13 49 15
13 49 16
13 50 12
13 50 13
13 50 14
13 50 15
13 50 16
13 51 12
13 51 13
13 51 14
13 51 15
13 52 11
13 52 12
13 52 13
13 52 14
13 53 11
13 53 12
13 53 13
13 53 14
13 54 10
13 54 11
13 54 12
13 54 13
13 55 9
13 55 10
13 55 11
13 55 12
13 56 9
13 56 10
13 56 11
13 56 12
13 57 9
13 57 10
13 57 11
13 58 7
13 58 8
13 58 9
13 58 10
13 58 11
13 59 7
13 59 8
13 59 9
13 59 10
13 59 11
13 60 7
13 60 8
13 60 9
13 60 10
14 8 16
14 8 17
14 8 18
14 8 19
14 9 16
14 9 17
14 9 18
14 9 19
14 10 40
14 11 39
14 11 40
14 12 39
14 12 40
14 13 38
14 13 39
14 13 40
14 14 37
14 14 38
14 14 39
14 14 40
14 15 37
14 15 38
14 15 39
14 16 36
14 16 37
14 16 38
14 16 39
14 17 36
14 17 37
14 17 38
14 17 39
14 18 36
14 18 37
14 18 38
14 18 39
14 19 36
14 19 37
14 19 38
14 20 36
14 20 37
14 21 36
14 21 37
14 29 18
14 29 19
14 29 20
14 29 21
14 29 22
14 29 35
14 29 36
14 29 37
14 29 38
14 30 19
14 30 20
14 30 21
14 30 22
14 30 23
14 30 24
14 30 25
14 30 26
14 30 27
14 30 28
14 30 29
14 30 30
14 30 31
14 30 32
14 30 33
14 30 34
14 30 35
14 30 36
14 30 37
14 30 38
14 31 20
14 31 21
14 31 22
14 31 23
14 31 24
14 31 25
14 31 26
14 31 27
14 31 28
14 31 29
14 31 30
14 31 31
14 31 32
14 31 33
14 31 34
14 31 35
14 31 36
14 31 37
14 32 20
14 32 21
14 32 22
14 32 23
14 32 24
14 32 25
14 32 26
14 32 27
14 32 28
14 32 29
14 32 30
14 32 31
14 32 32
14 32 33
14 32 34
14 32 35
14 32 36
14 48 13
14 48 14
14 49 13
14 49 14
14 49 15
14 49 16
14 50 12
14 50 13
14 50 14
14 50 15
14 51 11
14 51 12
14 51 13
14 51 14
14 52 11
14 52 12
14 52 13
14 52 14
14 53 10
14 53 11
14 53 12
14 53 13
14 54 9
14 54 10
14 54 11
14 54 12
14 54 13
14 55 9
14 55 10
14 55 11
14 55 12
14 56 8
14 56 9
14 56 10
14 56 11
14 57 8
14 57 9
14 57 10
14 58 7
14 58 8
14 58 9
14 58 10
14 59 6
14 59 7
14 59 8
14 59 9
14 59 10
14 60 6
14 60 7
14 60 8
14 60 9
14 60 10
15 7 42
15 8 15
15 8 16
15 8 17
15 8 18
15 8 41
15 8 42
15 9 15
15 9 16
15 9 17
15 9 18
15 9 40
15 9 41
15 9 42
15 10 39
15 10 40
15 10 41
15 10 42
15 11 39
15 11 40
15 11 41
15 12 38
15 12 39
15 12 40
15 12 41
15 13 38
15 13 39
15 13 40
15 13 41
15 14 37
15 14 38
15 14 39
15 14 40
15 15 37
15 15 38
15 15 39
15 15 40
15 16 37
15 16 38
15 16 39
15 17 37
15 17 38
15 17 39
15 18 38
15 19 38
15 29 18
15 29 19
15 29 20
15 29 21
15 29 36
15 29 37
15 29 38
15 29 39
15 29 40
15 30 18
15 30 19
15 30 20
15 30 21
15 30 22
15 30 23
15 30 24
15 30 25
15 30 26
15 30 27
15 30 28
15 30 29
15 30 30
15 30 31
15 30 32
15 30 33
15 30 34
15 30 35
15 30 36
15 30 37
15 30 38
15 30 39
15 30 40
15 31 19
15 31 20
15 31 21
15 31 22
15 31 23
15 31 24
15 31 25
15 31 26
15 31 27
15 31 28
15 31 29
15 31 30
15 31 31
15 31 32
15 31 33
15 31 34
15 31 35
15 31 36
15 31 37
15 31 38
15 32 20
15 32 21
15 32 22
15 32 23
15 32 24
15 32 25
15 32 26
15 32 27
15 32 28
15 32 29
15 32 30
15 32 31
15 32 32
15 32 33
15 32 34
15 32 35
15 32 36
15 32 37
15 32 38
15 48 12
15 48 13
15 49 12
15 49 13
15 49 14
15 49 15
15 50 11
15 50 12
15 50 13
15 50 14
15 51 11
15 51 12
15 51 13
15 51 14
15 52 10
15 52 11
15 52 12
15 52 13
15 53 9
15 53 10
15 53 11
15 53 12
15 54 9
15 54 10
15 54 11
15 54 12
15 55 8
15 55 9
15 55 10
15 55 11
15 56 7
15 56 8
15 56 9
15 56 10
15 57 7
15 57 8
15 57 9
15 57 10
15 58 6
15 58 7
15 58 8
15 58 9
15 59 5
15 59 6
15 59 7
15 59 8
15 59 9
15 60 5
15 60 6
15 60 7
15 60 8
15 60 9
16 5 42
16 5 43
16 6 41
16 6 42
16 6 43
16 7 40
16 7 41
16 7 42
16 7 43
16 8 14
16 8 15
16 8 16
16 8 17
16 8 18
16 8 40
16 8 41
16 8 42
16 9 14
16 9 15
16 9 16
16 9 17
16 9 18
16 9 40
16 9 41
16 9 42
16 10 39
16 10 40
16 10 41
16 10 42
16 11 39
16 11 40
16 11 41
16 11 42
16 12 38
16 12 39
16 12 40
16 12 41
16 13 38
16 13 39
16 13 40
16 13 41
16 14 38
16 14 39
16 14 40
16 15 39
16 16 39
16 29 17
16 29 18
16 29 19
16 29 20
16 29 38
16 29 39
16 29 40
16 29 41
16 30 18
16 30 19
16 30 20
16 30 21
16 30 22
16 30 23
16 30 24
16 30 25
16 30 26
16 30 27
16 30 28
16 30 29
16 30 30
16 30 31
16 30 32
16 30 33
16 30 34
16 30 35
16 30 36
16 30 37
16 30 38
16 30 39
16 30 40
16 30 41
16 31 18
16 31 19
16 31 20
16 31 21
16 31 22
16 31 23
16 31 24
16 31 25
16 31 26
16 31 27
16 31 28
16 31 29
16 31 30
16 31 31
16 31 32
16 31 33
16 31 34
16 31 35
16 31 36
16 31 37
16 31 38
16 31 39
16 32 19
16 32 20
16 32 21
16 32 22
16 32 23
16 32 24
16 32 25
16 32 26
16 32 27
16 32 28
16 32 29
16 32 30
16 32 31
16 32 32
16 32 33
16 32 34
16 32 35
16 32 36
16 32 37
16 32 38
16 32 39
16 48 12
16 48 13
16 49 11
16 49 12
16 49 13
16 49 14
16 50 11
16 50 12
16 50 13
16 50 14
16 51 10
16 51 11
16 51 12
16 51 13
16 52 9
16 52 10
16 52 11
16 52 12
16 53 9
16 53 10
16 53 11
16 53 12
16 54 8
16 54 9
16 54 10
16 54 11
16 55 7
16 55 8
16 55 9
16 55 10
16 56 7
16 56 8
16 56 9
16 56 10
16 57 7
16 57 8
16 57 9
16 58 5
16 58 6
16 58 7
16 58 8
16 58 9
16 59 5
16 59 6
16 59 7
16 59 8
16 59 9
16 60 5
16 60 6
16 60 7
16 60 8
17 1 44
17 2 44
17 3 43
17 3 44
17 4 42
17 4 43
17 4 44
17 5 41
17 5 42
17 5 43
17 5 44
17 6 41
17 6 42
17 6 43
17 6 44
17 7 40
17 7 41
17 7 42
17 7 43
17 7 44
17 8 13
17 8 14
17 8 15
17 8 16
17 8 17
17 8 40
17 8 41
17 8 42
17 8 43
17 9 13
17 9 14
17 9 15
17 9 16
17 9 17
17 9 40
17 9 41
17 9 42
17 9 43
17 10 40
17 10 41
17 10 42
17 11 40
17 11 41
17 11 42
17 12 41
17 29 16
17 29 17
17 29 18
17 29 19
17 29 39
17 29 40
17 29 41
17 29 42
17 30 17
17 30 18
17 30 19
17 30 20
17 30 21
17 30 22
17 30 23
17 30 24
17 30 25
17 30 26
17 30 27
17 30 28
17 30 29
17 30 30
17 30 31
17 30 32
17 30 33
17 30 34
17 30 35
17 30 36
17 30 37
17 30 38
17 30 39
17 30 40
17 30 41
17 30 42
17 31 17
17 31 18
17 31 19
17 31 20
17 31 21
17 31 22
17 31 23
17 31 24
17 31 25
17 31 26
17 31 27
17 31 28
17 31 29
17 31 30
17 31 31
17 31 32
17 31 33
17 31 34
17 31 35
17 31 36
17 31 37
17 31 38
17 31 39
17 31 40
17 31 41
17 32 18
17 32 19
17 32 20
17 32 21
17 32 22
17 32 23
17 32 24
17 32 25
17 32 26
17 32 27
17 32 28
17 32 29
17 32 30
17 32 31
17 32 32
17 32 33
17 32 34
17 32 35
17 32 36
17 32 37
17 32 38
17 32 39
17 32 40
17 48 11
17 48 12
17 49 11
17 49 12
17 49 13
17 50 10
17 50 11
17 50 12
17 50 13
17 51 9
17 51 10
17 51 11
17 51 12
17 52 9
17 52 10
17 52 11
17 52 12
17 53 8
17 53 9
17 53 10
17 53 11
17 54 7
17 54 8
17 54 9
17 54 10
17 55 7
17 55 8
17 55 9
17 56 6
17 56 7
17 56 8
17 56 9
17 57 6
17 57 7
17 57 8
17 58 5
17 58 6
17 58 7
17 58 8
17 59 4
17 59 5
17 59 6
17 59 7
17 59 8
17 60 4
17 60 5
17 60 6
17 60 7
18 0 44
18 0 45
18 1 43
18 1 44
18 1 45
18 2 43
18 2 44
18 2 45
18 3 42
18 3 43
18 3 44
18 3 45
18 4 42
18 4 43
18 4 44
18 4 45
18 5 41
18 5 42
18 5 43
18 5 44
18 5 45
18 6 41
18 6 42
18 6 43
18 6 44
18 7 39
18 7 40
18 7 41
18 7 42
18 7 43
18 8 13
18 8 14
18 8 15
18 8 16
18 8 39
18 8 40
18 8 41
18 8 42
18 8 43
18 9 13
18 9 14
18 9 15
18 9 16
18 9 39
18 9 40
18 9 41
18 9 42
18 29 16
18 29 17
18 29 18
18 29 19
18 29 40
18 29 41
18 29 42
18 29 43
18 29 44
18 30 16
18 30 17
18 30 18
18 30 19
18 30 20
18 30 21
18 30 22
18 30 23
18 30 24
18 30 25
18 30 26
18 30 27
18 30 28
18 30 29
18 30 30
18 30 31
18 30 32
18 30 33
18 30 34
18 30 35
18 30 36
18 30 37
18 30 38
18 30 39
18 30 40
18 30 41
18 30 42
18 30 43
18 30 44
18 31 17
18 31 18
18 31 19
18 31 20
18 31 21
18 31 22
18 31 23
18 31 24
18 31 25
18 31 26
18 31 27
18 31 28
18 31 29
18 31 30
18 31 31
18 31 32
18 31 33
18 31 34
18 31 35
18 31 36
18 31 37
18 31 38
18 31 39
18 31 40
18 31 41
18 31 42
18 32 18
18 32 19
18 32 20
18 32 21
18 32 22
18 32 23
18 32 24
18 32 25
18 32 26
18 32 27
18 32 28
18 32 29
18 32 30
18 32 31
18 32 32
18 32 33
18 32 34
18 32 35
18 32 36
18 32 37
18 32 38
18 32 39
18 32 40
18 32 41
18 49 10
18 49 11
18 49 12
18 49 13
18 50 9
18 50 10
18 50 11
18 50 12
18 51 9
18 51 10
18 51 11
18 51 12
18 52 8
18 52 9
18 52 10
18 52 11
18 53 7
18 53 8
18 53 9
18 53 10
18 54 6
18 54 7
18 54 8
18 54 9
18 54 10
18 55 6
18 55 7
18 55 8
18 55 9
18 56 5
18 56 6
18 56 7
18 56 8
18 57 5
18 57 6
18 57 7
18 57 8
18 58 4
18 58 5
18 58 6
18 58 7
18 59 3
18 59 4
18 59 5
18 59 6
18 59 7
18 60 3
18 60 4
18 60 5
18 60 6
18 60 7
19 0 44
19 0 45
19 0 46
19 1 43
19 1 44
19 1 45
19 1 46
19 2 43
19 2 44
19 2 45
19 2 46
19 3 43
19 3 44
19 3 45
19 3 46
19 4 43
19 4 44
19 4 45
19 5 43
19 5 44
19 6 43
19 7 38
19 7 39
19 7 40
19 8 12
19 8 13
19 8 14
19 8 15
19 8 38
19 8 39
19 8 40
19 8 41
19 8 42
19 9 12
19 9 13
19 9 14
19 9 15
19 9 38
19 9 39
19 9 40
19 9 41
19 29 15
19 29 16
19 29 17
19 29 18
19 29 42
19 29 43
19 29 44
19 29 45
19 30 16
19 30 17
19 30 18
19 30 19
19 30 20
19 30 21
19 30 22
19 30 23
19 30 24
19 30 25
19 30 26
19 30 27
19 30 28
19 30 29
19 30 30
19 30 31
19 30 32
19 30 33
19 30 34
19 30 35
19 30 36
19 30 37
19 30 38
19 30 39
19 30 40
19 30 41
19 30 42
19 30 43
19 30 44
19 30 45
19 31 16
19 31 17
19 31 18
19 31 19
19 31 20
19 31 21
19 31 22
19 31 23
19 31 24
19 31 25
19 31 26
19 31 27
19 31 28
19 31 29
19 31 30
19 31 31
19 31 32
19 31 33
19 31 34
19 31 35
19 31 36
19 31 37
19 31 38
19 31 39
19 31 40
19 31 41
19 31 42
19 31 43
19 31 44
19 32 17
19 32 18
19 32 19
19 32 20
19 32 21
19 32 22
19 32 23
19 32 24
19 32 25
19 32 26
19 32 27
19 32 28
19 32 29
19 32 30
19 32 31
19 32 32
19 32 33
19 32 34
19 32 35
19 32 36
19 32 37
19 32 38
19 32 39
19 32 40
19 32 41
19 32 42
19 32 43
19 49 9
19 49 10
19 49 11
19 49 12
19 50 9
19 50 10
19 50 11
19 51 8
19 51 9
19 51 10
19 51 11
19 52 7
19 52 8
19 52 9
19 52 10
19 52 11
19 53 7
19 53 8
19 53 9
19 54 6
19 54 7
19 54 8
19 54 9
19 55 6
19 55 7
19 55 8
19 56 5
19 56 6
19 56 7
19 56 8
19 57 5
19 57 6
19 57 7
19 58 3
19 58 4
19 58 5
19 58 6
19 58 7
19 59 3
19 59 4
19 59 5
19 59 6
19 59 7
19 60 3
19 60 4
19 60 5
19 60 6
20 0 44
20 0 45
20 0 46
20 1 44
20 1 45
20 1 46
20 2 44
20 2 45
20 3 44
20 3 45
20 7 37
20 7 38
20 7 39
20 8 11
20 8 12
20 8 13
20 8 14
20 8 15
20 8 37
20 8 38
20 8 39
20 8 40
20 8 41
20 9 11
20 9 12
20 9 13
20 9 14
20 9 15
20 9 37
20 9 38
20 9 39
20 9 40
20 29 14
20 29 15
20 29 16
20 29 17
20 29 43
20 29 44
20 29 45
20 29 46
20 30 15
20 30 16
20 30 17
20 30 18
20 30 19
20 30 20
20 30 21
20 30 22
20 30 23
20 30 24
20 30 25
20 30 26
20 30 27
20 30 28
20 30 29
20 30 30
20 30 31
20 30 32
20 30 33
20 30 34
20 30 35
20 30 36
20 30 37
20 30 38
20 30 39
20 30 40
20 30 41
20 30 42
20 30 43
20 30 44
20 30 45
20 30 46
20 31 15
20 31 16
20 31 17
20 31 18
20 31 19
20 31 20
20 31 21
20 31 22
20 31 23
20 31 24
20 31 25
20 31 26
20 31 27
20 31 28
20 31 29
20 31 30
20 31 31
20 31 32
20 31 33
20 31 34
20 31 35
20 31 36
20 31 37
20 31 38
20 31 39
20 31 40
20 31 41
20 31 42
20 31 43
20 31 44
20 31 45
20 32 16
20 32 17
20 32 18
20 32 19
20 32 20
20 32 21
20 32 22
20 32 23
20 32 24
20 32 25
20 32 26
20 32 27
20 32 28
20 32 29
20 32 30
20 32 31
20 32 32
20 32 33
20 32 34
20 32 35
20 32 36
20 32 37
20 32 38
20 32 39
20 32 40
20 32 41
20 32 42
20 32 43
20 32 44
20 49 9
20 49 10
20 49 11
20 50 8
20 50 9
20 50 10
20 50 11
20 51 7
20 51 8
20 51 9
20 51 10
20 52 6
20 52 7
20 52 8
20 52 9
20 52 10
20 53 6
20 53 7
20 53 8
20 53 9
20 54 5
20 54 6
20 54 7
20 54 8
20 55 5
20 55 6
20 55 7
20 56 4
20 56 5
20 56 6
20 56 7
20 57 4
20 57 5
20 57 6
20 58 2
20 58 3
20 58 4
20 58 5
20 58 6
20 59 2
20 59 3
20 59 4
20 59 5
20 59 6
20 60 2
20 60 3
20 60 4
20 60 5
21 7 37
21 7 38
21 7 39
21 8 11
21 8 12
21 8 13
21 8 14
21 8 37
21 8 38
21 8 39
21 8 40
21 9 11
21 9 12
21 9 13
21 9 14
21 9 37
21 9 38
21 9 39
21 9 40
21 29 14
21 29 15
21 29 16
21 29 45
21 29 46
21 29 47
21 30 14
21 30 15
21 30 16
21 30 17
21 30 18
21 30 19
21 30 20
21 30 21
21 30 22
21 30 23
21 30 24
21 30 25
21 30 26
21 30 27
21 30 28
21 30 29
21 30 30
21 30 31
21 30 32
21 30 33
21 30 34
21 30 35
21 30 36
21 30 37
21 30 38
21 30 39
21 30 40
21 30 41
21 30 42
21 30 43
21 30 44
21 30 45
21 30 46
21 31 14
21 31 15
21 31 16
21 31 17
21 31 18
21 31 19
21 31 20
21 31 21
21 31 22
21 31 23
21 31 24
21 31 25
21 31 26
21 31 27
21 31 28
21 31 29
21 31 30
21 31 31
21 31 32
21 31 33
21 31 34
21 31 35
21 31 36
21 31 37
21 31 38
21 31 39
21 31 40
21 31 41
21 31 42
21 31 43
21 31 44
21 31 45
21 31 46
21 32 16
21 32 17
21 32 18
21 32 19
21 32 20
21 32 21
21 32 22
21 32 23
21 32 24
21 32 25
21 32 26
21 32 27
21 32 28
21 32 29
21 32 30
21 32 31
21 32 32
21 32 33
21 32 34
21 32 35
21 32 36
21 32 37
21 32 38
21 32 39
21 32 40
21 32 41
21 32 42
21 32 43
21 32 44
21 32 45
21 49 8
21 49 9
21 49 10
21 49 11
21 50 7
21 50 8
21 50 9
21 50 10
21 50 11
21 51 7
21 51 8
21 51 9
21 52 6
21 52 7
21 52 8
21 52 9
21 53 5
21 53 6
21 53 7
21 53 8
21 54 5
21 54 6
21 54 7
21 55 4
21 55 5
21 55 6
21 55 7
21 56 4
21 56 5
21 56 6
21 56 7
21 57 3
21 57 4
21 57 5
21 57 6
21 58 2
21 58 3
21 58 4
21 58 5
21 59 1
21 59 2
21 59 3
21 59 4
21 59 5
21 60 1
21 60 2
21 60 3
21 60 4
21 60 5
22 7 36
22 7 37
22 7 38
22 8 10
22 8 11
22 8 12
22 8 13
22 8 36
22 8 37
22 8 38
22 8 39
22 9 10
22 9 11
22 9 12
22 9 13
22 9 36
22 9 37
22 9 38
22 9 39
22 29 13
22 29 14
22 29 15
22 29 16
22 29 45
22 29 46
22 29 47
22 30 13
22 30 14
22 30 15
22 30 16
22 30 17
22 30 18
22 30 19
22 30 20
22 30 21
22 30 22
22 30 23
22 30 24
22 30 25
22 30 26
22 30 27
22 30 28
22 30 29
22 30 30
22 30 31
22 30 32
22 30 33
22 30 34
22 30 35
22 30 36
22 30 37
22 30 38
22 30 39
22 30 40
22 30 41
22 30 42
22 30 43
22 30 44
22 30 45
22 30 46
22 30 47
22 31 14
22 31 15
22 31 16
22 31 17
22 31 18
22 31 19
22 31 20
22 31 21
22 31 22
22 31 23
22 31 24
22 31 25
22 31 26
22 31 27
22 31 28
22 31 29
22 31 30
22 31 31
22 31 32
22 31 33
22 31 34
22 31 35
22 31 36
22 31 37
22 31 38
22 31 39
22 31 40
22 31 41
22 31 42
22 31 43
22 31 44
22 31 45
22 31 46
22 32 15
22 32 16
22 32 17
22 32 18
22 32 19
22 32 20
22 32 21
22 32 22
22 32 23
22 32 24
22 32 25
22 32 26
22 32 27
22 32 28
22 32 29
22 32 30
22 32 31
22 32 32
22 32 33
22 32 34
22 32 35
22 32 36
22 32 37
22 32 38
22 32 39
22 32 40
22 32 41
22 32 42
22 32 43
22 32 44
22 32 45
22 49 7
22 49 8
22 49 9
22 49 10
22 50 6
22 50 7
22 50 8
22 50 9
22 50 10
22 51 6
22 51 7
22 51 8
22 51 9
22 52 5
22 52 6
22 52 7
22 52 8
22 53 5
22 53 6
22 53 7
22 54 4
22 54 5
22 54 6
22 54 7
22 55 4
22 55 5
22 55 6
22 56 3
22 56 4
22 56 5
22 56 6
22 57 2
22 57 3
22 57 4
22 57 5
22 58 1
22 58 2
22 58 3
22 58 4
22 58 5
22 59 1
22 59 2
22 59 3
22 59 4
22 60 1
22 60 2
22 60 3
22 60 4
23 7 35
23 7 36
23 7 37
23 8 9
23 8 10
23 8 11
23 8 12
23 8 13
23 8 35
23 8 36
23 8 37
23 8 38
23 8 39
23 9 9
23 9 10
23 9 11
23 9 12
23 9 13
23 9 35
23 9 36
23 9 37
23 9 38
23 29 12
23 29 13
23 29 14
23 29 15
23 29 46
23 29 47
23 30 12
23 30 13
23 30 14
23 30 15
23 30 16
23 30 17
23 30 18
23 30 19
23 30 20
23 30 21
23 30 22
23 30 23
23 30 24
23 30 25
23 30 26
23 30 27
23 30 28
23 30 29
23 30 30
23 30 31
23 30 32
23 30 33
23 30 34
23 30 35
23 30 36
23 30 37
23 30 38
23 30 39
23 30 40
23 30 41
23 30 42
23 30 43
23 30 44
23 30 45
23 30 46
23 30 47
23 31 13
23 31 14
23 31 15
23 31 16
23 31 17
23 31 18
23 31 19
23 31 20
23 31 21
23 31 22
23 31 23
23 31 24
23 31 25
23 31 26
23 31 27
23 31 28
23 31 29
23 31 30
23 31 31
23 31 32
23 31 33
23 31 34
23 31 35
23 31 36
23 31 37
23 31 38
23 31 39
23 31 40
23 31 41
23 31 42
23 31 43
23 31 44
23 31 45
23 31 46
23 31 47
23 32 14
23 32 15
23 32 16
23 32 17
23 32 18
23 32 19
23 32 20
23 32 21
23 32 22
23 32 23
23 32 24
23 32 25
23 32 26
23 32 27
23 32 28
23 32 29
23 32 30
23 32 31
23 32 32
23 32 33
23 32 34
23 32 35
23 32 36
23 32 37
23 32 38
23 32 39
23 32 40
23 32 41
23 32 42
23 32 43
23 32 44
23 32 45
23 49 6
23 49 7
23 49 8
23 49 9
23 50 6
23 50 7
23 50 8
23 50 9
23 51 5
23 51 6
23 51 7
23 51 8
23 52 5
23 52 6
23 52 7
23 53 4
23 53 5
23 53 6
23 53 7
23 54 4
23 54 5
23 54 6
23 54 7
23 55 3
23 55 4
23 55 5
23 55 6
23 56 2
23 56 3
23 56 4
23 56 5
23 57 1
23 57 2
23 57 3
23 57 4
23 57 5
23 58 0
23 58 1
23 58 2
23 58 3
23 58 4
23 59 0
23 59 1
23 59 2
23 59 3
23 59 4
23 60 1
23 60 2
23 60 3
24 7 35
24 7 36
24 7 37
24 8 8
24 8 9
24 8 10
24 8 11
24 8 12
24 8 35
24 8 36
24 8 37
24 8 38
24 9 8
24 9 9
24 9 10
24 9 11
24 9 12
24 9 35
24 9 36
24 9 37
24 29 11
24 29 12
24 29 13
24 29 14
24 29 45
24 29 46
24 29 47
24 30 12
24 30 13
24 30 14
24 30 15
24 30 16
24 30 17
24 30 18
24 30 19
24 30 20
24 30 21
24 30 22
24 30 23
24 30 24
24 30 25
24 30 26
24 30 27
24 30 28
24 30 29
24 30 30
24 30 31
24 30 32
24 30 33
24 30 34
24 30 35
24 30 36
24 30 37
24 30 38
24 30 39
24 30 40
24 30 41
24 30 42
24 30 43
24 30 44
24 30 45
24 30 46
24 30 47
24 31 12
24 31 13
24 31 14
24 31 15
24 31 16
24 31 17
24 31 18
24 31 19
24 31 20
24 31 21
24 31 22
24 31 23
24 31 24
24 31 25
24 31 26
24 31 27
24 31 28
24 31 29
24 31 30
24 31 31
24 31 32
24 31 33
24 31 34
24 31 35
24 31 36
24 31 37
24 31 38
24 31 39
24 31 40
24 31 41
24 31 42
24 31 43
24 31 44
24 31 45
24 31 46
24 31 47
24 32 13
24 32 14
24 32 15
24 32 16
24 32 17
24 32 18
24 32 19
24 32 20
24 32 21
24 32 22
24 32 23
24 32 24
24 32 25
24 32 26
24 32 27
24 32 28
24 32 29
24 32 30
24 32 31
24 32 32
24 32 33
24 32 34
24 32 35
24 32 36
24 32 37
24 32 38
24 32 39
24 32 40
24 32 41
24 32 42
24 32 43
24 32 44
24 32 45
24 49 6
24 49 7
24 49 8
24 50 5
24 50 6
24 50 7
24 50 8
24 51 5
24 51 6
24 51 7
24 52 4
24 52 5
24 52 6
24 52 7
24 53 3
24 53 4
24 53 5
24 53 6
24 54 3
24 54 4
24 54 5
24 54 6
24 55 2
24 55 3
24 55 4
24 55 5
24 56 1
24 56 2
24 56 3
24 56 4
24 56 5
24 57 0
24 57 1
24 57 2
24 57 3
24 57 4
24 58 0
24 58 1
24 58 2
24 58 3
24 59 0
24 59 1
24 59 2
24 59 3
25 7 34
25 7 35
25 7 36
25 8 8
25 8 9
25 8 10
25 8 11
25 8 34
25 8 35
25 8 36
25 8 37
25 9 8
25 9 9
25 9 10
25 9 11
25 9 34
25 9 35
25 9 36
25 9 37
25 29 10
25 29 11
25 29 12
25 29 13
25 29 14
25 29 45
25 29 46
25 29 47
25 30 11
25 30 12
25 30 13
25 30 14
25 30 15
25 30 16
25 30 17
25 30 18
25 30 19
25 30 20
25 30 21
25 30 22
25 30 23
25 30 24
25 30 25
25 30 26
25 30 27
25 30 28
25 30 29
25 30 30
25 30 31
25 30 32
25 30 33
25 30 34
25 30 35
25 30 36
25 30 37
25 30 38
25 30 39
25 30 40
25 30 41
25 30 42
25 30 43
25 30 44
25 30 45
25 30 46
25 30 47
25 31 12
25 31 13
25 31 14
25 31 15
25 31 16
25 31 17
25 31 18
25 31 19
25 31 20
25 31 21
25 31 22
25 31 23
25 31 24
25 31 25
25 31 26
25 31 27
25 31 28
25 31 29
25 31 30
25 31 31
25 31 32
25 31 33
25 31 34
25 31 35
25 31 36
25 31 37
25 31 38
25 31 39
25 31 40
25 31 41
25 31 42
25 31 43
25 31 44
25 31 45
25 31 46
25 32 12
25 32 13
25 32 14
25 32 15
25 32 16
25 32 17
25 32 18
25 32 19
25 32 20
25 32 21
25 32 22
25 32 23
25 32 24
25 32 25
25 32 26
25 32 27
25 32 28
25 32 29
25 32 30
25 32 31
25 32 32
25 32 33
25 32 34
25 32 35
25 32 36
25 32 37
25 32 38
25 32 39
25 32 40
25 32 41
25 32 42
25 32 43
25 32 44
25 32 45
25 49 6
25 49 7
25 49 8
25 50 5
25 50 6
25 50 7
25 50 8
25 51 4
25 51 5
25 51 6
25 51 7
25 52 4
25 52 5
25 52 6
25 52 7
25 53 3
25 53 4
25 53 5
25 53 6
25 54 1
25 54 2
25 54 3
25 54 4
25 54 5
25 55 1
25 55 2
25 55 3
25 55 4
25 55 5
25 56 0
25 56 1
25 56 2
25 56 3
25 56 4
25 57 0
25 57 1
25 57 2
25 57 3
25 57 4
25 58 0
25 58 1
25 58 2
25 58 3
25 59 1
25 59 2
26 7 33
26 7 34
26 7 35
26 8 7
26 8 8
26 8 9
26 8 10
26 8 33
26 8 34
26 8 35
26 8 36
26 8 37
26 9 7
26 9 8
26 9 9
26 9 10
26 9 33
26 9 34
26 9 35
26 9 36
26 29 10
26 29 11
26 29 12
26 29 13
26 29 44
26 29 45
26 29 46
26 30 10
26 30 11
26 30 12
26 30 13
26 30 14
26 30 15
26 30 16
26 30 17
26 30 18
26 30 19
26 30 20
26 30 21
26 30 22
26 30 23
26 30 24
26 30 25
26 30 26
26 30 27
26 30 28
26 30 29
26 30 30
26 30 31
26 30 32
26 30 33
26 30 34
26 30 35
26 30 36
26 30 37
26 30 38
26 30 39
26 30 40
26 30 41
26 30 42
26 30 43
26 30 44
26 30 45
26 30 46
26 31 11
26 31 12
26 31 13
26 31 14
26 31 15
26 31 16
26 31 17
26 31 18
26 31 19
26 31 20
26 31 21
26 31 22
26 31 23
26 31 24
26 31 25
26 31 26
26 31 27
26 31 28
26 31 29
26 31 30
26 31 31
26 31 32
26 31 33
26 31 34
26 31 35
26 31 36
26 31 37
26 31 38
26 31 39
26 31 40
26 31 41
26 31 42
26 31 43
26 31 44
26 31 45
26 32 12
26 32 13
26 32 14
26 32 15
26 32 16
26 32 17
26 32 18
26 32 19
26 32 20
26 32 21
26 32 22
26 32 23
26 32 24
26 32 25
26 32 26
26 32 27
26 32 28
26 32 29
26 32 30
26 32 31
26 32 32
26 32 33
26 32 34
26 32 35
26 32 36
26 32 37
26 32 38
26 32 39
26 32 40
26 32 41
26 32 42
26 32 43
26 32 44
26 49 5
26 49 6
26 49 7
26 50 4
26 50 5
26 50 6
26 50 7
26 51 3
26 51 4
26 51 5
26 51 6
26 52 2
26 52 3
26 52 4
26 52 5
26 52 6
26 53 1
26 53 2
26 53 3
26 53 4
26 53 5
26 54 1
26 54 2
26 54 3
26 54 4
26 54 5
26 55 0
26 55 1
26 55 2
26 55 3
26 55 4
26 56 0
26 56 1
26 56 2
26 56 3
26 57 0
26 57 1
26 57 2
26 57 3
26 58 1
26 58 2
27 0 4
27 0 5
27 1 4
27 1 5
27 2 4
27 2 5
27 3 4
27 3 5
27 4 4
27 4 5
27 5 5
27 7 32
27 7 33
27 7 34
27 8 6
27 8 7
27 8 8
27 8 9
27 8 10
27 8 32
27 8 33
27 8 34
27 8 35
27 8 36
27 9 6
27 9 7
27 9 8
27 9 9
27 9 10
27 9 32
27 9 33
27 9 34
27 9 35
27 29 10
27 29 11
27 29 12
27 29 43
27 29 44
27 29 45
27 29 46
27 30 10
27 30 11
27 30 12
27 30 13
27 30 14
27 30 15
27 30 16
27 30 17
27 30 18
27 30 19
27 30 20
27 30 21
27 30 22
27 30 23
27 30 24
27 30 25
27 30 26
27 30 27
27 30 28
27 30 29
27 30 30
27 30 31
27 30 32
27 30 33
27 30 34
27 30 35
27 30 36
27 30 37
27 30 38
27 30 39
27 30 40
27 30 41
27 30 42
27 30 43
27 30 44
27 30 45
27 30 46
27 31 10
27 31 11
27 31 12
27 31 13
27 31 14
27 31 15
27 31 16
27 31 17
27 31 18
27 31 19
27 31 20
27 31 21
27 31 22
27 31 23
27 31 24
27 31 25
27 31 26
27 31 27
27 31 28
27 31 29
27 31 30
27 31 31
27 31 32
27 31 33
27 31 34
27 31 35
27 31 36
27 31 37
27 31 38
27 31 39
27 31 40
27 31 41
27 31 42
27 31 43
27 31 44
27 31 45
27 32 11
27 32 12
27 32 13
27 32 14
27 32 15
27 32 16
27 32 17
27 32 18
27 32 19
27 32 20
27 32 21
27 32 22
27 32 23
27 32 24
27 32 25
27 32 26
27 32 27
27 32 28
27 32 29
27 32 30
27 32 31
27 32 32
27 32 33
27 32 34
27 32 35
27 32 36
27 32 37
27 32 38
27 32 39
27 32 40
27 32 41
27 32 42
27 32 43
27 47 5
27 48 4
27 48 5
27 49 4
27 49 5
27 49 6
27 49 7
27 50 3
27 50 4
27 50 5
27 50 6
27 50 7
27 51 2
27 51 3
27 51 4
27 51 5
27 51 6
27 52 2
27 52 3
27 52 4
27 52 5
27 52 6
27 53 2
27 53 3
27 53 4
27 53 5
27 54 1
27 54 2
27 54 3
27 54 4
27 55 1
27 55 2
27 55 3
27 55 4
27 56 1
27 56 2
27 56 3
28 0 3
28 0 4
28 0 5
28 0 6
28 1 3
28 1 4
28 1 5
28 1 6
28 2 3
28 2 4
28 2 5
28 2 6
28 3 3
28 3 4
28 3 5
28 3 6
28 4 4
28 4 5
28 4 6
28 5 4
28 5 5
28 5 6
28 6 4
28 6 5
28 6 6
28 7 5
28 7 6
28 7 32
28 7 33
28 8 5
28 8 6
28 8 7
28 8 8
28 8 9
28 8 32
28 8 33
28 8 34
28 8 35
28 9 5
28 9 6
28 9 7
28 9 8
28 9 9
28 9 32
28 9 33
28 9 34
28 9 35
28 10 5
28 10 6
28 11 6
28 29 9
28 29 10
28 29 11
28 29 42
28 29 43
28 29 44
28 29 45
28 30 9
28 30 10
28 30 11
28 30 12
28 30 13
28 30 14
28 30 15
28 30 16
28 30 17
28 30 18
28 30 19
28 30 20
28 30 21
28 30 22
28 30 23
28 30 24
28 30 25
28 30 26
28 30 27
28 30 28
28 30 29
28 30 30
28 30 31
28 30 32
28 30 33
28 30 34
28 30 35
28 30 36
28 30 37
28 30 38
28 30 39
28 30 40
28 30 41
28 30 42
28 30 43
28 30 44
28 30 45
28 31 10
28 31 11
28 31 12
28 31 13
28 31 14
28 31 15
28 31 16
28 31 17
28 31 18
28 31 19
28 31 20
28 31 21
28 31 22
28 31 23
28 31 24
28 31 25
28 31 26
28 31 27
28 31 28
28 31 29
28 31 30
28 31 31
28 31 32
28 31 33
28 31 34
28 31 35
28 31 36
28 31 37
28 31 38
28 31 39
28 31 40
28 31 41
28 31 42
28 31 43
28 31 44
28 32 10
28 32 11
28 32 12
28 32 13
28 32 14
28 32 15
28 32 16
28 32 17
28 32 18
28 32 19
28 32 20
28 32 21
28 32 22
28 32 23
28 32 24
28 32 25
28 32 26
28 32 27
28 32 28
28 32 29
28 32 30
28 32 31
28 32 32
28 32 33
28 32 34
28 32 35
28 32 36
28 32 37
28 32 38
28 32 39
28 32 40
28 32 41
28 32 42
28 44 6
28 45 6
28 46 5
28 46 6
28 47 4
28 47 5
28 47 6
28 48 4
28 48 5
28 48 6
28 49 3
28 49 4
28 49 5
28 49 6
28 50 3
28 50 4
28 50 5
28 50 6
28 51 2
28 51 3
28 51 4
28 51 5
28 52 2
28 52 3
28 52 4
28 52 5
28 53 2
28 53 3
28 53 4
28 54 2
28 54 3
29 0 4
29 0 5
29 0 6
29 1 3
29 1 4
29 1 5
29 1 6
29 2 3
29 2 4
29 2 5
29 2 6
29 3 3
29 3 4
29 3 5
29 3 6
29 4 4
29 4 5
29 4 6
29 5 4
29 5 5
29 5 6
29 5 7
29 6 4
29 6 5
29 6 6
29 6 7
29 7 4
29 7 5
29 7 6
29 7 7
29 7 31
29 7 32
29 7 33
29 8 5
29 8 6
29 8 7
29 8 8
29 8 31
29 8 32
29 8 33
29 8 34
29 9 5
29 9 6
29 9 7
29 9 8
29 9 31
29 9 32
29 9 33
29 9 34
29 10 5
29 10 6
29 10 7
29 11 6
29 11 7
29 11 8
29 12 6
29 12 7
29 12 8
29 13 6
29 13 7
29 13 8
29 14 6
29 14 7
29 14 8
29 15 6
29 15 7
29 15 8
29 16 7
29 16 8
29 17 7
29 17 8
29 18 8
29 29 9
29 29 10
29 29 11
29 29 42
29 29 43
29 29 44
29 30 9
29 30 10
29 30 11
29 30 12
29 30 13
29 30 14
29 30 15
29 30 16
29 30 17
29 30 18
29 30 19
29 30 20
29 30 21
29 30 22
29 30 23
29 30 24
29 30 25
29 30 26
29 30 27
29 30 28
29 30 29
29 30 30
29 30 31
29 30 32
29 30 33
29 30 34
29 30 35
29 30 36
29 30 37
29 30 38
29 30 39
29 30 40
29 30 41
29 30 42
29 30 43
29 30 44
29 31 10
29 31 11
29 31 12
29 31 13
29 31 14
29 31 15
29 31 16
29 31 17
29 31 18
29 31 19
29 31 20
29 31 21
29 31 22
29 31 23
29 31 24
29 31 25
29 31 26
29 31 27
29 31 28
29 31 29
29 31 30
29 31 31
29 31 32
29 31 33
29 31 34
29 31 35
29 31 36
29 31 37
29 31 38
29 31 39
29 31 40
29 31 41
29 31 42
29 31 43
29 32 10
29 32 11
29 32 12
29 32 13
29 32 14
29 32 15
29 32 16
29 32 17
29 32 18
29 32 19
29 32 20
29 32 21
29 32 22
29 32 23
29 32 24
29 32 25
29 32 26
29 32 27
29 32 28
29 32 29
29 32 30
29 32 31
29 32 32
29 32 33
29 32 34
29 32 35
29 32 36
29 32 37
29 32 38
29 32 39
29 32 40
29 32 41
29 32 42
29 42 7
29 42 8
29 43 6
29 43 7
29 43 8
29 44 5
29 44 6
29 44 7
29 44 8
29 45 5
29 45 6
29 45 7
29 46 5
29 46 6
29 46 7
29 47 4
29 47 5
29 47 6
29 47 7
29 48 4
29 48 5
29 48 6
29 48 7
29 49 4
29 49 5
29 49 6
29 50 3
29 50 4
29 50 5
29 50 6
29 51 4
29 51 5
30 3 5
30 3 6
30 4 5
30 4 6
30 5 5
30 5 6
30 6 5
30 6 6
30 6 7
30 7 5
30 7 6
30 7 7
30 7 30
30 7 31
30 7 32
30 8 5
30 8 6
30 8 7
30 8 30
30 8 31
30 8 32
30 8 33
30 8 34
30 9 5
30 9 6
30 9 7
30 9 8
30 9 30
30 9 31
30 9 32
30 9 33
30 10 5
30 10 6
30 10 7
30 10 8
30 11 5
30 11 6
30 11 7
30 11 8
30 12 5
30 12 6
30 12 7
30 12 8
30 13 6
30 13 7
30 13 8
30 14 6
30 14 7
30 14 8
30 15 6
30 15 7
30 15 8
30 16 6
30 16 7
30 16 8
30 16 9
30 17 6
30 17 7
30 17 8
30 17 9
30 18 7
30 18 8
30 18 9
30 19 7
30 19 8
30 19 9
30 20 8
30 20 9
30 21 8
30 21 9
30 22 8
30 22 9
30 23 8
30 23 9
30 24 8
30 24 9
30 29 9
30 29 10
30 29 11
30 29 41
30 29 42
30 29 43
30 29 44
30 30 9
30 30 10
30 30 11
30 30 12
30 30 13
30 30 14
30 30 15
30 30 16
30 30 17
30 30 18
30 30 19
30 30 20
30 30 21
30 30 22
30 30 23
30 30 24
30 30 25
30 30 26
30 30 27
30 30 28
30 30 29
30 30 30
30 30 31
30 30 32
30 30 33
30 30 34
30 30 35
30 30 36
30 30 37
30 30 38
30 30 39
30 30 40
30 30 41
30 30 42
30 30 43
30 30 44
30 31 10
30 31 11
30 31 12
30 31 13
30 31 14
30 31 15
30 31 16
30 31 17
30 31 18
30 31 19
30 31 20
30 31 21
30 31 22
30 31 23
30 31 24
30 31 25
30 31 26
30 31 27
30 31 28
30 31 29
30 31 30
30 31 31
30 31 32
30 31 33
30 31 34
30 31 35
30 31 36
30 31 37
30 31 38
30 31 39
30 31 40
30 31 41
30 31 42
30 32 11
30 32 12
30 32 13
30 32 14
30 32 15
30 32 16
30 32 17
30 32 18
30 32 19
30 32 20
30 32 21
30 32 22
30 32 23
30 32 24
30 32 25
30 32 26
30 32 27
30 32 28
30 32 29
30 32 30
30 32 31
30 32 32
30 32 33
30 32 34
30 32 35
30 32 36
30 32 37
30 32 38
30 32 39
30 32 40
30 32 41
30 38 9
30 39 8
30 39 9
30 40 8
30 40 9
30 41 7
30 41 8
30 41 9
30 42 6
30 42 7
30 42 8
30 42 9
30 43 6
30 43 7
30 43 8
30 44 6
30 44 7
30 44 8
30 45 5
30 45 6
30 45 7
30 45 8
30 46 5
30 46 6
30 46 7
30 46 8
30 47 5
30 47 6
30 47 7
30 48 5
30 48 6
31 7 29
31 7 30
31 7 31
31 8 29
31 8 30
31 8 31
31 8 32
31 8 33
31 9 7
31 9 29
31 9 30
31 9 31
31 9 32
31 10 7
31 11 6
31 11 7
31 11 8
31 12 6
31 12 7
31 12 8
31 13 6
31 13 7
31 13 8
31 14 6
31 14 7
31 14 8
31 14 9
31 15 6
31 15 7
31 15 8
31 15 9
31 16 6
31 16 7
31 16 8
31 16 9
31 17 6
31 17 7
31 17 8
31 17 9
31 18 6
31 18 7
31 18 8
31 18 9
31 19 7
31 19 8
31 19 9
31 19 10
31 20 7
31 20 8
31 20 9
31 20 10
31 21 7
31 21 8
31 21 9
31 21 10
31 22 8
31 22 9
31 22 10
31 23 8
31 23 9
31 23 10
31 24 8
31 24 9
31 24 10
31 25 8
31 25 9
31 25 10
31 25 11
31 26 9
31 26 10
31 26 11
31 27 9
31 27 10
31 27 11
31 28 9
31 28 10
31 28 11
31 29 9
31 29 10
31 29 11
31 29 40
31 29 41
31 29 42
31 29 43
31 30 9
31 30 10
31 30 11
31 30 12
31 30 13
31 30 14
31 30 15
31 30 16
31 30 17
31 30 18
31 30 19
31 30 20
31 30 21
31 30 22
31 30 23
31 30 24
31 30 25
31 30 26
31 30 27
31 30 28
31 30 29
31 30 30
31 30 31
31 30 32
31 30 33
31 30 34
31 30 35
31 30 36
31 30 37
31 30 38
31 30 39
31 30 40
31 30 41
31 30 42
31 30 43
31 31 10
31 31 11
31 31 12
31 31 13
31 31 14
31 31 15
31 31 16
31 31 17
31 31 18
31 31 19
31 31 20
31 31 21
31 31 22
31 31 23
31 31 24
31 31 25
31 31 26
31 31 27
31 31 28
31 31 29
31 31 30
31 31 31
31 31 32
31 31 33
31 31 34
31 31 35
31 31 36
31 31 37
31 31 38
31 31 39
31 31 40
31 31 41
31 31 42
31 32 11
31 32 12
31 32 13
31 32 14
31 32 15
31 32 16
31 32 17
31 32 18
31 32 19
31 32 20
31 32 21
31 32 22
31 32 23
31 32 24
31 32 25
31 32 26
31 32 27
31 32 28
31 32 29
31 32 30
31 32 31
31 32 32
31 32 33
31 32 34
31 32 35
31 32 36
31 32 37
31 32 38
31 32 39
31 32 40
31 35 11
31 36 10
31 36 11
31 37 9
31 37 10
31 37 11
31 38 8
31 38 9
31 38 10
31 38 11
31 39 8
31 39 9
31 39 10
31 40 7
31 40 8
31 40 9
31 40 10
31 41 7
31 41 8
31 41 9
31 41 10
31 42 7
31 42 8
31 42 9
31 43 6
31 43 7
31 43 8
31 43 9
31 44 6
31 44 7
31 44 8
31 45 7
31 45 8
31 46 7
32 7 29
32 7 30
32 7 31
32 8 29
32 8 30
32 8 31
32 8 32
32 9 29
32 9 30
32 9 31
32 9 32
32 17 7
32 17 8
32 17 9
32 18 7
32 18 8
32 18 9
32 19 7
32 19 8
32 19 9
32 20 7
32 20 8
32 20 9
32 20 10
32 21 7
32 21 8
32 21 9
32 21 10
32 22 7
32 22 8
32 22 9
32 22 10
32 23 7
32 23 8
32 23 9
32 23 10
32 23 11
32 24 8
32 24 9
32 24 10
32 24 11
32 25 8
32 25 9
32 25 10
32 25 11
32 26 8
32 26 9
32 26 10
32 26 11
32 27 8
32 27 9
32 27 10
32 27 11
32 28 9
32 28 10
32 28 11
32 29 9
32 29 10
32 29 11
32 29 12
32 29 40
32 29 41
32 29 42
32 30 9
32 30 10
32 30 11
32 30 12
32 30 13
32 30 14
32 30 15
32 30 16
32 30 17
32 30 18
32 30 19
32 30 20
32 30 21
32 30 22
32 30 23
32 30 24
32 30 25
32 30 26
32 30 27
32 30 28
32 30 29
32 30 30
32 30 31
32 30 32
32 30 33
32 30 34
32 30 35
32 30 36
32 30 37
32 30 38
32 30 39
32 30 40
32 30 41
32 30 42
32 31 10
32 31 11
32 31 12
32 31 13
32 31 14
32 31 15
32 31 16
32 31 17
32 31 18
32 31 19
32 31 20
32 31 21
32 31 22
32 31 23
32 31 24
32 31 25
32 31 26
32 31 27
32 31 28
32 31 29
32 31 30
32 31 31
32 31 32
32 31 33
32 31 34
32 31 35
32 31 36
32 31 37
32 31 38
32 31 39
32 31 40
32 31 41
32 32 10
32 32 11
32 32 12
32 32 13
32 32 14
32 32 15
32 32 16
32 32 17
32 32 18
32 32 19
32 32 20
32 32 21
32 32 22
32 32 23
32 32 24
32 32 25
32 32 26
32 32 27
32 32 28
32 32 29
32 32 30
32 32 31
32 32 32
32 32 33
32 32 34
32 32 35
32 32 36
32 32 37
32 32 38
32 32 39
32 32 40
32 33 10
32 33 11
32 33 12
32 34 10
32 34 11
32 34 12
32 35 10
32 35 11
32 35 12
32 36 9
32 36 10
32 36 11
32 36 12
32 37 9
32 37 10
32 37 11
32 38 8
32 38 9
32 38 10
32 38 11
32 39 8
32 39 9
32 39 10
32 39 11
32 40 8
32 40 9
32 40 10
32 41 7
32 41 8
32 41 9
32 42 8
32 42 9
33 7 28
33 7 29
33 7 30
33 8 28
33 8 29
33 8 30
33 8 31
33 9 28
33 9 29
33 9 30
33 9 31
33 23 9
33 23 10
33 24 9
33 24 10
33 25 9
33 25 10
33 25 11
33 26 9
33 26 10
33 26 11
33 27 9
33 27 10
33 27 11
33 28 9
33 28 10
33 28 11
33 28 12
33 29 9
33 29 10
33 29 11
33 29 12
33 29 13
33 29 14
33 29 39
33 29 40
33 29 41
33 30 9
33 30 10
33 30 11
33 30 12
33 30 13
33 30 14
33 30 15
33 30 16
33 30 17
33 30 18
33 30 19
33 30 20
33 30 21
33 30 22
33 30 23
33 30 24
33 30 25
33 30 26
33 30 27
33 30 28
33 30 29
33 30 30
33 30 31
33 30 32
33 30 33
33 30 34
33 30 35
33 30 36
33 30 37
33 30 38
33 30 39
33 30 40
33 30 41
33 31 9
33 31 10
33 31 11
33 31 12
33 31 13
33 31 14
33 31 15
33 31 16
33 31 17
33 31 18
33 31 19
33 31 20
33 31 21
33 31 22
33 31 23
33 31 24
33 31 25
33 31 26
33 31 27
33 31 28
33 31 29
33 31 30
33 31 31
33 31 32
33 31 33
33 31 34
33 31 35
33 31 36
33 31 37
33 31 38
33 31 39
33 31 40
33 32 9
33 32 10
33 32 11
33 32 12
33 32 13
33 32 14
33 32 15
33 32 16
33 32 17
33 32 18
33 32 19
33 32 20
33 32 21
33 32 22
33 32 23
33 32 24
33 32 25
33 32 26
33 32 27
33 32 28
33 32 29
33 32 30
33 32 31
33 32 32
33 32 33
33 32 34
33 32 35
33 32 36
33 32 37
33 32 38
33 32 39
33 33 10
33 33 11
33 33 12
33 33 13
33 34 10
33 34 11
33 34 12
33 34 13
33 35 10
33 35 11
33 35 12
33 35 13
33 36 9
33 36 10
33 36 11
33 36 12
33 37 9
33 37 10
33 37 11
33 37 12
33 38 9
33 38 10
33 38 11
33 39 9
33 39 10
34 7 27
34 7 28
34 7 29
34 8 27
34 8 28
34 8 29
34 8 30
34 8 31
34 9 27
34 9 28
34 9 29
34 9 30
34 27 12
34 27 13
34 27 14
34 28 10
34 28 11
34 28 12
34 28 13
34 28 14
34 29 9
34 29 10
34 29 11
34 29 12
34 29 13
34 29 14
34 29 15
34 29 38
34 29 39
34 29 40
34 29 41
34 30 9
34 30 10
34 30 11
34 30 12
34 30 13
34 30 14
34 30 15
34 30 16
34 30 17
34 30 18
34 30 19
34 30 20
34 30 21
34 30 22
34 30 23
34 30 24
34 30 25
34 30 26
34 30 27
34 30 28
34 30 29
34 30 30
34 30 31
34 30 32
34 30 33
34 30 34
34 30 35
34 30 36
34 30 37
34 30 38
34 30 39
34 30 40
34 30 41
34 31 10
34 31 11
34 31 12
34 31 13
34 31 14
34 31 15
34 31 16
34 31 17
34 31 18
34 31 19
34 31 20
34 31 21
34 31 22
34 31 23
34 31 24
34 31 25
34 31 26
34 31 27
34 31 28
34 31 29
34 31 30
34 31 31
34 31 32
34 31 33
34 31 34
34 31 35
34 31 36
34 31 37
34 31 38
34 31 39
34 31 40
34 32 10
34 32 11
34 32 12
34 32 13
34 32 14
34 32 15
34 32 16
34 32 17
34 32 18
34 32 19
34 32 20
34 32 21
34 32 22
34 32 23
34 32 24
34 32 25
34 32 26
34 32 27
34 32 28
34 32 29
34 32 30
34 32 31
34 32 32
34 32 33
34 32 34
34 32 35
34 32 36
34 32 37
34 32 38
34 33 10
34 33 11
34 33 12
34 33 13
34 34 10
34 34 11
34 34 12
34 34 13
34 35 10
34 35 11
34 35 12
34 36 10
34 36 11
34 36 12
35 7 27
35 7 28
35 7 29
35 8 27
35 8 28
35 8 29
35 8 30
35 9 27
35 9 28
35 9 29
35 23 16
35 24 15
35 24 16
35 25 14
35 25 15
35 25 16
35 26 13
35 26 14
35 26 15
35 26 16
35 27 11
35 27 12
35 27 13
35 27 14
35 27 15
35 27 16
35 28 11
35 28 12
35 28 13
35 28 14
35 28 15
35 29 11
35 29 12
35 29 13
35 29 14
35 29 15
35 29 16
35 29 17
35 29 37
35 29 38
35 29 39
35 29 40
35 30 12
35 30 13
35 30 14
35 30 15
35 30 16
35 30 17
35 30 18
35 30 19
35 30 20
35 30 21
35 30 22
35 30 23
35 30 24
35 30 25
35 30 26
35 30 27
35 30 28
35 30 29
35 30 30
35 30 31
35 30 32
35 30 33
35 30 34
35 30 35
35 30 36
35 30 37
35 30 38
35 30 39
35 30 40
35 31 12
35 31 13
35 31 14
35 31 15
35 31 16
35 31 17
35 31 18
35 31 19
35 31 20
35 31 21
35 31 22
35 31 23
35 31 24
35 31 25
35 31 26
35 31 27
35 31 28
35 31 29
35 31 30
35 31 31
35 31 32
35 31 33
35 31 34
35 31 35
35 31 36
35 31 37
35 31 38
35 31 39
35 32 12
35 32 13
35 32 14
35 32 16
35 32 17
35 32 18
35 32 19
35 32 20
35 32 21
35 32 22
35 32 23
35 32 24
35 32 25
35 32 26
35 32 27
35 32 28
35 32 29
35 32 30
35 32 31
35 32 32
35 32 33
35 32 34
35 32 35
35 32 36
35 32 37
35 33 13
36 7 26
36 7 27
36 7 28
36 8 26
36 8 27
36 8 28
36 8 29
36 9 26
36 9 27
36 9 28
36 9 29
36 20 17
36 21 16
36 21 17
36 22 16
36 22 17
36 23 15
36 23 16
36 23 17
36 24 15
36 24 16
36 24 17
36 25 14
36 25 15
36 25 16
36 25 17
36 26 14
36 26 15
36 26 16
36 26 17
36 27 13
36 27 14
36 27 15
36 27 16
36 28 12
36 28 13
36 28 14
36 28 15
36 28 16
36 29 13
36 29 14
36 29 15
36 29 16
36 29 17
36 29 18
36 29 37
36 29 38
36 29 39
36 30 14
36 30 15
36 30 16
36 30 17
36 30 18
36 30 19
36 30 20
36 30 21
36 30 22
36 30 23
36 30 24
36 30 25
36 30 26
36 30 27
36 30 28
36 30 29
36 30 30
36 30 31
36 30 32
36 30 33
36 30 34
36 30 35
36 30 36
36 30 37
36 30 38
36 30 39
36 31 16
36 31 17
36 31 18
36 31 19
36 31 20
36 31 21
36 31 22
36 31 23
36 31 24
36 31 25
36 31 26
36 31 27
36 31 28
36 31 29
36 31 30
36 31 31
36 31 32
36 31 33
36 31 34
36 31 35
36 31 36
36 31 37
36 31 38
36 32 18
36 32 19
36 32 20
36 32 21
36 32 22
36 32 23
36 32 24
36 32 25
36 32 26
36 32 27
36 32 28
36 32 29
36 32 30
36 32 31
36 32 32
36 32 33
36 32 34
36 32 35
36 32 36
36 32 37
37 7 25
37 7 26
37 7 27
37 8 25
37 8 26
37 8 27
37 8 28
37 8 29
37 9 25
37 9 26
37 9 27
37 9 28
37 17 19
37 18 18
37 18 19
37 19 17
37 19 18
37 19 19
37 20 16
37 20 17
37 20 18
37 20 19
37 21 16
37 21 17
37 21 18
37 21 19
37 22 16
37 22 17
37 22 18
37 23 15
37 23 16
37 23 17
37 23 18
37 24 15
37 24 16
37 24 17
37 25 15
37 25 16
37 25 17
37 26 14
37 26 15
37 26 16
37 26 17
37 27 14
37 27 15
37 27 16
37 28 15
37 29 16
37 29 17
37 29 18
37 29 19
37 29 20
37 29 36
37 29 37
37 29 38
37 30 16
37 30 17
37 30 18
37 30 19
37 30 20
37 30 21
37 30 22
37 30 23
37 30 24
37 30 25
37 30 26
37 30 27
37 30 28
37 30 29
37 30 30
37 30 31
37 30 32
37 30 33
37 30 34
37 30 35
37 30 36
37 30 37
37 30 38
37 31 18
37 31 19
37 31 20
37 31 21
37 31 22
37 31 23
37 31 24
37 31 25
37 31 26
37 31 27
37 31 28
37 31 29
37 31 30
37 31 31
37 31 32
37 31 33
37 31 34
37 31 35
37 31 36
37 31 37
37 32 19
37 32 20
37 32 21
37 32 22
37 32 23
37 32 24
37 32 25
37 32 26
37 32 27
37 32 28
37 32 29
37 32 30
37 32 31
37 32 32
37 32 33
37 32 34
37 32 35
37 32 36
38 7 24
38 7 25
38 7 26
38 8 24
38 8 25
38 8 26
38 8 27
38 8 28
38 9 24
38 9 25
38 9 26
38 9 27
38 15 19
38 15 20
38 16 18
38 16 19
38 16 20
38 17 18
38 17 19
38 17 20
38 18 17
38 18 18
38 18 19
38 18 20
38 19 17
38 19 18
38 19 19
38 20 17
38 20 18
38 20 19
38 21 16
38 21 17
38 21 18
38 21 19
38 22 16
38 22 17
38 22 18
38 23 16
38 23 17
38 23 18
38 24 17
38 29 18
38 29 19
38 29 20
38 29 21
38 29 35
38 29 36
38 29 37
38 29 38
38 30 18
38 30 19
38 30 20
38 30 21
38 30 22
38 30 23
38 30 24
38 30 25
38 30 26
38 30 27
38 30 28
38 30 29
38 30 30
38 30 31
38 30 32
38 30 33
38 30 34
38 30 35
38 30 36
38 30 37
38 30 38
38 31 19
38 31 20
38 31 21
38 31 22
38 31 23
38 31 24
38 31 25
38 31 26
38 31 27
38 31 28
38 31 29
38 31 30
38 31 31
38 31 32
38 31 33
38 31 34
38 31 35
38 31 36
38 31 37
38 32 20
38 32 21
38 32 22
38 32 23
38 32 24
38 32 25
38 32 26
38 32 27
38 32 28
38 32 29
38 32 30
38 32 31
38 32 32
38 32 33
38 32 34
38 32 35
39 7 24
39 7 25
39 7 26
39 8 24
39 8 25
39 8 26
39 8 27
39 9 24
39 9 25
39 9 26
39 9 27
39 11 21
39 11 22
39 12 21
39 12 22
39 13 20
39 13 21
39 13 22
39 14 19
39 14 20
39 14 21
39 14 22
39 15 19
39 15 20
39 15 21
39 16 18
39 16 19
39 16 20
39 16 21
39 17 18
39 17 19
39 17 20
39 17 21
39 18 18
39 18 19
39 18 20
39 19 17
39 19 18
39 19 19
39 19 20
39 20 17
39 20 18
39 20 19
39 21 18
39 21 19
39 29 19
39 29 20
39 29 21
39 29 22
39 29 34
39 29 35
39 29 36
39 29 37
39 30 19
39 30 20
39 30 21
39 30 22
39 30 23
39 30 24
39 30 25
39 30 26
39 30 27
39 30 28
39 30 29
39 30 30
39 30 31
39 30 32
39 30 33
39 30 34
39 30 35
39 30 36
39 30 37
39 31 20
39 31 21
39 31 22
39 31 23
39 31 24
39 31 25
39 31 26
39 31 27
39 31 28
39 31 29
39 31 30
39 31 31
39 31 32
39 31 33
39 31 34
39 31 35
39 31 36
39 32 22
39 32 23
39 32 24
39 32 25
39 32 26
39 32 27
39 32 28
39 32 29
39 32 30
39 32 31
39 32 32
39 32 33
39 32 34
39 32 35
40 7 23
40 7 24
40 7 25
40 8 23
40 8 24
40 8 25
40 8 26
40 9 22
40 9 23
40 9 24
40 9 25
40 9 26
40 10 21
40 10 22
40 10 23
40 11 21
40 11 22
40 11 23
40 12 20
40 12 21
40 12 22
40 12 23
40 13 20
40 13 21
40 13 22
40 14 19
40 14 20
40 14 21
40 14 22
40 15 19
40 15 20
40 15 21
40 15 22
40 16 19
40 16 20
40 16 21
40 17 18
40 17 19
40 17 20
40 18 20
40 29 20
40 29 21
40 29 22
40 29 23
40 29 34
40 29 35
40 29 36
40 30 20
40 30 21
40 30 22
40 30 23
40 30 24
40 30 25
40 30 26
40 30 27
40 30 28
40 30 29
40 30 30
40 30 31
40 30 32
40 30 33
40 30 34
40 30 35
40 30 36
40 31 22
40 31 23
40 31 24
40 31 25
40 31 26
40 31 27
40 31 28
40 31 29
40 31 30
40 31 31
40 31 32
40 31 33
40 31 34
40 31 35
40 32 23
40 32 24
40 32 25
40 32 26
40 32 27
40 32 28
40 32 29
40 32 30
40 32 31
40 32 32
40 32 33
40 32 34
41 5 24
41 6 23
41 6 24
41 7 22
41 7 23
41 7 24
41 8 22
41 8 23
41 8 24
41 8 25
41 8 26
41 9 22
41 9 23
41 9 24
41 9 25
41 10 21
41 10 22
41 10 23
41 10 24
41 11 21
41 11 22
41 11 23
41 11 24
41 12 20
41 12 21
41 12 22
41 12 23
41 13 20
41 13 21
41 13 22
41 13 23
41 14 20
41 14 21
41 14 22
41 15 20
41 15 21
41 29 22
41 29 23
41 29 24
41 29 25
41 29 33
41 29 34
41 29 35
41 29 36
41 30 22
41 30 23
41 30 24
41 30 25
41 30 26
41 30 27
41 30 28
41 30 29
41 30 30
41 30 31
41 30 32
41 30 33
41 30 34
41 30 35
41 30 36
41 31 23
41 31 24
41 31 25
41 31 26
41 31 27
41 31 28
41 31 29
41 31 30
41 31 31
41 31 32
41 31 33
41 31 34
41 31 35
41 32 25
41 32 26
41 32 27
41 32 28
41 32 29
41 32 30
41 32 31
41 32 32
41 32 33
42 2 25
42 3 24
42 3 25
42 4 24
42 4 25
42 5 23
42 5 24
42 5 25
42 6 23
42 6 24
42 6 25
42 7 22
42 7 23
42 7 24
42 7 25
42 8 22
42 8 23
42 8 24
42 8 25
42 9 22
42 9 23
42 9 24
42 9 25
42 10 21
42 10 22
42 10 23
42 10 24
42 11 21
42 11 22
42 11 23
42 12 22
42 29 23
42 29 24
42 29 25
42 29 26
42 29 32
42 29 33
42 29 34
42 29 35
42 30 23
42 30 24
42 30 25
42 30 26
42 30 27
42 30 28
42 30 29
42 30 30
42 30 31
42 30 32
42 30 33
42 30 34
42 30 35
42 31 24
42 31 25
42 31 26
42 31 27
42 31 28
42 31 29
42 31 30
42 31 31
42 31 32
42 31 33
42 31 34
42 32 26
42 32 27
42 32 28
42 32 29
42 32 30
42 32 31
42 32 32
43 0 26
43 0 27
43 1 25
43 1 26
43 1 27
43 2 25
43 2 26
43 2 27
43 3 24
43 3 25
43 3 26
43 3 27
43 4 24
43 4 25
43 4 26
43 5 23
43 5 24
43 5 25
43 5 26
43 6 23
43 6 24
43 6 25
43 6 26
43 7 23
43 7 24
43 7 25
43 8 23
43 8 24
43 8 25
43 9 24
43 29 25
43 29 26
43 29 27
43 29 28
43 29 30
43 29 31
43 29 32
43 29 33
43 29 34
43 30 25
43 30 26
43 30 27
43 30 28
43 30 29
43 30 30
43 30 31
43 30 32
43 30 33
43 30 34
43 31 26
43 31 27
43 31 28
43 31 29
43 31 30
43 31 31
43 31 32
43 31 33
43 32 27
43 32 28
43 32 29
43 32 30
43 32 31
44 0 25
44 0 26
44 0 27
44 0 28
44 1 25
44 1 26
44 1 27
44 1 28
44 2 25
44 2 26
44 2 27
44 2 28
44 3 24
44 3 25
44 3 26
44 3 27
44 4 24
44 4 25
44 4 26
44 5 24
44 5 25
44 5 26
44 29 26
44 29 27
44 29 28
44 29 29
44 29 30
44 29 31
44 29 32
44 29 33
44 30 26
44 30 27
44 30 28
44 30 29
44 30 30
44 30 31
44 30 32
44 30 33
44 31 27
44 31 28
44 31 29
44 31 30
44 31 31
44 31 32
44 32 29
44 32 30
45 0 26
45 0 27
45 0 28
45 1 26
45 1 27
45 1 28
45 2 25
45 2 26
45 2 27
45 3 26
45 3 27
45 29 27
45 29 28
45 29 29
45 29 30
45 29 31
45 29 32
45 29 33
45 30 29
45 30 30
45 30 31
45 30 32
