0 13 1
0 13 2
0 14 0
0 14 1
0 14 2
0 15 0
0 15 1
0 15 2
0 16 1
0 16 2
1 11 0
1 11 1
1 11 2
1 12 0
1 12 1
1 12 2
1 13 0
1 13 1
1 13 2
1 13 3
1 14 0
1 14 1
1 14 2
1 14 3
1 15 0
1 15 1
1 15 2
1 15 3
1 16 0
1 16 1
1 16 2
1 16 3
1 17 1
1 17 2
1 17 3
1 18 1
1 18 2
1 18 3
1 19 2
1 19 3
1 40 23
1 40 24
1 40 25
1 40 26
1 41 23
1 41 24
1 41 25
1 41 26
1 41 27
1 42 23
1 42 24
1 42 25
1 42 26
1 42 27
1 43 24
1 43 25
1 43 26
2 10 1
2 10 2
2 10 3
2 11 0
2 11 1
2 11 2
2 11 3
2 12 0
2 12 1
2 12 2
2 12 3
2 13 0
2 13 1
2 13 2
2 13 3
2 14 0
2 14 1
2 14 2
2 14 3
2 14 4
2 15 0
2 15 1
2 15 2
2 15 3
2 15 4
2 16 0
2 16 1
2 16 2
2 16 3
2 16 4
2 17 1
2 17 2
2 17 3
2 17 4
2 18 1
2 18 2
2 18 3
2 18 4
2 19 2
2 19 3
2 19 4
2 20 2
2 20 3
2 20 4
2 21 3
2 21 4
2 21 5
2 22 3
2 22 4
2 22 5
2 23 5
2 39 21
2 39 22
2 39 23
2 39 24
2 39 25
2 39 26
2 39 27
2 40 21
2 40 22
2 40 23
2 40 24
2 40 25
2 40 26
2 40 27
2 40 28
2 41 21
2 41 22
2 41 23
2 41 24
2 41 25
2 41 26
2 41 27
2 41 28
2 42 21
2 42 22
2 42 23
2 42 24
2 42 25
2 42 26
2 42 27
2 42 28
2 43 23
2 43 24
2 43 25
2 43 26
2 43 27
3 9 2
3 9 3
3 9 4
3 10 1
3 10 2
3 10 3
3 10 4
3 11 1
3 11 2
3 11 3
3 11 4
3 12 1
3 12 2
3 12 3
3 12 4
3 13 1
3 13 2
3 13 3
3 13 4
3 14 2
3 14 3
3 14 4
3 15 2
3 15 3
3 15 4
3 16 2
3 16 3
3 16 4
3 16 5
3 17 2
3 17 3
3 17 4
3 17 5
3 18 1
3 18 2
3 18 3
3 18 4
3 18 5
3 19 2
3 19 3
3 19 4
3 19 5
3 20 2
3 20 3
3 20 4
3 20 5
3 21 3
3 21 4
3 21 5
3 22 3
3 22 4
3 22 5
3 23 3
3 23 4
3 23 5
3 23 6
3 24 4
3 24 5
3 24 6
3 25 5
3 25 6
3 26 6
3 38 20
3 38 21
3 38 22
3 38 23
3 38 24
3 38 25
3 38 26
3 38 27
3 38 28
3 39 19
3 39 20
3 39 21
3 39 22
3 39 23
3 39 24
3 39 25
3 39 26
3 39 27
3 39 28
3 39 29
3 40 19
3 40 20
3 40 21
3 40 22
3 40 23
3 40 24
3 40 25
3 40 26
3 40 27
3 40 28
3 40 29
3 41 19
3 41 20
3 41 21
3 41 22
3 41 23
3 41 26
3 41 27
3 41 28
3 41 29
3 42 20
3 42 21
3 42 22
3 42 23
3 42 26
3 42 27
3 42 28
4 8 3
4 8 4
4 9 2
4 9 3
4 9 4
4 9 5
4 10 2
4 10 3
4 10 4
4 10 5
4 11 1
4 11 2
4 11 3
4 11 4
4 11 5
4 12 2
4 12 3
4 12 4
4 12 5
4 13 2
4 13 3
4 13 4
4 13 5
4 14 3
4 14 4
4 14 5
4 15 3
4 15 4
4 15 5
4 16 3
4 16 4
4 16 5
4 17 3
4 17 4
4 17 5
4 18 3
4 18 4
4 18 5
4 18 6
4 19 3
4 19 4
4 19 5
4 19 6
4 20 3
4 20 4
4 20 5
4 21 3
4 21 4
4 22 3
4 22 4
4 22 5
4 23 3
4 23 4
4 23 5
4 23 6
4 24 4
4 24 5
4 24 6
4 25 4
4 25 5
4 25 6
4 25 7
4 26 5
4 26 6
4 26 7
4 27 5
4 27 6
4 27 7
4 27 8
4 28 6
4 28 7
4 28 8
4 29 8
4 38 18
4 38 19
4 38 20
4 38 21
4 38 22
4 38 23
4 38 24
4 38 25
4 38 26
4 38 27
4 38 28
4 38 29
4 38 30
4 39 17
4 39 18
4 39 19
4 39 20
4 39 21
4 39 22
4 39 23
4 39 24
4 39 25
4 39 26
4 39 27
4 39 28
4 39 29
4 39 30
4 40 17
4 40 18
4 40 19
4 40 20
4 40 21
4 40 22
4 40 23
4 40 24
4 40 25
4 40 26
4 40 27
4 40 28
4 40 29
4 40 30
4 41 18
4 41 19
4 41 20
4 41 21
4 41 27
4 41 28
4 41 29
4 42 27
4 42 28
5 7 4
5 7 5
5 8 3
5 8 4
5 8 5
5 8 6
5 9 3
5 9 4
5 9 5
5 9 6
5 10 2
5 10 3
5 10 4
5 10 5
5 10 6
5 11 3
5 11 4
5 11 5
5 11 6
5 12 3
5 12 4
5 12 5
5 12 6
5 13 3
5 13 4
5 13 5
5 13 6
5 14 3
5 14 4
5 14 5
5 14 6
5 15 3
5 15 4
5 15 5
5 15 6
5 16 3
5 16 4
5 16 5
5 16 6
5 17 4
5 17 5
5 17 6
5 18 4
5 18 5
5 18 6
5 19 4
5 19 5
5 19 6
5 20 4
5 20 5
5 22 4
5 23 4
5 23 5
5 24 4
5 24 5
5 24 6
5 25 4
5 25 5
5 25 6
5 26 5
5 26 6
5 26 7
5 27 5
5 27 6
5 27 7
5 27 8
5 28 6
5 28 7
5 28 8
5 29 6
5 29 7
5 29 8
5 29 9
5 30 7
5 30 8
5 30 9
5 31 7
5 31 8
5 31 9
5 32 9
5 37 16
5 37 17
5 37 18
5 37 19
5 37 20
5 37 21
5 37 22
5 37 23
5 37 24
5 37 25
5 37 26
5 37 27
5 37 28
5 37 29
5 37 30
5 38 16
5 38 17
5 38 18
5 38 19
5 38 20
5 38 21
5 38 22
5 38 23
5 38 24
5 38 25
5 38 26
5 38 27
5 38 28
5 38 29
5 38 30
5 39 16
5 39 17
5 39 18
5 39 19
5 39 20
5 39 21
5 39 22
5 39 23
5 39 24
5 39 25
5 39 26
5 39 27
5 39 28
5 39 29
5 39 30
5 40 16
5 40 17
5 40 18
5 40 19
5 40 28
5 40 29
5 40 30
5 41 28
5 41 29
6 7 4
6 7 5
6 7 6
6 7 7
6 8 3
6 8 4
6 8 5
6 8 6
6 8 7
6 9 3
6 9 4
6 9 5
6 9 6
6 9 7
6 10 4
6 10 5
6 10 6
6 11 4
6 11 5
6 11 6
6 12 4
6 12 5
6 12 6
6 13 4
6 13 5
6 13 6
6 14 4
6 14 5
6 14 6
6 14 7
6 15 4
6 15 5
6 15 6
6 15 7
6 16 4
6 16 5
6 16 6
6 16 7
6 17 4
6 17 5
6 17 6
6 17 7
6 18 5
6 18 6
6 18 7
6 19 5
6 19 6
6 19 7
6 25 6
6 26 6
6 27 6
6 27 7
6 28 6
6 28 7
6 28 8
6 29 6
6 29 7
6 29 8
6 30 7
6 30 8
6 30 9
6 31 7
6 31 8
6 31 9
6 32 7
6 32 8
6 32 9
6 32 10
6 33 8
6 33 9
6 33 10
6 34 9
6 34 10
6 35 10
6 36 15
6 36 16
6 36 17
6 36 18
6 36 19
6 36 20
6 36 21
6 36 22
6 36 23
6 36 24
6 36 25
6 36 26
6 36 27
6 36 28
6 36 29
6 36 30
6 37 14
6 37 15
6 37 16
6 37 17
6 37 18
6 37 19
6 37 20
6 37 21
6 37 22
6 37 23
6 37 24
6 37 25
6 37 26
6 37 27
6 37 28
6 37 29
6 37 30
6 37 31
6 38 14
6 38 15
6 38 16
6 38 17
6 38 18
6 38 19
6 38 20
6 38 21
6 38 22
6 38 23
6 38 24
6 38 25
6 38 26
6 38 27
6 38 28
6 38 29
6 38 30
6 38 31
6 39 14
6 39 15
6 39 16
6 39 17
6 39 29
6 39 30
6 39 31
6 40 15
6 40 16
6 40 17
6 40 29
6 40 30
7 6 5
7 6 6
7 6 7
7 7 4
7 7 5
7 7 6
7 7 7
7 7 8
7 8 4
7 8 5
7 8 6
7 8 7
7 8 8
7 9 4
7 9 5
7 9 6
7 9 7
7 10 5
7 10 6
7 10 7
7 11 5
7 11 6
7 11 7
7 12 5
7 12 6
7 12 7
7 13 5
7 13 6
7 13 7
7 13 8
7 14 5
7 14 6
7 14 7
7 14 8
7 15 5
7 15 6
7 15 7
7 15 8
7 16 5
7 16 6
7 16 7
7 16 8
7 17 5
7 17 6
7 17 7
7 17 8
7 18 5
7 18 6
7 18 7
7 18 8
7 19 6
7 29 7
7 30 7
7 30 8
7 30 9
7 31 7
7 31 8
7 31 9
7 32 7
7 32 8
7 32 9
7 32 10
7 33 8
7 33 9
7 33 10
7 34 8
7 34 9
7 34 10
7 34 11
7 35 8
7 35 9
7 35 10
7 35 11
7 35 13
7 35 14
7 35 16
7 35 17
7 35 19
7 35 20
7 35 22
7 35 23
7 35 25
7 35 26
7 35 28
7 35 29
7 35 31
7 36 9
7 36 10
7 36 11
7 36 12
7 36 13
7 36 14
7 36 15
7 36 16
7 36 17
7 36 18
7 36 19
7 36 20
7 36 21
7 36 22
7 36 23
7 36 24
7 36 25
7 36 26
7 36 27
7 36 28
7 36 29
7 36 30
7 36 31
7 36 32
7 37 10
7 37 11
7 37 12
7 37 13
7 37 14
7 37 15
7 37 16
7 37 17
7 37 18
7 37 19
7 37 20
7 37 21
7 37 22
7 37 23
7 37 24
7 37 25
7 37 26
7 37 27
7 37 28
7 37 29
7 37 30
7 37 31
7 37 32
7 38 11
7 38 12
7 38 13
7 38 14
7 38 15
7 38 16
7 38 30
7 38 31
7 38 32
7 39 13
7 39 14
7 39 15
7 39 16
7 39 30
7 39 31
7 39 32
8 5 6
8 5 7
8 5 8
8 6 6
8 6 7
8 6 8
8 6 9
8 7 5
8 7 6
8 7 7
8 7 8
8 7 9
8 8 5
8 8 6
8 8 7
8 8 8
8 9 5
8 9 6
8 9 7
8 9 8
8 10 6
8 10 7
8 10 8
8 11 5
8 11 6
8 11 7
8 11 8
8 12 5
8 12 6
8 12 7
8 12 8
8 13 6
8 13 7
8 13 8
8 13 9
8 14 6
8 14 7
8 14 8
8 14 9
8 15 6
8 15 7
8 15 8
8 15 9
8 16 6
8 16 7
8 16 8
8 16 9
8 17 6
8 17 7
8 17 8
8 17 9
8 18 6
8 18 7
8 18 8
8 32 9
8 33 8
8 33 9
8 33 10
8 34 8
8 34 9
8 34 10
8 35 8
8 35 9
8 35 10
8 35 11
8 35 12
8 35 13
8 35 14
8 35 15
8 35 16
8 35 17
8 35 18
8 35 19
8 35 20
8 35 21
8 35 22
8 35 23
8 35 24
8 35 25
8 35 26
8 35 27
8 35 28
8 35 29
8 35 30
8 35 31
8 35 32
8 35 33
8 36 8
8 36 9
8 36 10
8 36 11
8 36 12
8 36 13
8 36 14
8 36 15
8 36 16
8 36 17
8 36 18
8 36 19
8 36 20
8 36 21
8 36 22
8 36 23
8 36 24
8 36 25
8 36 26
8 36 27
8 36 28
8 36 29
8 36 30
8 36 31
8 36 32
8 36 33
8 37 8
8 37 9
8 37 10
8 37 11
8 37 12
8 37 13
8 37 14
8 37 15
8 37 16
8 37 17
8 37 18
8 37 19
8 37 20
8 37 21
8 37 22
8 37 23
8 37 24
8 37 25
8 37 26
8 37 27
8 37 28
8 37 29
8 37 30
8 37 31
8 37 32
8 37 33
8 38 9
8 38 10
8 38 11
8 38 12
8 38 13
8 38 14
8 38 31
8 38 32
8 38 33
8 39 10
8 39 11
8 39 12
8 39 13
8 39 31
8 40 11
8 40 12
8 40 13
8 41 12
8 41 13
9 4 8
9 4 9
9 5 6
9 5 7
9 5 8
9 5 9
9 6 6
9 6 7
9 6 8
9 6 9
9 6 10
9 7 6
9 7 7
9 7 8
9 7 9
9 8 6
9 8 7
9 8 8
9 8 9
9 9 7
9 9 8
9 9 9
9 10 6
9 10 7
9 10 8
9 10 9
9 11 6
9 11 7
9 11 8
9 11 9
9 12 7
9 12 8
9 12 9
9 13 7
9 13 8
9 13 9
9 14 7
9 14 8
9 14 9
9 14 10
9 15 7
9 15 8
9 15 9
9 15 10
9 16 7
9 16 8
9 16 9
9 16 10
9 17 7
9 17 8
9 17 9
9 34 8
9 34 9
9 34 10
9 34 11
9 34 12
9 34 13
9 34 14
9 34 15
9 34 16
9 34 17
9 34 18
9 34 19
9 34 20
9 34 21
9 34 22
9 34 23
9 34 24
9 34 25
9 34 26
9 34 27
9 34 28
9 34 29
9 34 30
9 34 31
9 34 32
9 34 33
9 34 34
9 35 8
9 35 9
9 35 10
9 35 11
9 35 12
9 35 13
9 35 14
9 35 15
9 35 16
9 35 17
9 35 18
9 35 19
9 35 20
9 35 21
9 35 22
9 35 23
9 35 24
9 35 25
9 35 26
9 35 27
9 35 28
9 35 29
9 35 30
9 35 31
9 35 32
9 35 33
9 35 34
9 36 7
9 36 8
9 36 9
9 36 10
9 36 11
9 36 12
9 36 13
9 36 14
9 36 15
9 36 16
9 36 17
9 36 18
9 36 19
9 36 20
9 36 21
9 36 22
9 36 23
9 36 24
9 36 25
9 36 26
9 36 27
9 36 28
9 36 29
9 36 30
9 36 31
9 36 32
9 36 33
9 36 34
9 37 7
9 37 8
9 37 9
9 37 10
9 37 11
9 37 12
9 37 31
9 37 32
9 37 33
9 37 34
9 38 8
9 38 9
9 38 10
9 38 11
9 38 12
9 38 31
9 38 32
9 38 33
9 39 9
9 39 10
9 39 11
9 39 12
9 39 13
9 40 11
9 40 12
9 40 13
9 41 12
9 41 13
9 41 14
9 42 12
9 42 13
9 42 14
9 43 13
9 43 14
9 43 15
9 44 14
9 44 15
10 4 8
10 4 9
10 4 10
10 5 7
10 5 8
10 5 9
10 5 10
10 5 11
10 6 7
10 6 8
10 6 9
10 6 10
10 7 8
10 7 9
10 7 10
10 8 7
10 8 8
10 8 9
10 8 10
10 9 7
10 9 8
10 9 9
10 9 10
10 10 7
10 10 8
10 10 9
10 10 10
10 11 7
10 11 8
10 11 9
10 11 10
10 12 7
10 12 8
10 12 9
10 12 10
10 13 7
10 13 8
10 13 9
10 13 10
10 14 8
10 14 9
10 14 10
10 14 11
10 15 8
10 15 9
10 15 10
10 15 11
10 16 8
10 16 9
10 16 10
10 33 9
10 33 10
10 33 11
10 33 12
10 33 13
10 33 14
10 33 15
10 33 16
10 33 17
10 33 18
10 33 19
10 33 20
10 33 21
10 33 22
10 33 23
10 33 24
10 33 25
10 33 26
10 33 27
10 33 28
10 33 29
10 33 30
10 33 31
10 33 32
10 33 33
10 33 34
10 34 8
10 34 9
10 34 10
10 34 11
10 34 12
10 34 13
10 34 14
10 34 15
10 34 16
10 34 17
10 34 18
10 34 19
10 34 20
10 34 21
10 34 22
10 34 23
10 34 24
10 34 25
10 34 26
10 34 27
10 34 28
10 34 29
10 34 30
10 34 31
10 34 32
10 34 33
10 34 34
10 34 35
10 35 8
10 35 9
10 35 10
10 35 11
10 35 12
10 35 13
10 35 14
10 35 15
10 35 16
10 35 17
10 35 18
10 35 19
10 35 20
10 35 21
10 35 22
10 35 23
10 35 24
10 35 25
10 35 26
10 35 27
10 35 28
10 35 29
10 35 30
10 35 31
10 35 32
10 35 33
10 35 34
10 35 35
10 36 7
10 36 8
10 36 9
10 36 10
10 36 11
10 36 32
10 36 33
10 36 34
10 36 35
10 37 7
10 37 8
10 37 9
10 37 10
10 37 32
10 37 33
10 37 34
10 38 7
10 38 8
10 38 9
10 38 10
10 38 12
10 39 10
10 39 11
10 39 12
10 40 11
10 40 12
10 40 13
10 41 12
10 41 13
10 41 14
10 42 12
10 42 13
10 42 14
10 43 13
10 43 14
10 43 15
10 44 13
10 44 14
10 44 15
10 45 13
10 45 14
10 45 15
10 45 16
10 46 14
10 46 15
10 46 16
10 47 15
10 47 16
11 3 9
11 3 10
11 3 11
11 4 8
11 4 9
11 4 10
11 4 11
11 5 8
11 5 9
11 5 10
11 5 11
11 6 8
11 6 9
11 6 10
11 6 11
11 7 8
11 7 9
11 7 10
11 7 11
11 8 8
11 8 9
11 8 10
11 8 11
11 9 8
11 9 9
11 9 10
11 9 11
11 10 8
11 10 9
11 10 10
11 10 11
11 11 8
11 11 9
11 11 10
11 11 11
11 12 8
11 12 9
11 12 10
11 12 11
11 13 9
11 13 10
11 13 11
11 14 9
11 14 10
11 14 11
11 14 12
11 15 9
11 15 10
11 15 11
11 15 12
11 16 9
11 16 10
11 33 8
11 33 9
11 33 10
11 33 11
11 33 12
11 33 13
11 33 14
11 33 15
11 33 16
11 33 17
11 33 18
11 33 19
11 33 20
11 33 21
11 33 22
11 33 23
11 33 24
11 33 25
11 33 26
11 33 27
11 33 28
11 33 29
11 33 30
11 33 31
11 33 32
11 33 33
11 33 34
11 33 35
11 33 36
11 34 7
11 34 8
11 34 9
11 34 10
11 34 11
11 34 12
11 34 13
11 34 14
11 34 15
11 34 16
11 34 17
11 34 18
11 34 19
11 34 20
11 34 21
11 34 22
11 34 23
11 34 24
11 34 25
11 34 26
11 34 27
11 34 28
11 34 29
11 34 30
11 34 31
11 34 32
11 34 33
11 34 34
11 34 35
11 34 36
11 35 7
11 35 8
11 35 9
11 35 11
11 35 15
11 35 20
11 35 24
11 35 29
11 35 33
11 35 34
11 35 35
11 35 36
11 36 7
11 36 8
11 36 9
11 36 33
11 36 34
11 36 35
11 36 36
11 37 7
11 37 8
11 37 9
11 37 33
11 37 34
11 38 7
11 38 8
11 38 9
11 39 7
11 39 8
11 39 9
11 41 13
11 42 13
11 42 14
11 43 13
11 43 14
11 44 13
11 44 14
11 44 15
11 45 13
11 45 14
11 45 15
11 45 16
11 46 14
11 46 15
11 46 16
11 47 14
11 47 15
11 47 16
11 47 17
11 48 15
11 48 16
11 48 17
11 49 15
11 49 16
11 49 17
11 49 18
11 50 16
11 50 17
11 50 18
12 2 10
12 2 11
12 3 9
12 3 10
12 3 11
12 3 12
12 4 9
12 4 10
12 4 11
12 4 12
12 5 9
12 5 10
12 5 11
12 5 12
12 6 9
12 6 10
12 6 11
12 6 12
12 7 9
12 7 10
12 7 11
12 7 12
12 8 9
12 8 10
12 8 11
12 8 12
12 9 9
12 9 10
12 9 11
12 9 12
12 10 9
12 10 10
12 10 11
12 10 12
12 11 9
12 11 10
12 11 11
12 11 12
12 12 9
12 12 10
12 12 11
12 12 12
12 13 10
12 13 11
12 13 12
12 14 10
12 14 11
12 14 12
12 15 10
12 15 11
12 32 9
12 32 10
12 32 11
12 32 12
12 32 13
12 32 14
12 32 15
12 32 16
12 32 17
12 32 18
12 32 19
12 32 20
12 32 21
12 32 22
12 32 23
12 32 24
12 32 25
12 32 26
12 32 27
12 32 28
12 32 29
12 32 30
12 32 31
12 32 32
12 32 33
12 32 34
12 32 35
12 32 36
12 32 37
12 33 8
12 33 9
12 33 10
12 33 11
12 33 12
12 33 13
12 33 14
12 33 15
12 33 16
12 33 17
12 33 18
12 33 19
12 33 20
12 33 21
12 33 22
12 33 23
12 33 24
12 33 25
12 33 26
12 33 27
12 33 28
12 33 29
12 33 30
12 33 31
12 33 32
12 33 33
12 33 34
12 33 35
12 33 36
12 33 37
12 34 7
12 34 8
12 34 9
12 34 10
12 34 11
12 34 12
12 34 13
12 34 14
12 34 15
12 34 16
12 34 17
12 34 18
12 34 19
12 34 20
12 34 21
12 34 22
12 34 23
12 34 24
12 34 25
12 34 26
12 34 27
12 34 28
12 34 29
12 34 30
12 34 31
12 34 32
12 34 33
12 34 34
12 34 35
12 34 36
12 34 37
12 35 7
12 35 8
12 35 9
12 35 34
12 35 35
12 35 36
12 35 37
12 36 7
12 36 8
12 36 34
12 36 35
12 37 7
12 37 8
12 37 9
12 38 7
12 38 8
12 38 9
12 39 6
12 39 7
12 39 8
12 39 9
12 40 7
12 40 8
12 40 9
12 44 14
12 45 14
12 45 15
12 46 14
12 46 15
12 46 16
12 47 14
12 47 15
12 47 16
12 48 15
12 48 16
12 48 17
12 49 15
12 49 16
12 49 17
12 49 18
12 50 16
12 50 17
12 50 18
12 51 16
12 51 17
12 51 18
12 52 17
12 52 18
12 52 19
12 53 17
12 53 18
12 53 19
12 54 19
13 2 10
13 2 11
13 2 12
13 2 13
13 3 10
13 3 11
13 3 12
13 3 13
13 4 10
13 4 11
13 4 12
13 4 13
13 5 10
13 5 11
13 5 12
13 5 13
13 6 10
13 6 11
13 6 12
13 6 13
13 7 10
13 7 11
13 7 12
13 7 13
13 8 10
13 8 11
13 8 12
13 8 13
13 9 10
13 9 11
13 9 12
13 9 13
13 10 10
13 10 11
13 10 12
13 10 13
13 11 10
13 11 11
13 11 12
13 11 13
13 12 10
13 12 11
13 12 12
13 12 13
13 13 11
13 13 12
13 13 13
13 14 11
13 14 12
13 14 13
13 15 11
13 31 10
13 31 11
13 31 12
13 31 13
13 31 14
13 31 15
13 31 16
13 31 17
13 31 18
13 31 19
13 31 20
13 31 21
13 31 22
13 31 23
13 31 24
13 31 25
13 31 26
13 31 27
13 31 28
13 31 29
13 31 30
13 31 31
13 31 32
13 31 33
13 31 34
13 31 35
13 31 36
13 31 37
13 32 8
13 32 9
13 32 10
13 32 11
13 32 12
13 32 13
13 32 14
13 32 15
13 32 16
13 32 17
13 32 18
13 32 19
13 32 20
13 32 21
13 32 22
13 32 23
13 32 24
13 32 25
13 32 26
13 32 27
13 32 28
13 32 29
13 32 30
13 32 31
13 32 32
13 32 33
13 32 34
13 32 35
13 32 36
13 32 37
13 32 38
13 33 8
13 33 9
13 33 10
13 33 11
13 33 12
13 33 13
13 33 14
13 33 15
13 33 16
13 33 17
13 33 18
13 33 19
13 33 20
13 33 21
13 33 22
13 33 23
13 33 24
13 33 25
13 33 26
13 33 27
13 33 28
13 33 29
13 33 30
13 33 31
13 33 32
13 33 33
13 33 34
13 33 35
13 33 36
13 33 37
13 33 38
13 34 7
13 34 8
13 34 9
13 34 10
13 34 35
13 34 36
13 34 37
13 34 38
13 35 7
13 35 8
13 35 9
13 35 35
13 35 36
13 35 37
13 38 7
13 38 8
13 39 6
13 39 7
13 39 8
13 40 6
13 40 7
13 40 8
13 40 9
13 41 6
13 41 7
13 41 8
13 47 16
13 48 16
13 49 15
13 49 16
13 49 17
13 50 16
13 50 17
13 50 18
13 51 16
13 51 17
13 51 18
13 52 17
13 52 18
13 52 19
13 53 17
13 53 18
13 53 19
13 54 17
13 54 18
13 54 19
13 54 20
13 55 18
13 55 19
13 55 20
13 56 18
13 56 19
13 56 20
13 57 20
14 1 12
14 1 13
14 2 11
14 2 12
14 2 13
14 2 14
14 3 10
14 3 11
14 3 12
14 3 13
14 3 14
14 4 11
14 4 12
14 4 13
14 4 14
14 5 11
14 5 12
14 5 13
14 5 14
14 6 11
14 6 12
14 6 13
14 6 14
14 7 11
14 7 12
14 7 13
14 7 14
14 8 11
14 8 12
14 8 13
14 8 14
14 9 11
14 9 12
14 9 13
14 9 14
14 10 11
14 10 12
14 10 13
14 10 14
14 11 11
14 11 12
14 11 13
14 11 14
14 12 11
14 12 12
14 12 13
14 12 14
14 13 11
14 13 12
14 13 13
14 13 14
14 14 12
14 30 12
14 30 13
14 30 14
14 30 16
14 30 17
14 30 18
14 30 19
14 30 21
14 30 22
14 30 24
14 30 25
14 30 26
14 30 27
14 30 28
14 30 30
14 30 31
14 30 33
14 30 34
14 30 35
14 30 36
14 30 37
14 31 10
14 31 11
14 31 12
14 31 13
14 31 14
14 31 15
14 31 16
14 31 17
14 31 18
14 31 19
14 31 20
14 31 21
14 31 22
14 31 23
14 31 24
14 31 25
14 31 26
14 31 27
14 31 28
14 31 29
14 31 30
14 31 31
14 31 32
14 31 33
14 31 34
14 31 35
14 31 36
14 31 37
14 31 38
14 32 9
14 32 10
14 32 11
14 32 12
14 32 13
14 32 14
14 32 15
14 32 16
14 32 17
14 32 18
14 32 19
14 32 20
14 32 21
14 32 22
14 32 23
14 32 24
14 32 25
14 32 26
14 32 27
14 32 28
14 32 29
14 32 30
14 32 31
14 32 32
14 32 33
14 32 34
14 32 35
14 32 36
14 32 37
14 32 38
14 32 39
14 33 8
14 33 9
14 33 10
14 33 11
14 33 36
14 33 37
14 33 38
14 33 39
14 34 8
14 34 9
14 34 10
14 34 36
14 34 37
14 34 38
14 39 7
14 39 8
14 40 6
14 40 7
14 40 8
14 41 6
14 41 7
14 41 8
14 42 6
14 42 7
14 42 8
14 50 17
14 51 17
14 52 17
14 52 18
14 52 19
14 53 17
14 53 18
14 53 19
14 54 17
14 54 18
14 54 19
14 54 20
14 54 21
14 55 18
14 55 19
14 55 20
14 55 21
14 56 18
14 56 19
14 56 20
14 56 21
14 57 19
14 57 20
14 57 21
14 58 19
14 58 20
14 58 21
14 58 22
14 59 20
14 59 21
14 59 22
14 60 22
15 0 13
15 1 12
15 1 13
15 1 14
15 1 15
15 2 11
15 2 12
15 2 13
15 2 14
15 2 15
15 3 12
15 3 13
15 3 14
15 3 15
15 4 12
15 4 13
15 4 14
15 4 15
15 5 12
15 5 13
15 5 14
15 5 15
15 6 12
15 6 13
15 6 14
15 6 15
15 7 12
15 7 13
15 7 14
15 7 15
15 8 12
15 8 13
15 8 14
15 8 15
15 9 12
15 9 13
15 9 14
15 9 15
15 10 12
15 10 13
15 10 14
15 10 15
15 11 12
15 11 13
15 11 14
15 11 15
15 12 12
15 12 13
15 12 14
15 12 15
15 13 12
15 13 13
15 13 14
15 30 11
15 30 12
15 30 13
15 30 14
15 30 15
15 30 16
15 30 17
15 30 18
15 30 19
15 30 20
15 30 21
15 30 22
15 30 23
15 30 24
15 30 25
15 30 26
15 30 27
15 30 28
15 30 29
15 30 30
15 30 31
15 30 32
15 30 33
15 30 34
15 30 35
15 30 36
15 30 37
15 30 38
15 31 10
15 31 11
15 31 12
15 31 13
15 31 14
15 31 15
15 31 16
15 31 17
15 31 18
15 31 19
15 31 20
15 31 21
15 31 22
15 31 23
15 31 24
15 31 25
15 31 26
15 31 27
15 31 28
15 31 29
15 31 30
15 31 31
15 31 32
15 31 33
15 31 34
15 31 35
15 31 36
15 31 37
15 31 38
15 31 39
15 32 9
15 32 10
15 32 11
15 32 12
15 32 13
15 32 14
15 32 15
15 32 16
15 32 17
15 32 18
15 32 19
15 32 20
15 32 21
15 32 22
15 32 23
15 32 24
15 32 25
15 32 26
15 32 27
15 32 28
15 32 29
15 32 30
15 32 31
15 32 32
15 32 33
15 32 34
15 32 35
15 32 36
15 32 37
15 32 38
15 32 39
15 33 9
15 33 10
15 33 11
15 33 37
15 33 38
15 33 39
15 34 9
15 34 37
15 34 38
15 40 6
15 40 7
15 41 6
15 41 7
15 41 8
15 42 5
15 42 6
15 42 7
15 42 8
15 43 6
15 43 7
15 43 8
15 53 18
15 53 19
15 53 20
15 53 21
15 54 18
15 54 19
15 54 20
15 54 21
15 54 22
15 55 18
15 55 19
15 55 20
15 55 21
15 56 18
15 56 19
15 56 20
15 57 19
15 57 20
15 57 21
15 58 19
15 58 20
15 58 21
15 58 22
15 59 20
15 59 21
15 59 22
15 60 20
15 60 21
15 60 22
15 60 23
15 61 21
15 61 22
15 61 23
16 1 12
16 1 13
16 1 14
16 1 15
16 2 12
16 2 13
16 2 14
16 2 15
16 2 16
16 3 12
16 3 13
16 3 14
16 3 15
16 3 16
16 4 13
16 4 14
16 4 15
16 4 16
16 5 13
16 5 14
16 5 15
16 5 16
16 6 13
16 6 14
16 6 15
16 6 16
16 7 13
16 7 14
16 7 15
16 7 16
16 8 13
16 8 14
16 8 15
16 8 16
16 9 13
16 9 14
16 9 15
16 9 16
16 10 13
16 10 14
16 10 15
16 10 16
16 11 13
16 11 14
16 11 15
16 11 16
16 12 13
16 12 14
16 12 15
16 29 12
16 29 13
16 29 14
16 29 15
16 29 16
16 29 17
16 29 18
16 29 19
16 29 20
16 29 21
16 29 22
16 29 23
16 29 24
16 29 25
16 29 26
16 29 27
16 29 28
16 29 29
16 29 30
16 29 31
16 29 32
16 29 33
16 29 34
16 29 35
16 29 36
16 29 37
16 30 11
16 30 12
16 30 13
16 30 14
16 30 15
16 30 16
16 30 17
16 30 18
16 30 19
16 30 20
16 30 21
16 30 22
16 30 23
16 30 24
16 30 25
16 30 26
16 30 27
16 30 28
16 30 29
16 30 30
16 30 31
16 30 32
16 30 33
16 30 34
16 30 35
16 30 36
16 30 37
16 30 38
16 30 39
16 31 10
16 31 11
16 31 12
16 31 13
16 31 14
16 31 15
16 31 16
16 31 17
16 31 18
16 31 19
16 31 20
16 31 21
16 31 22
16 31 23
16 31 24
16 31 25
16 31 26
16 31 27
16 31 28
16 31 29
16 31 30
16 31 31
16 31 32
16 31 33
16 31 34
16 31 35
16 31 36
16 31 37
16 31 38
16 31 39
16 32 9
16 32 10
16 32 11
16 32 12
16 32 38
16 32 39
16 33 10
16 33 38
16 41 6
16 41 7
16 42 6
16 42 7
16 42 8
16 43 5
16 43 6
16 43 7
16 43 8
16 44 5
16 44 6
16 44 7
16 52 21
16 53 20
16 53 21
16 53 22
16 53 23
16 54 20
16 54 21
16 54 22
16 54 23
16 55 19
16 55 20
16 55 21
16 57 20
16 58 20
16 58 21
16 59 20
16 59 21
16 59 22
16 60 20
16 60 21
16 60 22
16 61 21
16 61 22
16 61 23
17 1 13
17 1 14
17 1 15
17 1 16
17 2 13
17 2 14
17 2 15
17 2 16
17 2 17
17 3 14
17 3 15
17 3 16
17 3 17
17 4 14
17 4 15
17 4 16
17 4 17
17 5 14
17 5 15
17 5 16
17 5 17
17 6 14
17 6 15
17 6 16
17 6 17
17 7 14
17 7 15
17 7 16
17 7 17
17 8 14
17 8 15
17 8 16
17 8 17
17 9 14
17 9 15
17 9 16
17 9 17
17 10 14
17 10 15
17 10 16
17 10 17
17 11 14
17 11 15
17 11 16
17 28 14
17 28 15
17 28 16
17 28 17
17 28 18
17 28 19
17 28 20
17 28 21
17 28 22
17 28 23
17 28 24
17 28 25
17 28 26
17 28 27
17 28 28
17 28 29
17 28 30
17 28 31
17 28 32
17 28 33
17 28 34
17 28 35
17 28 36
17 29 12
17 29 13
17 29 14
17 29 15
17 29 16
17 29 17
17 29 18
17 29 19
17 29 20
17 29 21
17 29 22
17 29 23
17 29 24
17 29 25
17 29 26
17 29 27
17 29 28
17 29 29
17 29 30
17 29 31
17 29 32
17 29 33
17 29 34
17 29 35
17 29 36
17 29 37
17 30 11
17 30 12
17 30 13
17 30 14
17 30 15
17 30 16
17 30 17
17 30 18
17 30 19
17 30 20
17 30 21
17 30 22
17 30 23
17 30 24
17 30 25
17 30 26
17 30 27
17 30 28
17 30 29
17 30 30
17 30 31
17 30 32
17 30 33
17 30 34
17 30 35
17 30 36
17 30 37
17 30 38
17 31 10
17 31 11
17 31 12
17 31 13
17 31 37
17 31 38
17 31 39
17 32 10
17 32 11
17 32 12
17 32 38
17 32 39
17 42 6
17 42 7
17 43 5
17 43 6
17 43 7
17 44 5
17 44 6
17 44 7
17 44 8
17 45 5
17 45 6
17 45 7
17 52 21
17 52 22
17 52 23
17 53 20
17 53 21
17 53 22
17 53 23
17 53 24
17 54 20
17 54 21
17 54 22
17 54 23
17 60 21
17 61 21
17 61 22
18 1 14
18 1 15
18 1 16
18 2 14
18 2 15
18 2 16
18 2 17
18 3 15
18 3 16
18 3 17
18 4 15
18 4 16
18 4 17
18 4 18
18 5 15
18 5 16
18 5 17
18 5 18
18 5 19
18 6 15
18 6 16
18 6 17
18 6 18
18 6 19
18 7 15
18 7 16
18 7 17
18 7 18
18 7 19
18 8 15
18 8 16
18 8 17
18 8 18
18 8 19
18 9 15
18 9 16
18 9 17
18 9 18
18 9 19
18 10 15
18 10 16
18 10 17
18 10 18
18 11 15
18 27 15
18 27 19
18 27 24
18 27 28
18 27 33
18 28 14
18 28 15
18 28 16
18 28 17
18 28 18
18 28 19
18 28 20
18 28 21
18 28 22
18 28 23
18 28 24
18 28 25
18 28 26
18 28 27
18 28 28
18 28 29
18 28 30
18 28 31
18 28 32
18 28 33
18 28 34
18 28 35
18 28 36
18 29 13
18 29 14
18 29 15
18 29 16
18 29 17
18 29 18
18 29 19
18 29 20
18 29 21
18 29 22
18 29 23
18 29 24
18 29 25
18 29 26
18 29 27
18 29 28
18 29 29
18 29 30
18 29 31
18 29 32
18 29 33
18 29 34
18 29 35
18 29 36
18 29 37
18 30 12
18 30 13
18 30 14
18 30 35
18 30 36
18 30 37
18 30 38
18 31 11
18 31 12
18 31 13
18 31 14
18 31 37
18 31 38
18 31 39
18 32 11
18 32 38
18 43 5
18 43 6
18 43 7
18 44 5
18 44 6
18 44 7
18 45 5
18 45 6
18 45 7
18 46 5
18 46 6
18 46 7
18 51 22
18 51 23
18 51 24
18 52 21
18 52 22
18 52 23
18 52 24
18 52 25
18 53 21
18 53 22
18 53 23
18 53 24
19 2 16
19 3 15
19 3 16
19 3 17
19 4 15
19 4 16
19 4 17
19 4 18
19 5 16
19 5 17
19 5 18
19 6 16
19 6 17
19 6 18
19 6 19
19 7 16
19 7 17
19 7 18
19 7 19
19 8 16
19 8 17
19 8 18
19 8 19
19 8 20
19 9 16
19 9 17
19 9 18
19 9 19
19 9 20
19 10 16
19 10 17
19 10 19
19 10 20
19 11 20
19 27 15
19 27 16
19 27 17
19 27 18
19 27 19
19 27 20
19 27 21
19 27 22
19 27 23
19 27 24
19 27 25
19 27 26
19 27 27
19 27 28
19 27 29
19 27 30
19 27 31
19 27 32
19 27 33
19 28 14
19 28 15
19 28 16
19 28 17
19 28 18
19 28 19
19 28 20
19 28 21
19 28 22
19 28 23
19 28 24
19 28 25
19 28 26
19 28 27
19 28 28
19 28 29
19 28 30
19 28 31
19 28 32
19 28 33
19 28 34
19 28 35
19 29 13
19 29 14
19 29 15
19 29 16
19 29 17
19 29 18
19 29 19
19 29 20
19 29 21
19 29 22
19 29 23
19 29 24
19 29 25
19 29 26
19 29 27
19 29 28
19 29 29
19 29 30
19 29 31
19 29 32
19 29 33
19 29 34
19 29 35
19 29 36
19 29 37
19 30 12
19 30 13
19 30 14
19 30 15
19 30 35
19 30 36
19 30 37
19 30 38
19 31 12
19 31 13
19 44 5
19 44 6
19 45 5
19 45 6
19 45 7
19 46 4
19 46 5
19 46 6
19 46 7
19 47 4
19 47 5
19 47 6
19 47 7
19 50 23
19 50 24
19 51 23
19 51 24
19 51 25
19 52 22
19 52 23
19 52 24
19 52 25
19 53 23
20 4 17
20 5 17
20 5 18
20 6 17
20 6 18
20 6 19
20 7 17
20 7 18
20 7 19
20 8 17
20 8 18
20 8 19
20 8 20
20 9 18
20 9 19
20 9 20
20 10 18
20 10 19
20 10 20
20 10 21
20 11 19
20 11 20
20 11 21
20 12 19
20 12 20
20 12 21
20 13 20
20 13 21
20 13 22
20 14 21
20 14 22
20 26 16
20 26 17
20 26 18
20 26 19
20 26 20
20 26 21
20 26 22
20 26 23
20 26 24
20 26 25
20 26 26
20 26 27
20 26 28
20 26 29
20 26 30
20 26 31
20 27 15
20 27 16
20 27 17
20 27 18
20 27 19
20 27 20
20 27 21
20 27 22
20 27 23
20 27 24
20 27 25
20 27 26
20 27 27
20 27 28
20 27 29
20 27 30
20 27 31
20 27 32
20 27 33
20 28 14
20 28 15
20 28 16
20 28 17
20 28 18
20 28 19
20 28 20
20 28 21
20 28 22
20 28 23
20 28 24
20 28 25
20 28 26
20 28 27
20 28 28
20 28 29
20 28 30
20 28 31
20 28 32
20 28 33
20 28 34
20 29 13
20 29 14
20 29 15
20 29 16
20 29 32
20 29 33
20 29 34
20 29 35
20 30 13
20 30 14
20 30 15
20 30 34
20 30 35
20 30 36
20 45 5
20 45 6
20 46 5
20 46 6
20 47 4
20 47 5
20 47 6
20 47 7
20 48 4
20 48 5
20 48 6
20 49 24
20 49 25
20 50 23
20 50 24
20 50 25
20 50 26
20 51 23
20 51 24
20 51 25
20 51 26
20 52 23
20 52 24
21 7 18
21 8 18
21 8 19
21 9 18
21 9 19
21 9 20
21 10 18
21 10 19
21 10 20
21 11 19
21 11 20
21 11 21
21 12 19
21 12 20
21 12 21
21 12 22
21 13 20
21 13 21
21 13 22
21 14 20
21 14 21
21 14 22
21 14 23
21 15 20
21 15 21
21 15 22
21 15 23
21 16 21
21 16 22
21 16 23
21 17 23
21 18 23
21 25 17
21 25 18
21 25 19
21 25 20
21 25 21
21 25 22
21 25 23
21 25 24
21 25 25
21 25 26
21 25 27
21 25 28
21 25 29
21 26 16
21 26 17
21 26 18
21 26 19
21 26 20
21 26 21
21 26 22
21 26 23
21 26 24
21 26 25
21 26 26
21 26 27
21 26 28
21 26 29
21 26 30
21 26 31
21 27 15
21 27 16
21 27 17
21 27 18
21 27 19
21 27 20
21 27 21
21 27 22
21 27 23
21 27 24
21 27 25
21 27 26
21 27 27
21 27 28
21 27 29
21 27 30
21 27 31
21 27 32
21 28 14
21 28 15
21 28 16
21 28 17
21 28 30
21 28 31
21 28 32
21 28 33
21 28 34
21 29 14
21 29 15
21 29 16
21 29 32
21 29 33
21 29 34
21 46 5
21 46 6
21 47 4
21 47 5
21 47 6
21 48 4
21 48 5
21 48 6
21 49 4
21 49 5
21 49 6
21 49 24
21 49 25
21 49 26
21 49 27
21 50 24
21 50 25
21 50 26
21 50 27
21 51 24
21 51 25
21 51 26
22 10 20
22 11 20
22 12 20
22 12 21
22 13 20
22 13 21
22 13 22
22 14 20
22 14 21
22 14 22
22 15 20
22 15 21
22 15 22
22 15 23
22 16 21
22 16 22
22 16 23
22 17 21
22 17 22
22 17 23
22 17 24
22 18 22
22 18 23
22 18 24
22 19 23
22 19 24
22 20 24
22 21 25
22 25 17
22 25 18
22 25 19
22 25 20
22 25 21
22 25 22
22 25 23
22 25 24
22 25 25
22 25 26
22 25 27
22 25 28
22 25 29
22 26 16
22 26 17
22 26 18
22 26 19
22 26 20
22 26 21
22 26 22
22 26 23
22 26 24
22 26 25
22 26 26
22 26 27
22 26 28
22 26 29
22 26 30
22 27 15
22 27 16
22 27 17
22 27 18
22 27 19
22 27 20
22 27 22
22 27 24
22 27 25
22 27 27
22 27 28
22 27 29
22 27 30
22 27 31
22 27 32
22 28 15
22 28 16
22 28 17
22 28 30
22 28 31
22 28 32
22 29 15
22 47 4
22 47 5
22 47 6
22 48 4
22 48 5
22 48 6
22 48 7
22 48 26
22 48 27
22 48 28
22 49 4
22 49 5
22 49 6
22 49 25
22 49 26
22 49 27
22 49 28
22 50 4
22 50 5
22 50 6
22 50 25
22 50 26
22 50 27
22 50 28
22 51 5
23 14 21
23 14 22
23 15 21
23 15 22
23 15 23
23 16 21
23 16 22
23 16 23
23 17 21
23 17 22
23 17 23
23 17 24
23 18 22
23 18 23
23 18 24
23 19 22
23 19 23
23 19 24
23 19 25
23 20 23
23 20 24
23 20 25
23 21 23
23 21 24
23 21 25
23 21 26
23 22 24
23 22 25
23 22 26
23 23 25
23 23 26
23 24 18
23 24 19
23 24 20
23 24 21
23 24 22
23 24 23
23 24 24
23 24 25
23 24 26
23 25 17
23 25 18
23 25 19
23 25 20
23 25 21
23 25 22
23 25 23
23 25 24
23 25 25
23 25 26
23 25 27
23 25 28
23 26 16
23 26 17
23 26 18
23 26 19
23 26 20
23 26 21
23 26 22
23 26 23
23 26 24
23 26 25
23 26 26
23 26 27
23 26 28
23 26 29
23 26 30
23 27 16
23 27 17
23 27 18
23 27 27
23 27 28
23 27 29
23 27 30
23 27 31
23 28 16
23 28 17
23 47 5
23 47 6
23 47 7
23 47 27
23 47 28
23 48 4
23 48 5
23 48 6
23 48 7
23 48 26
23 48 27
23 48 28
23 48 29
23 49 3
23 49 4
23 49 5
23 49 6
23 49 7
23 49 26
23 49 27
23 49 28
23 49 29
23 50 3
23 50 4
23 50 5
23 50 6
23 50 25
23 50 26
23 51 3
23 51 4
23 51 5
24 17 22
24 17 23
24 18 22
24 18 23
24 18 24
24 19 23
24 19 24
24 20 23
24 20 24
24 20 25
24 21 23
24 21 24
24 21 25
24 21 26
24 22 23
24 22 24
24 22 25
24 22 26
24 23 20
24 23 21
24 23 22
24 23 23
24 23 24
24 23 25
24 23 26
24 23 27
24 24 18
24 24 19
24 24 20
24 24 21
24 24 22
24 24 23
24 24 24
24 24 25
24 24 26
24 24 27
24 25 18
24 25 19
24 25 20
24 25 21
24 25 22
24 25 23
24 25 24
24 25 25
24 25 26
24 25 27
24 26 17
24 26 18
24 26 19
24 26 25
24 26 26
24 26 27
24 26 28
24 26 29
24 27 17
24 27 18
24 27 27
24 27 28
24 27 29
24 46 6
24 46 7
24 47 5
24 47 6
24 47 7
24 47 8
24 47 27
24 47 28
24 47 29
24 47 30
24 48 5
24 48 6
24 48 7
24 48 8
24 48 27
24 48 28
24 48 29
24 48 30
24 49 4
24 49 5
24 49 26
24 49 27
24 49 28
24 49 29
24 50 3
24 50 4
24 50 5
24 51 3
24 51 4
24 51 5
24 52 3
24 52 4
24 52 5
25 20 24
25 21 23
25 21 24
25 21 25
25 22 23
25 22 24
25 22 25
25 22 26
25 23 20
25 23 21
25 23 22
25 23 23
25 23 24
25 23 25
25 23 26
25 24 19
25 24 20
25 24 21
25 24 22
25 24 23
25 24 24
25 24 25
25 24 26
25 24 27
25 25 18
25 25 19
25 25 20
25 25 21
25 25 23
25 25 24
25 25 25
25 25 26
25 25 27
25 25 28
25 26 18
25 26 19
25 26 20
25 26 25
25 26 26
25 26 27
25 26 28
25 27 26
25 27 27
25 27 28
25 28 27
25 28 28
25 28 29
25 29 28
25 29 29
25 30 29
25 45 8
25 46 6
25 46 7
25 46 8
25 46 9
25 46 28
25 46 29
25 46 30
25 46 31
25 47 6
25 47 7
25 47 8
25 47 9
25 47 28
25 47 29
25 47 30
25 47 31
25 48 6
25 48 7
25 48 27
25 48 28
25 48 29
25 48 30
25 50 3
25 50 4
25 51 3
25 51 4
25 51 5
25 52 2
25 52 3
25 52 4
25 52 5
25 53 3
25 53 4
25 53 5
25 54 4
26 21 24
26 22 23
26 22 24
26 22 25
26 23 20
26 23 21
26 23 22
26 23 23
26 23 24
26 23 25
26 23 26
26 24 19
26 24 20
26 24 21
26 24 22
26 24 23
26 24 24
26 24 25
26 24 26
26 24 27
26 25 18
26 25 19
26 25 20
26 25 21
26 25 22
26 25 23
26 25 24
26 25 25
26 25 26
26 25 27
26 25 28
26 26 19
26 26 25
26 26 26
26 26 27
26 26 28
26 27 26
26 27 27
26 27 28
26 28 26
26 28 27
26 28 28
26 28 29
26 29 27
26 29 28
26 29 29
26 30 27
26 30 28
26 30 29
26 30 30
26 31 28
26 31 29
26 31 30
26 32 29
26 32 30
26 33 30
26 45 7
26 45 8
26 45 9
26 45 10
26 45 29
26 45 30
26 45 31
26 46 7
26 46 8
26 46 9
26 46 10
26 46 29
26 46 30
26 46 31
26 46 32
26 47 7
26 47 8
26 47 9
26 47 28
26 47 29
26 47 30
26 47 31
26 51 3
26 51 4
26 52 3
26 52 4
26 53 2
26 53 3
26 53 4
26 53 5
26 54 2
26 54 3
26 54 4
26 54 5
27 22 23
27 22 24
27 22 25
27 23 23
27 23 24
27 23 25
27 23 26
27 24 20
27 24 21
27 24 22
27 24 23
27 24 24
27 24 25
27 24 26
27 25 20
27 25 22
27 25 23
27 25 24
27 25 25
27 25 26
27 25 27
27 26 23
27 26 24
27 26 26
27 26 27
27 27 27
27 27 28
27 28 27
27 28 28
27 29 27
27 29 28
27 29 29
27 30 27
27 30 28
27 30 29
27 30 30
27 31 28
27 31 29
27 31 30
27 32 28
27 32 29
27 32 30
27 32 31
27 33 29
27 33 30
27 33 31
27 34 29
27 34 30
27 34 31
27 34 32
27 35 30
27 35 31
27 35 32
27 36 31
27 44 9
27 44 10
27 44 11
27 44 31
27 44 32
27 45 8
27 45 9
27 45 10
27 45 11
27 45 30
27 45 31
27 45 32
27 45 33
27 46 7
27 46 8
27 46 9
27 46 10
27 46 29
27 46 30
27 46 31
27 46 32
27 46 33
27 47 29
27 47 30
27 52 3
27 52 4
27 53 2
27 53 3
27 53 4
27 54 3
27 54 4
27 54 5
28 23 24
28 24 22
28 24 23
28 24 24
28 25 22
28 25 23
28 25 24
28 26 22
28 26 23
28 26 24
28 27 22
28 27 23
28 27 24
28 29 28
28 30 28
28 30 29
28 31 28
28 31 29
28 31 30
28 32 28
28 32 29
28 32 30
28 33 28
28 33 29
28 33 30
28 33 31
28 34 29
28 34 30
28 34 31
28 34 32
28 35 30
28 35 31
28 35 32
28 36 30
28 36 31
28 36 32
28 36 33
28 37 31
28 37 32
28 37 33
28 38 31
28 38 32
28 38 33
28 39 33
28 43 10
28 43 11
28 44 9
28 44 10
28 44 11
28 44 12
28 44 31
28 44 32
28 44 33
28 45 8
28 45 9
28 45 10
28 45 11
28 45 12
28 45 30
28 45 31
28 45 32
28 45 33
28 45 34
28 46 9
28 46 10
28 46 30
28 46 31
28 46 32
28 53 3
28 53 4
28 54 3
29 25 22
29 25 23
29 25 24
29 26 22
29 26 23
29 26 24
29 27 22
29 27 23
29 27 24
29 28 22
29 28 23
29 28 24
29 29 23
29 32 29
29 32 30
29 33 29
29 33 30
29 33 31
29 34 29
29 34 30
29 34 31
29 35 30
29 35 31
29 35 32
29 36 30
29 36 31
29 36 32
29 37 30
29 37 31
29 37 32
29 37 33
29 38 31
29 38 32
29 38 33
29 39 31
29 39 32
29 39 33
29 39 34
29 40 32
29 40 33
29 40 34
29 41 33
29 41 34
29 42 34
29 43 10
29 43 11
29 43 12
29 43 13
29 43 32
29 43 33
29 43 34
29 44 9
29 44 10
29 44 11
29 44 12
29 44 13
29 44 31
29 44 32
29 44 33
29 44 34
29 44 35
29 45 9
29 45 10
29 45 11
29 45 31
29 45 32
29 45 33
29 45 34
30 26 22
30 26 23
30 26 24
30 27 21
30 27 22
30 27 23
30 27 24
30 28 21
30 28 22
30 28 23
30 28 24
30 29 22
30 29 23
30 35 31
30 36 31
30 36 32
30 37 31
30 37 32
30 37 33
30 38 31
30 38 32
30 38 33
30 39 31
30 39 32
30 39 33
30 39 34
30 40 32
30 40 33
30 40 34
30 41 32
30 41 33
30 41 34
30 41 35
30 42 11
30 42 12
30 42 13
30 42 14
30 42 33
30 42 34
30 42 35
30 43 11
30 43 12
30 43 13
30 43 14
30 43 32
30 43 33
30 43 34
30 43 35
30 44 10
30 44 11
30 44 12
30 44 13
30 44 32
30 44 33
30 44 34
30 44 35
30 44 36
30 45 32
30 45 35
30 45 36
31 27 22
31 27 23
31 28 21
31 28 22
31 28 23
31 29 21
31 29 22
31 29 23
31 29 24
31 30 21
31 30 22
31 30 23
31 38 32
31 39 32
31 39 33
31 40 32
31 40 33
31 40 34
31 41 12
31 41 13
31 41 14
31 41 32
31 41 33
31 41 34
31 42 12
31 42 13
31 42 14
31 42 15
31 42 33
31 42 34
31 42 35
31 43 11
31 43 12
31 43 13
31 43 14
31 43 33
31 43 34
31 43 35
31 43 36
31 44 33
31 44 34
31 44 35
31 44 36
31 45 34
31 45 35
31 45 36
31 45 37
31 46 34
31 46 35
31 46 36
31 46 37
31 47 35
31 47 36
31 47 37
31 48 37
31 49 37
32 28 21
32 28 22
32 28 23
32 29 21
32 29 22
32 29 23
32 30 21
32 30 22
32 30 23
32 31 21
32 31 22
32 31 23
32 40 14
32 40 15
32 41 13
32 41 14
32 41 15
32 41 16
32 41 34
32 42 12
32 42 13
32 42 14
32 42 15
32 42 34
32 43 12
32 43 13
32 43 34
32 43 35
32 44 34
32 44 35
32 44 36
32 45 34
32 45 35
32 45 36
32 46 34
32 46 35
32 46 36
32 46 37
32 47 35
32 47 36
32 47 37
32 48 35
32 48 36
32 48 37
32 48 38
32 49 36
32 49 37
32 49 38
32 50 37
32 50 38
33 29 21
33 29 22
33 29 23
33 30 21
33 30 22
33 30 23
33 31 20
33 31 21
33 31 22
33 31 23
33 32 21
33 32 22
33 32 23
33 40 14
33 40 15
33 40 16
33 41 13
33 41 14
33 41 15
33 41 16
33 42 13
33 42 14
33 42 15
33 45 35
33 45 36
33 46 35
33 46 36
33 47 35
33 47 36
33 47 37
33 48 35
33 48 36
33 48 37
33 48 38
33 49 36
33 49 37
33 49 38
33 50 36
33 50 37
33 50 38
34 29 22
34 30 21
34 30 22
34 31 20
34 31 21
34 31 22
34 31 23
34 32 20
34 32 21
34 32 22
34 32 23
34 33 21
34 33 22
34 39 15
34 39 16
34 39 17
34 40 14
34 40 15
34 40 16
34 40 17
34 41 14
34 41 15
34 41 16
34 41 17
34 48 36
34 48 37
34 49 36
34 49 37
35 31 20
35 31 21
35 31 22
35 32 20
35 32 21
35 32 22
35 33 20
35 33 21
35 33 22
35 33 23
35 34 20
35 34 21
35 34 22
35 38 16
35 38 17
35 39 15
35 39 16
35 39 17
35 39 18
35 40 15
35 40 16
35 40 17
35 40 18
35 41 15
36 32 20
36 32 21
36 32 22
36 33 20
36 33 21
36 33 22
36 34 20
36 34 21
36 34 22
36 35 20
36 35 21
36 35 22
36 37 18
36 38 16
36 38 17
36 38 18
36 38 19
36 39 16
36 39 17
36 39 18
36 39 19
36 40 15
36 40 16
36 40 17
37 32 20
37 32 21
37 33 20
37 33 21
37 34 20
37 34 21
37 34 22
37 35 19
37 35 20
37 35 21
37 35 22
37 36 20
37 36 21
37 36 22
37 37 17
37 37 18
37 37 19
37 37 20
37 38 17
37 38 18
37 38 19
37 38 20
37 39 16
37 39 17
37 39 18
37 39 19
38 33 21
38 34 19
38 34 20
38 34 21
38 35 19
38 35 20
38 35 21
38 36 19
38 36 20
38 36 21
38 37 18
38 37 19
38 37 20
38 37 21
38 38 17
38 38 18
38 38 19
38 38 20
39 35 19
39 35 20
39 35 21
39 36 19
39 36 20
39 36 21
39 37 18
39 37 19
39 37 20
39 37 21
39 38 18
39 38 19
39 38 20
39 38 21
39 39 20
40 36 19
40 36 20
40 36 21
40 37 19
40 37 20
40 37 21
40 38 19
40 38 20
40 38 21
40 39 19
40 39 20
40 40 20
41 37 19
41 37 20
41 38 18
41 38 19
41 38 20
41 39 18
41 39 19
41 39 20
41 39 21
41 40 19
41 40 20
42 38 18
42 38 19
42 38 20
42 39 18
42 39 19
42 39 20
42 40 18
42 40 19
42 40 20
42 41 18
42 41 19
42 41 20
43 39 18
43 39 19
43 39 20
43 40 18
43 40 19
43 40 20
43 41 17
43 41 18
43 41 19
43 41 20
43 42 18
43 42 19
43 42 20
44 40 18
44 40 19
44 40 20
44 41 18
44 41 19
44 41 20
44 42 18
44 42 19
