2 28 4
2 28 5
2 28 29
2 28 30
2 29 4
2 29 29
3 28 4
3 28 5
3 28 29
3 28 30
3 29 4
3 29 5
3 29 29
4 28 5
4 29 5
4 29 6
4 29 29
4 30 5
4 30 29
5 29 5
5 29 6
5 29 28
5 30 6
5 30 28
6 29 6
6 29 7
6 29 28
6 29 29
6 30 6
6 30 7
6 30 28
7 30 7
7 30 8
7 30 28
7 30 29
7 31 7
7 31 28
8 29 8
8 30 7
8 30 8
8 30 27
8 30 28
8 30 29
8 31 7
8 31 8
8 31 27
8 31 28
9 26 8
9 27 8
9 27 28
9 28 8
9 28 27
9 28 28
9 29 8
9 29 27
9 29 28
9 30 8
9 30 9
9 30 27
9 30 28
9 31 8
9 31 9
9 31 27
10 1 4
10 1 5
10 1 29
10 1 30
10 22 8
10 23 8
10 24 8
10 24 28
10 25 8
10 25 27
10 25 28
10 26 8
10 26 27
10 26 28
10 27 8
10 27 27
10 27 28
10 28 8
10 28 27
10 28 28
10 29 27
10 29 28
10 31 9
10 31 10
10 31 27
10 31 28
10 32 9
10 32 27
11 1 4
11 1 5
11 1 29
11 1 30
11 2 4
11 2 5
11 2 29
11 2 30
11 19 8
11 20 8
11 20 28
11 21 8
11 21 28
11 22 8
11 22 27
11 22 28
11 23 8
11 23 27
11 23 28
11 24 8
11 24 27
11 24 28
11 25 27
11 25 28
11 26 28
11 31 9
11 31 10
11 31 27
11 32 9
11 32 10
11 32 27
12 1 5
12 1 29
12 2 5
12 2 6
12 2 29
12 16 8
12 17 8
12 17 28
12 18 8
12 18 27
12 18 28
12 19 8
12 19 27
12 19 28
12 20 8
12 20 27
12 20 28
12 21 8
12 21 27
12 21 28
12 22 8
12 22 27
12 22 28
12 23 28
12 31 10
12 31 11
12 31 26
12 31 27
12 32 10
12 32 11
12 32 26
12 32 27
12 33 26
13 1 5
13 1 29
13 2 5
13 2 6
13 2 29
13 12 8
13 13 8
13 14 8
13 14 28
13 15 8
13 15 27
13 15 28
13 16 8
13 16 27
13 16 28
13 17 8
13 17 27
13 17 28
13 18 8
13 18 27
13 18 28
13 19 28
13 32 11
13 32 26
13 32 27
13 33 11
13 33 26
14 2 6
14 2 28
14 3 6
14 3 7
14 3 28
14 3 29
14 9 8
14 10 8
14 10 28
14 11 8
14 11 28
14 12 8
14 12 27
14 12 28
14 13 8
14 13 27
14 13 28
14 14 8
14 14 27
14 14 28
14 15 8
14 15 27
14 15 28
14 16 27
14 16 28
14 32 11
14 32 12
14 32 26
14 32 27
14 33 11
14 33 12
14 33 26
15 2 6
15 2 7
15 2 28
15 3 7
15 3 8
15 3 28
15 3 29
15 6 8
15 7 8
15 7 28
15 8 8
15 8 28
15 9 8
15 9 27
15 9 28
15 10 8
15 10 27
15 10 28
15 11 8
15 11 27
15 11 28
15 12 27
15 12 28
15 32 12
15 32 26
15 33 12
15 33 13
15 33 25
15 33 26
15 34 12
15 34 25
16 2 7
16 2 28
16 3 7
16 3 8
16 3 28
16 4 8
16 4 28
16 5 8
16 5 27
16 5 28
16 6 8
16 6 27
16 6 28
16 7 8
16 7 27
16 7 28
16 8 8
16 8 27
16 8 28
16 9 27
16 9 28
16 33 12
16 33 13
16 33 25
16 33 26
16 34 12
16 34 13
16 34 25
17 3 8
17 3 27
17 3 28
17 4 8
17 4 9
17 4 27
17 4 28
17 5 8
17 5 27
17 5 28
17 6 28
17 33 13
17 33 14
17 33 25
17 33 26
17 34 13
17 34 14
17 34 25
18 3 8
18 3 9
18 3 27
18 4 8
18 4 9
18 4 10
18 4 27
18 4 28
18 33 14
18 33 25
18 34 14
18 34 15
18 34 25
18 34 26
18 35 14
19 3 9
19 3 27
19 4 9
19 4 10
19 4 27
19 5 10
19 5 27
19 34 14
19 34 15
19 34 24
19 34 25
19 35 14
19 35 15
19 35 24
20 4 10
20 4 26
20 4 27
20 5 10
20 5 11
20 5 26
20 5 27
20 34 15
20 34 16
20 34 24
20 34 25
20 35 15
20 35 24
21 4 10
21 4 11
21 4 26
21 5 10
21 5 11
21 5 12
21 5 26
21 5 27
21 34 16
21 34 24
21 35 15
21 35 16
21 35 17
21 35 24
21 36 16
21 36 24
22 4 11
22 4 26
22 5 11
22 5 12
22 5 26
22 5 27
22 6 12
22 6 26
22 6 27
22 35 16
22 35 17
22 35 23
22 35 24
22 36 16
22 36 17
22 36 23
22 36 24
23 5 11
23 5 12
23 5 26
23 6 12
23 6 13
23 6 25
23 6 26
23 35 17
23 35 18
23 35 23
23 35 24
23 36 17
23 36 18
23 36 23
24 5 12
24 5 13
24 5 25
24 6 12
24 6 13
24 6 25
24 6 26
24 35 18
24 36 17
24 36 18
24 36 23
24 36 24
24 37 18
24 37 19
24 37 20
24 37 21
25 5 25
25 6 13
25 6 14
25 6 25
25 6 26
25 7 13
25 7 14
25 7 25
25 36 18
25 36 19
25 36 23
25 37 18
25 37 19
25 37 20
25 37 21
25 37 22
25 37 23
26 6 13
26 6 14
26 6 25
26 7 13
26 7 14
26 7 15
26 7 25
26 34 1
26 34 25
26 34 26
26 35 1
26 35 2
26 35 25
26 36 2
26 36 3
26 36 4
26 36 19
26 36 20
26 36 23
26 36 24
26 37 19
26 37 23
27 6 14
27 6 24
27 6 25
27 7 14
27 7 15
27 7 24
27 7 25
27 31 0
27 31 26
27 32 0
27 32 1
27 32 26
27 33 0
27 33 1
27 33 26
27 34 1
27 34 26
27 35 1
27 35 2
27 36 2
27 36 3
27 36 4
28 7 15
28 7 24
28 7 25
28 8 15
28 8 16
28 8 24
28 8 25
28 27 0
28 28 0
28 28 26
28 29 0
28 29 1
28 29 26
28 30 0
28 30 1
28 30 26
28 31 0
28 31 1
28 31 26
28 32 1
28 33 1
28 34 1
28 34 2
28 35 1
28 35 2
28 35 3
28 36 3
28 36 4
28 37 20
28 37 21
28 37 22
28 37 23
28 38 20
28 38 21
29 7 15
29 7 16
29 7 24
29 8 15
29 8 16
29 8 24
29 8 25
29 24 0
29 24 26
29 25 0
29 25 26
29 26 0
29 26 1
29 26 26
29 27 0
29 27 1
29 27 26
29 28 0
29 28 1
29 29 1
29 30 1
29 31 1
29 32 1
29 33 1
29 37 20
29 37 21
29 37 22
29 38 21
30 7 16
30 7 24
30 8 16
30 8 17
30 8 23
30 8 24
30 21 0
30 21 26
30 22 0
30 22 26
30 23 0
30 23 1
30 23 26
30 24 0
30 24 1
30 24 26
30 25 0
30 25 1
30 26 1
30 27 1
30 28 1
30 29 1
30 30 1
30 38 21
30 38 22
30 39 22
31 8 17
31 8 23
31 8 24
31 9 17
31 9 18
31 9 23
31 9 24
31 17 0
31 17 26
31 18 0
31 18 26
31 19 0
31 19 1
31 19 26
31 20 0
31 20 1
31 20 26
31 21 0
31 21 1
31 22 0
31 22 1
31 23 1
31 24 1
31 25 1
31 26 1
31 27 1
31 38 22
31 38 23
31 39 22
32 8 17
32 8 18
32 8 23
32 9 17
32 9 18
32 9 19
32 9 23
32 9 24
32 14 0
32 14 26
32 15 0
32 15 26
32 16 0
32 16 1
32 16 26
32 17 0
32 17 1
32 17 26
32 18 0
32 18 1
32 19 0
32 19 1
32 20 1
32 21 1
32 22 1
32 23 1
32 38 22
32 38 23
32 39 22
32 39 23
32 39 24
33 8 18
33 8 19
33 9 18
33 9 19
33 9 23
33 9 24
33 11 1
33 11 25
33 12 0
33 12 1
33 12 25
33 12 26
33 13 0
33 13 1
33 13 26
33 14 0
33 14 1
33 14 26
33 15 0
33 15 1
33 16 1
33 17 1
33 18 1
33 19 1
33 20 1
33 39 23
33 39 24
33 40 23
33 40 24
34 8 18
34 8 19
34 8 20
34 9 18
34 9 19
34 9 23
34 10 2
34 10 3
34 10 4
34 10 17
34 10 19
34 10 20
34 10 21
34 10 23
34 10 24
34 11 1
34 11 2
34 11 3
34 11 24
34 12 1
34 12 2
34 13 1
34 14 1
34 15 1
34 16 1
34 17 1
34 39 24
34 39 25
34 40 24
35 11 2
35 11 3
35 12 1
35 12 2
35 13 1
35 39 24
35 39 25
35 40 24
35 40 25
36 10 20
36 10 21
36 10 22
36 40 25
36 40 26
36 41 25
36 41 26
37 10 20
37 10 21
37 11 21
37 11 22
37 40 26
37 41 26
38 10 21
38 11 21
38 11 22
38 40 26
38 40 27
38 41 26
38 41 27
38 42 27
39 10 22
39 11 22
39 11 23
39 12 23
39 41 27
39 41 28
39 42 27
40 11 22
40 11 23
40 12 22
40 12 23
40 41 27
40 41 28
40 41 29
40 42 27
40 42 28
41 11 23
41 12 23
41 12 24
41 41 28
41 42 28
41 42 29
41 43 29
42 11 23
42 12 23
42 12 24
42 12 25
42 13 24
42 13 25
42 42 29
42 42 30
42 43 29
43 12 24
43 12 25
43 13 24
43 13 25
43 38 30
43 39 30
43 40 30
43 41 30
43 42 29
43 42 30
43 43 29
43 43 30
44 12 25
44 13 25
44 13 26
44 35 30
44 36 30
44 37 30
44 38 30
44 39 30
44 40 30
44 41 30
44 42 30
44 43 30
44 43 31
44 44 31
45 13 25
45 13 26
45 14 26
45 31 30
45 32 30
45 33 30
45 34 30
45 35 30
45 35 31
45 36 30
45 36 31
45 37 30
45 37 31
45 38 30
45 38 31
45 39 31
45 40 31
45 41 31
45 42 31
45 43 31
45 44 31
46 13 26
46 13 27
46 14 26
46 14 27
46 29 30
46 30 30
46 31 30
46 31 31
46 32 30
46 32 31
46 33 30
46 33 31
46 34 30
46 34 31
46 35 31
46 36 31
46 37 31
46 38 31
46 38 32
46 39 31
46 39 32
46 40 31
46 40 32
46 41 31
46 41 32
46 42 31
46 42 32
46 43 31
46 43 32
46 44 31
46 44 32
47 13 27
47 14 27
47 14 28
47 25 30
47 26 30
47 27 30
47 27 31
47 28 30
47 28 31
47 29 30
47 29 31
47 30 30
47 30 31
47 31 31
47 32 31
47 33 31
47 34 31
47 34 32
47 35 31
47 35 32
47 36 31
47 36 32
47 37 31
47 37 32
47 38 32
47 39 32
47 40 32
47 41 32
47 42 32
47 43 32
47 44 32
47 45 32
48 14 27
48 14 28
48 15 28
48 15 29
48 22 30
48 23 30
48 23 31
48 24 30
48 24 31
48 25 30
48 25 31
48 26 30
48 26 31
48 27 31
48 28 31
48 29 31
48 30 31
48 30 32
48 31 31
48 31 32
48 32 31
48 32 32
48 33 31
48 33 32
48 34 32
48 35 32
48 36 32
48 36 33
48 37 32
48 37 33
48 38 32
48 38 33
48 39 32
48 39 33
48 40 32
48 40 33
48 41 32
48 41 33
48 42 32
48 42 33
48 43 32
48 43 33
48 44 32
48 44 33
48 45 33
49 14 28
49 15 28
49 15 29
49 18 30
49 19 30
49 19 31
49 20 30
49 20 31
49 21 30
49 21 31
49 22 30
49 22 31
49 23 31
49 24 31
49 25 31
49 26 31
49 26 32
49 27 31
49 27 32
49 28 31
49 28 32
49 29 31
49 29 32
49 30 32
49 31 32
49 32 32
49 32 33
49 33 32
49 33 33
49 34 32
49 34 33
49 35 32
49 35 33
49 36 32
49 36 33
49 37 33
49 38 33
49 39 33
49 40 33
49 41 33
49 42 33
49 43 33
49 44 33
49 44 34
49 45 33
50 14 28
50 14 29
50 15 29
50 15 30
50 16 30
50 17 30
50 18 30
50 18 31
50 19 31
50 20 31
50 21 31
50 22 31
50 23 31
50 23 32
50 24 31
50 24 32
50 25 31
50 25 32
50 26 32
50 27 32
50 28 32
50 29 32
50 29 33
50 30 32
50 30 33
50 31 32
50 31 33
50 32 33
50 33 33
50 34 33
50 35 33
50 36 33
50 37 33
50 38 33
50 38 34
50 39 33
50 39 34
50 40 33
50 40 34
50 41 33
50 41 34
50 42 33
50 42 34
50 43 33
50 43 34
50 44 34
51 15 29
51 15 30
51 16 29
51 16 30
51 17 30
51 17 31
51 18 31
51 19 31
51 20 31
51 20 32
51 21 31
51 21 32
51 22 31
51 22 32
51 23 32
51 24 32
51 25 32
51 25 33
51 26 32
51 26 33
51 27 32
51 27 33
51 28 32
51 28 33
51 29 33
51 30 33
51 31 33
51 32 33
51 32 34
51 33 33
51 33 34
51 34 33
51 34 34
51 35 33
51 35 34
51 36 33
51 36 34
51 37 34
51 38 34
51 39 34
51 40 34
51 41 34
51 42 34
51 43 34
51 44 34
52 15 30
52 16 30
52 16 31
52 17 31
52 18 31
52 18 32
52 19 31
52 19 32
52 20 32
52 21 32
52 22 32
52 22 33
52 23 32
52 23 33
52 24 32
52 24 33
52 25 33
52 26 33
52 27 33
52 28 33
52 28 34
52 29 33
52 29 34
52 30 33
52 30 34
52 31 33
52 31 34
52 32 34
52 33 34
52 34 34
52 35 34
52 36 34
52 37 34
52 38 34
52 39 34
52 40 34
52 40 35
52 41 34
52 41 35
52 42 34
52 42 35
52 43 35
53 15 30
53 15 31
53 16 30
53 16 31
53 17 31
53 17 32
53 18 31
53 18 32
53 19 32
53 20 32
53 20 33
53 21 32
53 21 33
53 22 33
53 23 33
53 24 33
53 25 33
53 25 34
53 26 33
53 26 34
53 27 33
53 27 34
53 28 34
53 29 34
53 30 34
53 31 34
53 32 34
53 33 34
53 34 34
53 35 34
53 36 34
53 37 34
53 37 35
53 38 34
53 38 35
53 39 34
53 39 35
53 40 34
53 40 35
53 41 35
54 16 31
54 16 32
54 17 31
54 17 32
54 18 32
54 19 32
54 19 33
54 20 32
54 20 33
54 21 33
54 22 33
54 23 33
54 23 34
54 24 33
54 24 34
54 25 33
54 25 34
54 26 34
54 27 34
54 28 34
54 29 34
54 30 34
54 31 34
54 32 34
54 33 34
54 33 35
54 34 34
54 34 35
54 35 34
54 35 35
54 36 34
54 36 35
54 37 35
55 16 32
55 17 32
55 18 32
55 18 33
55 19 32
55 19 33
55 20 33
55 21 33
55 22 33
55 22 34
55 23 33
55 23 34
55 24 34
55 25 34
55 26 34
55 27 34
55 28 34
55 29 34
55 30 34
55 30 35
55 31 34
55 31 35
55 32 34
55 32 35
55 33 35
55 34 35
56 16 32
56 17 32
56 17 33
56 18 33
56 19 33
56 20 33
56 20 34
56 21 33
56 21 34
56 22 33
56 22 34
56 23 34
56 24 34
56 25 34
56 26 34
56 27 34
56 27 35
56 28 34
56 28 35
56 29 34
56 29 35
56 30 35
56 31 35
57 17 33
57 18 33
57 18 34
57 19 33
57 19 34
57 20 34
57 21 34
57 22 34
57 23 34
57 23 35
57 24 34
57 24 35
57 25 34
57 25 35
57 26 34
57 26 35
57 27 35
58 19 34
58 20 34
58 21 34
58 21 35
58 22 34
58 22 35
58 23 35
58 24 35
