3 32 27
4 31 27
4 32 27
4 32 28
5 23 1
5 24 0
5 24 1
5 31 27
5 32 27
5 32 28
6 23 1
6 24 1
6 31 27
6 31 28
6 32 27
6 32 28
7 23 1
7 24 1
7 31 27
7 31 28
7 32 28
8 23 1
8 24 1
8 24 2
8 31 28
8 32 28
9 9 35
9 10 34
9 10 35
9 23 1
9 24 1
9 24 2
9 30 28
9 31 28
9 31 29
10 9 35
10 10 34
10 10 35
10 11 34
10 11 35
10 22 1
10 22 2
10 23 1
10 23 2
10 28 18
10 28 19
10 28 20
10 29 21
10 29 22
10 29 23
10 29 24
10 30 23
10 30 24
10 30 25
10 30 26
10 30 27
10 30 28
10 31 27
10 31 28
10 31 29
11 2 8
11 10 34
11 11 34
11 11 35
11 12 34
11 12 35
11 22 2
11 23 1
11 23 2
11 25 8
11 25 9
11 25 10
11 26 11
11 26 12
11 26 13
11 26 14
11 26 15
11 27 14
11 27 15
11 27 16
11 27 17
11 27 18
11 28 17
11 28 18
11 28 19
11 28 20
11 28 21
11 29 21
11 29 22
11 30 28
11 31 28
11 31 29
12 1 8
12 2 8
12 2 9
12 3 8
12 3 9
12 11 34
12 12 34
12 12 35
12 22 2
12 23 1
12 23 2
12 23 3
12 23 4
12 23 5
12 23 6
12 24 4
12 24 5
12 24 6
12 24 7
12 24 8
12 24 9
12 25 7
12 25 8
12 25 9
12 25 10
12 25 11
12 26 11
12 26 12
12 30 28
12 30 29
12 31 28
12 31 29
13 2 8
13 3 8
13 3 9
13 12 34
13 13 34
13 13 35
13 22 2
13 23 2
13 30 28
13 30 29
13 31 29
14 2 8
14 3 8
14 4 8
14 12 34
14 13 34
14 13 35
14 14 34
14 14 35
14 22 2
14 23 2
14 23 3
14 29 29
14 30 29
15 3 8
15 4 8
15 5 8
15 12 28
15 12 29
15 12 30
15 13 30
15 13 31
15 13 32
15 13 33
15 13 34
15 14 32
15 14 33
15 14 34
15 22 2
15 22 3
15 29 29
15 30 29
15 30 30
16 4 8
16 5 8
16 9 18
16 9 19
16 9 20
16 10 20
16 10 21
16 10 22
16 10 23
16 11 23
16 11 24
16 11 25
16 11 26
16 11 27
16 12 26
16 12 27
16 12 28
16 12 29
16 12 30
16 13 29
16 13 30
16 13 31
16 13 32
16 13 33
16 13 34
16 14 32
16 14 33
16 14 34
16 15 34
16 21 2
16 22 2
16 22 3
16 29 29
16 30 29
16 30 30
17 4 8
17 5 7
17 5 8
17 6 7
17 6 8
17 6 9
17 6 10
17 6 11
17 7 10
17 7 11
17 7 12
17 7 13
17 7 14
17 8 13
17 8 14
17 8 15
17 8 16
17 8 17
17 8 18
17 9 16
17 9 17
17 9 18
17 9 19
17 9 20
17 10 20
17 10 21
17 10 22
17 10 23
17 10 24
17 11 24
17 14 34
17 15 34
17 16 34
17 21 2
17 21 3
17 22 2
17 22 3
17 29 29
17 30 29
17 30 30
18 5 7
18 5 8
18 6 7
18 6 8
18 6 9
18 6 10
18 6 11
18 7 8
18 7 10
18 7 11
18 7 12
18 7 13
18 7 14
18 15 34
18 16 33
18 16 34
18 21 3
18 22 2
18 22 3
18 29 29
18 29 30
18 30 30
19 6 7
19 6 8
19 7 7
19 7 8
19 16 33
19 16 34
19 17 33
19 17 34
19 21 3
19 22 3
19 22 4
19 29 29
19 29 30
20 6 7
20 7 7
20 7 8
20 8 7
20 8 8
20 16 33
20 16 34
20 17 33
20 17 34
20 18 33
20 18 34
20 21 3
20 22 3
20 22 4
20 28 30
20 29 30
21 7 7
21 8 7
21 8 8
21 9 7
21 9 8
21 17 33
21 18 33
21 18 34
21 20 3
21 21 3
21 21 4
21 28 30
21 29 30
21 29 31
22 8 7
22 9 7
22 9 8
22 18 33
22 19 33
22 19 34
22 20 3
22 21 3
22 21 4
22 28 30
22 29 30
22 29 31
23 8 7
23 9 7
23 9 8
23 10 7
23 10 8
23 18 33
23 19 33
23 20 3
23 20 4
23 21 3
23 21 4
23 28 30
23 29 30
23 29 31
24 9 7
24 10 7
24 10 8
24 11 7
24 19 33
24 20 4
24 20 33
24 20 34
24 21 3
24 21 4
24 27 31
24 28 30
24 28 31
25 10 7
25 11 7
25 20 4
25 20 33
25 21 4
25 21 5
25 21 33
25 21 34
25 27 31
25 28 30
25 28 31
25 40 13
25 40 14
25 40 16
25 40 27
25 41 17
25 41 18
25 41 19
25 41 26
25 41 27
25 42 19
25 42 20
25 42 21
25 42 22
25 42 25
25 42 26
26 10 7
26 11 7
26 12 7
26 20 4
26 20 5
26 20 33
26 21 33
26 22 33
26 27 31
26 28 31
26 36 3
26 36 28
26 37 3
26 37 4
26 37 5
26 37 6
26 37 28
26 38 7
26 38 8
26 38 9
26 38 10
26 38 27
26 38 28
26 39 10
26 39 11
26 39 12
26 39 13
26 39 27
26 40 13
26 40 14
26 40 15
26 40 16
26 41 17
26 41 18
26 41 19
26 41 20
26 42 21
26 42 22
27 11 7
27 12 6
27 12 7
27 13 7
27 19 4
27 20 4
27 20 5
27 21 33
27 22 33
27 26 32
27 27 31
27 27 32
27 28 31
27 28 32
27 33 1
27 33 29
27 34 1
27 34 29
27 35 1
27 35 2
27 35 28
27 35 29
27 36 2
27 36 3
27 36 4
27 36 28
27 37 3
27 37 4
27 37 5
27 37 6
27 37 7
27 38 7
27 38 8
27 38 9
27 38 10
27 39 11
27 39 12
27 39 13
27 39 14
27 40 14
27 40 15
27 40 16
27 40 17
27 41 18
27 41 19
27 41 20
27 42 21
28 12 6
28 12 7
28 13 6
28 13 7
28 19 4
28 20 4
28 20 5
28 22 33
28 23 32
28 23 33
28 25 33
28 26 32
28 26 33
28 27 31
28 27 32
28 27 33
28 28 31
28 28 32
28 29 30
28 30 2
28 30 30
28 31 2
28 31 30
28 32 1
28 32 2
28 32 29
28 32 30
28 33 1
28 33 2
28 33 29
28 34 1
28 34 2
28 35 2
28 36 2
28 36 3
28 36 4
28 37 4
28 37 5
28 37 6
28 37 7
28 38 8
28 38 9
28 38 10
28 39 11
29 12 7
29 13 6
29 13 7
29 14 6
29 14 7
29 19 4
29 19 5
29 20 4
29 20 5
29 22 33
29 23 32
29 23 33
29 24 33
29 25 33
29 26 3
29 26 33
29 27 3
29 27 31
29 27 33
29 28 3
29 28 31
29 28 32
29 29 2
29 29 3
29 29 30
29 29 31
29 30 2
29 30 3
29 30 30
29 31 2
29 31 3
29 32 2
29 32 3
29 33 2
29 34 2
29 35 2
30 13 6
30 14 6
30 14 7
30 15 7
30 18 5
30 19 4
30 19 5
30 20 4
30 20 5
30 23 4
30 23 32
30 23 33
30 24 4
30 24 32
30 24 33
30 24 34
30 25 4
30 25 32
30 25 33
30 26 3
30 26 4
30 26 31
30 26 32
30 27 3
30 27 4
30 28 3
30 28 4
30 29 3
30 29 4
30 30 3
30 31 3
30 32 3
31 14 6
31 15 6
31 15 7
31 17 5
31 18 4
31 18 5
31 19 4
31 19 5
31 19 28
31 20 5
31 20 6
31 20 28
31 20 30
31 20 31
31 21 5
31 21 31
31 21 32
31 22 5
31 22 32
31 23 4
31 23 5
31 23 32
31 24 4
31 24 5
31 25 4
31 25 5
31 26 4
31 26 5
31 27 4
31 28 4
31 29 4
32 14 6
32 15 6
32 15 7
32 16 6
32 16 7
32 17 5
32 18 4
32 18 5
32 18 6
32 19 4
32 19 5
32 19 6
32 19 27
32 20 6
32 21 5
32 21 6
32 22 5
32 22 6
32 23 5
32 23 6
32 24 5
32 25 5
32 25 32
32 26 32
32 26 33
32 27 32
33 14 9
33 15 6
33 15 8
33 15 9
33 16 5
33 16 6
33 16 7
33 17 5
33 17 7
33 18 5
33 18 7
33 19 5
33 19 6
33 19 7
33 20 6
33 20 7
33 21 6
33 22 6
33 25 32
33 26 32
33 26 33
33 27 32
33 27 33
34 15 5
34 15 6
34 15 8
34 15 9
34 16 5
34 16 6
34 17 5
34 17 6
34 17 7
34 17 8
34 18 5
34 18 7
34 19 5
34 19 6
34 26 32
34 26 33
35 16 5
35 16 6
35 17 6
35 18 5
35 18 6
35 19 5
35 19 6
35 25 32
35 26 32
35 26 33
36 17 6
36 18 5
36 18 6
36 25 32
36 25 33
36 26 32
36 26 33
37 17 6
37 18 6
37 25 33
37 26 32
37 26 33
38 17 6
38 18 6
38 18 7
38 25 33
38 26 33
39 17 6
39 18 6
39 18 7
39 25 33
39 26 33
40 17 6
40 18 6
40 18 7
40 24 33
40 25 33
40 25 34
41 17 6
41 17 7
41 18 7
41 24 33
41 25 33
41 25 34
42 16 7
42 17 6
42 17 7
42 24 33
42 24 34
42 25 33
42 25 34
43 16 7
43 17 7
43 17 8
43 24 33
43 24 34
43 25 33
43 25 34
44 16 7
44 17 7
44 17 8
44 24 34
44 25 34
45 16 7
45 17 7
45 17 8
45 24 34
45 24 35
46 16 7
46 17 7
46 17 8
46 23 34
46 24 34
46 24 35
47 15 8
47 16 7
47 16 8
47 17 8
47 23 34
47 24 34
47 24 35
48 15 8
48 16 7
48 16 8
48 22 31
48 22 32
48 23 32
48 23 33
48 23 34
48 23 35
48 24 34
48 24 35
49 15 8
49 16 8
49 16 9
49 19 21
49 19 22
49 19 23
49 19 24
49 20 24
49 20 25
49 20 26
49 20 27
49 21 27
49 21 28
49 21 29
49 21 30
49 22 30
49 22 31
49 22 32
49 23 33
49 23 34
49 23 35
49 24 34
49 24 35
50 15 8
50 16 8
50 16 9
50 16 13
50 16 14
50 16 15
50 17 15
50 17 16
50 17 17
50 17 18
50 18 18
50 18 19
50 18 20
50 18 21
50 19 21
50 19 22
50 19 23
50 19 24
50 20 24
50 20 25
50 20 26
50 20 27
50 20 28
50 21 28
50 21 29
50 21 30
50 22 30
50 22 31
50 22 32
50 22 33
50 23 33
50 23 34
50 23 35
50 24 35
51 15 8
51 16 8
51 16 9
51 16 13
51 16 14
51 16 15
51 17 15
51 17 16
51 17 17
51 17 18
51 17 19
51 18 19
51 18 20
51 18 21
51 18 22
51 19 22
51 19 23
51 19 24
51 19 25
51 20 25
51 20 26
51 20 27
51 20 28
51 21 28
51 21 29
51 21 30
51 21 31
51 22 31
51 22 32
51 22 33
51 22 34
51 23 34
51 23 35
51 23 36
52 15 8
52 15 9
52 15 13
52 16 9
52 16 13
52 16 14
52 16 15
52 16 16
52 17 16
52 17 17
52 17 18
52 17 19
52 18 19
52 18 20
52 18 21
52 18 22
52 18 23
52 19 23
52 19 24
52 19 25
52 19 26
52 20 26
52 20 27
52 20 28
52 20 29
52 21 29
52 21 30
52 21 31
52 22 32
52 22 33
52 22 34
52 23 34
52 23 35
52 23 36
53 14 9
53 15 8
53 15 9
53 15 12
53 15 13
53 16 14
53 16 15
53 16 16
53 16 17
53 17 17
53 17 18
53 17 19
53 17 20
53 18 20
53 18 21
53 18 22
53 18 23
53 18 24
53 19 23
53 19 24
53 19 25
53 19 26
53 19 27
53 20 27
53 20 28
53 20 29
53 20 30
53 21 30
53 21 31
53 21 32
53 22 32
53 22 33
53 22 34
53 22 35
53 23 35
53 23 36
54 14 9
54 15 8
54 15 9
54 15 11
54 15 12
54 15 13
54 15 14
54 16 14
54 16 15
54 16 16
54 16 17
54 16 18
54 17 18
54 17 19
54 17 20
54 17 21
54 18 21
54 18 22
54 18 23
54 18 24
54 19 24
54 19 25
54 19 26
54 19 27
54 20 27
54 20 28
54 20 29
54 20 30
54 21 30
54 21 31
54 21 32
54 22 32
54 22 33
54 22 34
54 22 35
54 23 35
54 23 36
55 14 9
55 15 9
55 15 10
55 15 11
55 15 12
55 15 13
55 15 14
55 16 14
55 16 15
55 16 16
55 16 17
55 16 18
55 16 19
55 17 18
55 17 19
55 17 20
55 17 21
55 17 22
55 18 22
55 18 23
55 18 24
55 18 25
55 19 25
55 19 26
55 19 27
55 19 28
55 20 28
55 20 29
55 20 30
55 21 31
55 21 32
55 21 33
55 22 33
55 22 34
55 22 35
55 22 36
56 14 9
56 15 9
56 15 10
56 15 11
56 15 12
56 15 13
56 15 14
56 16 14
56 16 15
56 16 16
56 16 17
56 16 18
56 16 19
56 17 19
56 17 20
56 17 21
56 17 22
56 18 23
56 18 24
56 18 25
56 19 25
56 19 26
56 19 27
56 19 28
56 20 28
56 20 29
56 20 30
56 20 31
56 21 31
56 21 32
56 21 33
56 22 33
56 22 34
56 22 35
56 22 36
57 14 9
57 14 10
57 15 10
57 15 11
57 15 12
57 15 13
57 15 14
57 16 15
57 16 16
57 16 17
57 16 18
57 16 19
57 17 19
57 17 20
57 17 21
57 17 22
57 18 22
57 18 23
57 18 24
57 18 25
57 19 25
57 19 26
57 19 27
57 19 28
57 20 28
57 20 29
57 20 30
57 20 31
57 21 31
57 21 32
57 21 33
57 21 34
57 22 34
57 22 35
58 14 10
58 14 11
58 15 10
58 15 11
58 15 12
58 15 13
58 15 14
58 15 15
58 16 15
58 16 16
58 16 17
58 16 18
58 17 18
58 17 19
58 17 20
58 17 21
58 18 21
58 18 22
58 18 23
58 18 24
58 19 24
58 19 25
58 19 26
58 19 27
58 19 28
58 20 28
58 20 29
58 20 30
58 20 31
58 21 31
58 21 32
58 21 33
58 21 34
59 14 10
59 14 11
59 14 12
59 15 11
59 15 12
59 15 13
59 15 14
59 15 15
59 16 15
59 16 16
59 16 17
59 16 18
59 17 18
59 17 19
59 17 20
59 17 21
59 17 22
59 18 22
59 18 23
59 18 24
59 18 25
59 19 25
59 19 26
59 19 27
59 19 28
59 20 28
60 14 12
60 14 13
60 15 12
60 15 13
60 15 14
60 15 15
60 16 16
60 16 17
60 16 18
