2 43 8
2 44 8
3 42 8
3 43 7
3 43 8
3 44 8
4 41 8
4 42 7
4 42 8
4 43 7
4 43 8
5 40 7
5 41 7
5 41 8
5 42 7
5 42 8
6 39 7
6 40 7
6 41 7
6 41 8
7 39 7
7 40 7
7 40 8
8 38 7
8 39 7
8 39 8
8 39 9
8 39 10
8 39 11
8 40 8
8 40 9
8 40 10
8 40 11
8 48 32
9 37 7
9 38 7
9 38 8
9 39 7
9 39 8
9 39 9
9 39 10
9 39 11
9 39 12
9 40 10
9 40 11
9 40 12
9 40 13
9 40 14
9 41 14
9 41 15
9 47 32
9 48 32
9 48 33
10 36 7
10 37 7
10 38 7
10 38 8
10 40 14
10 40 15
10 40 16
10 40 17
10 41 14
10 41 15
10 41 16
10 41 17
10 41 18
10 42 19
10 46 32
10 47 32
10 48 32
10 48 33
11 35 7
11 36 7
11 37 7
11 41 18
11 41 19
11 41 20
11 41 21
11 41 22
11 41 23
11 42 19
11 42 20
11 42 21
11 42 22
11 42 23
11 45 32
11 46 32
11 47 32
11 47 33
12 34 7
12 35 7
12 36 7
12 42 22
12 42 23
12 42 24
12 42 25
12 42 26
12 43 24
12 43 25
12 43 26
12 43 27
12 44 32
12 45 32
12 46 32
12 46 33
13 33 7
13 34 6
13 34 7
13 35 6
13 35 7
13 42 26
13 42 27
13 42 28
13 43 26
13 43 27
13 43 28
13 43 29
13 43 30
13 44 30
13 44 31
13 44 32
13 45 32
14 32 6
14 33 6
14 33 7
14 34 6
14 34 7
14 43 30
14 43 31
14 43 32
14 44 31
14 44 32
15 31 6
15 32 6
15 32 7
15 33 6
15 33 7
15 42 31
15 42 32
15 43 31
15 43 32
16 31 6
16 32 6
16 32 7
16 41 31
16 41 32
16 42 31
16 42 32
16 43 32
17 30 6
17 31 6
17 31 7
17 32 7
17 40 31
17 41 31
17 41 32
17 42 32
18 29 6
18 30 6
18 30 7
18 31 6
18 31 7
18 39 31
18 40 31
18 40 32
18 41 31
18 41 32
19 27 8
19 27 9
19 28 6
19 29 6
19 29 7
19 30 6
19 30 7
19 38 31
19 39 31
19 39 32
19 40 31
19 40 32
19 51 1
19 52 1
19 53 1
19 54 1
19 55 1
19 56 1
19 57 1
20 26 5
20 26 8
20 26 9
20 27 6
20 27 7
20 27 8
20 28 6
20 29 6
20 37 31
20 38 31
20 38 32
20 39 31
20 44 2
20 44 3
20 45 2
20 46 2
20 47 2
20 48 2
20 49 2
20 50 1
20 50 2
20 51 1
20 51 2
20 52 1
20 52 2
20 53 1
20 53 2
20 54 1
20 54 2
20 55 1
20 56 1
21 26 5
21 26 6
21 27 5
21 27 6
21 28 5
21 28 6
21 29 4
21 29 5
21 30 4
21 36 4
21 37 4
21 38 3
21 38 4
21 39 3
21 40 3
21 41 3
21 42 3
21 43 2
21 43 3
21 44 2
21 44 3
21 45 2
21 45 3
21 46 2
21 46 3
21 47 2
21 47 3
21 48 2
21 49 2
21 49 3
21 49 4
21 49 5
21 50 3
21 50 4
21 50 5
21 50 6
21 50 7
22 25 6
22 26 5
22 26 6
22 27 5
22 27 6
22 27 7
22 28 4
22 28 5
22 28 6
22 28 7
22 29 4
22 29 5
22 29 6
22 30 4
22 31 4
22 31 5
22 32 4
22 33 4
22 34 4
22 35 4
22 35 5
22 35 31
22 36 4
22 36 31
22 37 3
22 37 4
22 37 31
22 38 3
22 38 4
22 39 3
22 39 4
22 40 3
22 40 4
22 41 3
22 41 4
22 50 7
22 50 8
22 50 9
22 50 10
22 51 7
22 51 8
22 51 9
22 51 10
23 21 6
23 22 6
23 23 6
23 24 5
23 24 6
23 25 5
23 25 6
23 26 5
23 26 6
23 27 5
23 27 6
23 28 5
23 28 6
23 28 7
23 29 5
23 29 6
23 30 4
23 30 5
23 30 6
23 30 26
23 30 27
23 31 4
23 31 5
23 32 4
23 32 5
23 33 4
23 33 5
23 34 5
23 34 31
23 35 31
23 36 31
23 51 11
23 51 12
23 51 13
23 51 14
23 51 15
23 51 16
23 52 13
23 52 14
24 14 7
24 15 7
24 16 7
24 17 6
24 17 7
24 18 6
24 18 7
24 19 6
24 19 7
24 20 6
24 20 7
24 21 6
24 21 7
24 22 6
24 22 7
24 23 6
24 24 5
24 24 6
24 25 5
24 25 6
24 26 6
24 28 6
24 28 7
24 29 6
24 30 5
24 30 6
24 30 28
24 30 29
24 31 5
24 31 29
24 31 30
24 33 31
24 34 30
24 34 31
24 35 31
24 51 15
24 52 15
24 52 16
24 52 17
24 52 18
24 53 18
25 6 8
25 7 8
25 8 8
25 9 8
25 10 8
25 11 7
25 11 8
25 12 7
25 12 8
25 13 7
25 13 8
25 14 7
25 14 8
25 15 7
25 15 8
25 16 7
25 17 6
25 17 7
25 18 7
25 19 7
25 29 6
25 30 5
25 30 6
25 31 4
25 31 5
25 31 30
25 32 4
25 32 30
25 33 30
25 33 31
25 34 30
25 34 31
25 52 19
25 52 20
25 53 19
25 53 20
25 53 21
25 53 22
25 56 26
25 57 26
25 58 26
25 59 25
25 59 26
25 60 25
25 61 25
26 2 10
26 2 11
26 3 9
26 3 10
26 4 9
26 4 10
26 5 8
26 5 9
26 5 10
26 5 11
26 6 8
26 6 9
26 6 10
26 6 11
26 6 12
26 7 8
26 7 9
26 7 11
26 7 12
26 7 13
26 7 14
26 8 8
26 8 9
26 8 11
26 8 12
26 8 13
26 8 14
26 9 8
26 9 9
26 9 12
26 9 13
26 9 14
26 9 15
26 10 8
26 10 12
26 10 13
26 10 14
26 10 15
26 11 8
26 11 12
26 11 13
26 11 14
26 11 15
26 12 15
26 30 5
26 30 6
26 31 5
26 32 4
26 32 30
26 33 30
26 33 31
26 49 27
26 50 27
26 51 27
26 52 26
26 52 27
26 53 23
26 53 24
26 53 25
26 53 26
26 53 27
26 54 23
26 54 24
26 54 25
26 54 26
26 54 27
26 55 26
26 55 27
26 56 26
26 56 27
26 57 26
26 58 26
26 59 25
26 59 26
26 60 25
26 60 26
26 61 26
27 1 12
27 2 10
27 2 11
27 2 12
27 2 13
27 3 10
27 3 11
27 3 12
27 3 13
27 3 14
27 4 10
27 4 11
27 4 12
27 4 13
27 4 14
27 4 15
27 5 11
27 5 12
27 5 13
27 5 14
27 5 15
27 5 16
27 5 17
27 6 12
27 6 13
27 6 14
27 6 15
27 6 16
27 6 17
27 6 18
27 7 14
27 7 15
27 7 16
27 7 17
27 7 18
27 8 15
27 8 16
27 8 17
27 8 18
27 9 15
27 9 16
27 9 17
27 9 18
27 9 19
27 10 15
27 10 16
27 10 17
27 10 18
27 10 19
27 11 16
27 11 17
27 11 18
27 11 19
27 12 16
27 12 17
27 12 18
27 12 19
27 30 5
27 31 5
27 32 4
27 32 5
27 33 3
27 33 4
27 33 30
27 33 31
27 34 31
27 35 31
27 40 28
27 41 28
27 42 28
27 43 28
27 44 28
27 45 28
27 46 27
27 46 28
27 47 27
27 47 28
27 48 27
27 48 28
27 49 27
27 49 28
27 50 27
27 51 27
27 52 27
27 53 27
28 1 13
28 1 14
28 2 13
28 2 14
28 2 15
28 2 16
28 3 13
28 3 14
28 3 15
28 3 16
28 3 17
28 4 15
28 4 16
28 4 17
28 4 18
28 4 19
28 5 16
28 5 17
28 5 18
28 5 19
28 5 20
28 6 18
28 6 19
28 6 20
28 6 21
28 7 18
28 7 19
28 7 20
28 7 21
28 8 18
28 8 19
28 8 20
28 8 21
28 8 22
28 9 19
28 9 20
28 9 21
28 9 22
28 10 19
28 10 20
28 10 21
28 10 22
28 11 19
28 11 20
28 11 21
28 11 22
28 12 19
28 12 20
28 12 21
28 12 22
28 13 20
28 13 21
28 13 22
28 13 23
28 30 30
28 31 5
28 31 30
28 32 4
28 32 5
28 33 3
28 33 4
28 33 30
28 33 31
28 34 3
28 34 29
28 34 30
28 34 31
28 35 29
28 35 30
28 35 31
28 36 29
28 36 30
28 37 29
28 38 29
28 39 28
28 39 29
28 40 28
28 40 29
28 41 28
28 41 29
28 42 28
28 42 29
28 43 28
28 43 29
28 44 28
28 45 28
29 2 17
29 2 18
29 3 17
29 3 18
29 3 19
29 3 20
29 3 21
29 4 18
29 4 19
29 4 20
29 4 21
29 5 19
29 5 20
29 5 21
29 5 22
29 5 23
29 6 21
29 6 22
29 6 23
29 6 24
29 7 22
29 7 23
29 7 24
29 8 22
29 8 23
29 8 24
29 8 25
29 9 22
29 9 23
29 9 24
29 9 25
29 10 22
29 10 23
29 10 24
29 10 25
29 10 26
29 11 22
29 11 23
29 11 24
29 11 25
29 11 26
29 12 23
29 12 24
29 12 25
29 12 26
29 13 23
29 13 24
29 13 25
29 13 26
29 13 27
29 14 25
29 14 26
29 14 27
29 25 31
29 26 31
29 27 30
29 27 31
29 28 30
29 29 30
29 30 30
29 31 30
29 31 31
29 32 4
29 32 30
29 33 3
29 33 4
29 34 3
29 34 29
29 35 3
29 35 29
29 35 30
29 36 29
29 36 30
29 37 29
29 38 29
30 3 21
30 3 22
30 3 23
30 3 24
30 4 21
30 4 22
30 4 23
30 4 24
30 4 25
30 5 22
30 5 23
30 5 24
30 5 25
30 5 26
30 6 24
30 6 25
30 6 26
30 6 27
30 7 25
30 7 26
30 7 27
30 7 28
30 8 25
30 8 26
30 8 27
30 8 28
30 9 26
30 9 27
30 9 28
30 9 29
30 10 26
30 10 27
30 10 28
30 10 29
30 11 26
30 11 27
30 11 28
30 11 29
30 12 27
30 12 28
30 12 29
30 13 27
30 13 28
30 13 29
30 13 30
30 14 27
30 14 28
30 14 29
30 14 30
30 15 30
30 19 32
30 20 31
30 20 32
30 21 31
30 22 31
30 23 31
30 23 32
30 24 31
30 25 31
30 26 30
30 26 31
30 27 30
30 27 31
30 28 30
30 28 31
30 29 30
30 29 31
30 30 30
30 30 31
30 33 3
30 33 4
30 34 3
30 35 2
30 35 3
30 35 29
30 36 28
31 4 25
31 4 26
31 4 27
31 4 28
31 4 29
31 5 26
31 5 27
31 5 28
31 5 29
31 6 26
31 6 27
31 6 28
31 6 29
31 6 30
31 7 28
31 7 29
31 7 30
31 8 28
31 8 29
31 8 30
31 8 31
31 9 29
31 9 30
31 9 31
31 10 29
31 10 30
31 10 31
31 10 32
31 11 29
31 11 30
31 11 31
31 11 32
31 12 30
31 12 31
31 12 32
31 13 30
31 13 31
31 13 32
31 14 30
31 14 31
31 14 32
31 15 30
31 15 31
31 15 32
31 16 32
31 17 32
31 17 33
31 18 32
31 19 31
31 19 32
31 20 31
31 20 32
31 21 31
31 21 32
31 22 32
31 34 3
31 35 2
31 35 3
31 36 2
31 36 28
32 5 30
32 5 31
32 5 32
32 6 30
32 6 31
32 6 32
32 7 30
32 7 31
32 7 32
32 8 31
32 8 32
32 8 33
32 9 31
32 9 32
32 9 33
32 10 32
32 10 33
32 10 34
32 11 32
32 11 33
32 12 32
32 12 33
32 13 32
32 13 33
32 14 32
32 14 33
32 15 32
32 15 33
32 34 3
32 35 2
32 35 3
32 36 2
32 36 28
32 37 1
32 37 2
32 37 28
33 35 2
33 35 3
33 36 2
33 37 1
33 37 2
33 37 27
33 37 28
33 38 1
33 38 27
34 36 2
34 37 1
34 37 2
34 38 1
34 38 2
34 38 27
34 39 1
34 39 27
35 37 2
35 38 2
35 39 1
35 39 2
35 39 26
35 39 27
36 37 2
36 37 3
36 38 2
36 38 3
36 38 4
36 39 3
36 39 4
36 39 5
36 40 3
36 40 4
36 40 5
36 40 6
36 40 26
37 38 5
37 38 6
37 38 7
37 39 6
37 39 7
37 39 8
37 39 9
37 39 10
37 40 6
37 40 7
37 40 8
37 40 9
37 40 10
37 40 26
37 41 8
37 41 9
37 41 10
37 41 25
37 41 26
38 39 10
38 39 11
38 39 12
38 40 10
38 40 11
38 40 12
38 40 13
38 40 14
38 41 11
38 41 12
38 41 13
38 41 14
38 41 25
38 42 14
38 42 25
39 40 15
39 40 16
39 41 14
39 41 15
39 41 16
39 41 17
39 41 18
39 42 15
39 42 16
39 42 17
39 42 18
39 42 24
39 42 25
40 41 18
40 41 19
40 41 20
40 41 21
40 42 19
40 42 20
40 42 21
40 43 20
40 43 23
40 43 24
