2 16 34
2 17 33
2 17 34
2 18 33
2 19 33
3 14 34
3 14 35
3 15 34
3 15 35
3 16 34
3 17 33
3 17 34
3 18 33
3 19 32
3 19 33
3 20 32
3 21 32
4 13 35
4 14 34
4 14 35
4 15 34
4 16 33
4 16 34
4 17 33
4 18 33
4 19 32
4 19 33
4 20 31
4 20 32
4 21 31
4 21 32
4 22 31
5 12 35
5 13 34
5 13 35
5 14 34
5 15 34
5 16 33
5 16 34
5 17 33
5 18 32
5 18 33
5 19 32
5 20 32
5 21 31
5 21 32
5 22 30
5 22 31
5 23 30
6 12 34
6 12 35
6 13 34
6 14 34
6 15 33
6 15 34
6 16 33
6 16 34
6 17 33
6 18 32
6 18 33
6 19 32
6 20 31
6 20 32
6 21 31
6 22 30
6 22 31
6 23 29
6 23 30
6 24 29
6 24 30
6 25 29
7 11 34
7 11 35
7 12 34
7 12 35
7 13 34
7 14 34
7 15 33
7 15 34
7 16 33
7 17 33
7 18 32
7 18 33
7 19 32
7 20 31
7 20 32
7 21 31
7 22 30
7 22 31
7 23 30
7 24 29
7 25 28
7 25 29
7 26 28
8 10 35
8 11 34
8 11 35
8 12 34
8 13 34
8 14 34
8 15 33
8 15 34
8 16 33
8 17 33
8 18 32
8 18 33
8 19 32
8 20 31
8 20 32
8 21 31
8 22 30
8 22 31
8 23 30
8 25 28
8 26 27
8 26 28
8 27 27
8 27 28
8 28 27
9 9 35
9 10 34
9 10 35
9 11 34
9 12 34
9 13 34
9 14 33
9 14 34
9 15 33
9 16 33
9 17 32
9 17 33
9 18 32
9 19 31
9 19 32
9 20 31
9 20 32
9 21 31
9 22 30
9 22 31
9 27 27
9 27 28
9 28 26
9 28 27
9 29 26
9 30 26
10 8 35
10 9 34
10 9 35
10 10 34
10 10 35
10 11 34
10 12 34
10 13 34
10 14 33
10 14 34
10 15 33
10 16 32
10 16 33
10 17 32
10 17 33
10 18 31
10 18 32
10 19 31
10 19 32
10 20 31
10 21 30
10 21 31
10 22 30
10 28 26
10 28 27
10 29 25
10 29 26
10 30 25
10 30 26
10 31 25
11 8 34
11 8 35
11 9 34
11 9 35
11 10 34
11 11 34
11 12 34
11 13 33
11 13 34
11 14 33
11 15 32
11 15 33
11 16 32
11 16 33
11 17 31
11 17 32
11 18 31
11 18 32
11 19 31
11 20 30
11 20 31
11 21 30
11 30 25
11 30 26
11 31 24
11 31 25
11 32 24
12 7 35
12 8 34
12 8 35
12 9 34
12 10 34
12 11 34
12 12 33
12 12 34
12 13 33
12 14 32
12 14 33
12 15 32
12 15 33
12 16 32
12 17 31
12 17 32
12 18 31
12 19 30
12 19 31
12 20 30
12 31 24
12 31 25
12 32 23
12 32 24
12 33 23
12 33 24
12 34 23
13 6 35
13 7 34
13 7 35
13 8 34
13 9 34
13 10 34
13 11 33
13 11 34
13 12 33
13 12 34
13 13 32
13 13 33
13 14 32
13 14 33
13 15 32
13 16 31
13 16 32
13 17 31
13 18 30
13 18 31
13 19 30
13 33 23
13 34 22
13 34 23
13 35 21
13 35 22
14 5 35
14 6 34
14 6 35
14 7 34
14 8 34
14 9 34
14 10 33
14 10 34
14 11 33
14 11 34
14 12 33
14 13 32
14 13 33
14 14 32
14 15 31
14 15 32
14 16 31
14 17 30
14 17 31
14 18 30
14 18 31
14 34 22
14 34 23
14 35 21
14 35 22
14 36 21
14 37 21
15 5 34
15 5 35
15 6 34
15 7 34
15 8 34
15 9 34
15 10 33
15 10 34
15 11 33
15 12 32
15 12 33
15 13 32
15 14 31
15 14 32
15 15 31
15 16 30
15 16 31
15 17 30
15 17 31
15 18 30
15 36 21
15 36 22
15 37 20
15 37 21
15 37 22
15 37 23
16 4 34
16 4 35
16 5 34
16 5 35
16 6 34
16 7 34
16 8 34
16 9 33
16 9 34
16 10 33
16 11 32
16 11 33
16 12 32
16 12 33
16 13 31
16 13 32
16 14 31
16 14 32
16 15 31
16 16 30
16 16 31
16 17 30
16 40 18
16 40 19
16 40 20
16 40 21
16 41 18
17 3 35
17 4 34
17 4 35
17 5 34
17 6 34
17 7 34
17 8 33
17 8 34
17 9 33
17 10 32
17 10 33
17 11 32
17 11 33
17 12 31
17 12 32
17 13 31
17 13 32
17 14 31
17 15 30
17 15 31
17 16 30
17 36 2
17 37 2
17 37 3
17 38 2
17 38 3
17 38 4
17 39 2
17 39 3
17 39 4
17 39 18
17 39 19
17 39 21
17 39 22
17 39 23
17 39 24
17 40 18
17 40 19
17 40 23
17 41 18
17 41 19
17 41 23
18 2 35
18 3 34
18 3 35
18 4 34
18 5 34
18 6 33
18 6 34
18 7 33
18 7 34
18 8 33
18 9 32
18 9 33
18 10 32
18 10 33
18 11 31
18 11 32
18 12 31
18 12 32
18 13 31
18 14 30
18 14 31
18 15 30
18 35 1
18 36 1
18 36 2
18 37 1
18 37 2
18 38 1
18 38 2
18 38 25
18 39 2
18 39 24
18 40 18
18 40 19
18 40 23
18 41 17
18 41 18
18 41 23
18 41 24
18 42 17
18 42 23
18 43 16
18 43 17
18 43 23
19 2 34
19 2 35
19 3 34
19 4 34
19 5 33
19 5 34
19 6 33
19 6 34
19 7 33
19 8 32
19 8 33
19 9 32
19 9 33
19 10 32
19 11 31
19 11 32
19 12 31
19 13 30
19 13 31
19 14 30
19 14 31
19 35 1
19 36 0
19 36 1
19 37 0
19 37 1
19 37 26
19 38 1
19 38 25
19 38 26
19 41 24
19 42 16
19 42 17
19 42 18
19 42 23
19 42 24
19 43 16
19 43 17
19 43 23
19 43 24
19 44 16
19 44 24
20 1 34
20 1 35
20 2 34
20 2 35
20 3 34
20 4 33
20 4 34
20 5 33
20 5 34
20 6 33
20 7 32
20 7 33
20 8 32
20 8 33
20 9 32
20 10 31
20 10 32
20 11 31
20 12 30
20 12 31
20 13 30
20 13 31
20 14 30
20 34 1
20 35 1
20 36 0
20 36 1
20 36 26
20 37 0
20 37 26
20 43 16
20 43 17
20 43 24
20 44 15
20 44 16
20 44 24
20 44 25
20 45 15
20 45 24
20 46 14
20 46 15
20 46 24
21 1 34
21 2 34
21 3 33
21 3 34
21 4 33
21 4 34
21 5 33
21 6 32
21 6 33
21 7 32
21 7 33
21 8 32
21 9 31
21 9 32
21 10 31
21 11 30
21 11 31
21 12 30
21 12 31
21 13 30
21 33 1
21 34 1
21 35 0
21 35 1
21 35 26
21 36 0
21 36 26
21 45 14
21 45 15
21 45 24
21 45 25
21 46 14
21 46 15
21 46 24
21 46 25
21 47 13
21 47 14
21 47 25
22 1 34
22 2 33
22 2 34
22 3 33
22 3 34
22 4 33
22 5 32
22 5 33
22 6 32
22 6 33
22 7 32
22 8 31
22 8 32
22 9 31
22 9 32
22 10 30
22 10 31
22 11 30
22 11 31
22 12 30
22 32 1
22 33 1
22 34 0
22 34 1
22 35 0
22 35 1
22 35 26
22 46 14
22 46 25
22 46 26
22 47 13
22 47 14
22 47 25
22 47 26
22 48 13
22 48 25
22 49 13
22 49 25
23 1 33
23 1 34
23 2 33
23 2 34
23 3 33
23 4 32
23 4 33
23 5 32
23 6 32
23 7 31
23 7 32
23 8 31
23 8 32
23 9 31
23 10 30
23 10 31
23 11 30
23 32 1
23 33 0
23 33 1
23 34 0
23 34 1
23 34 26
23 35 0
23 35 26
23 47 25
23 48 12
23 48 13
23 48 25
23 48 26
23 49 12
23 49 25
23 49 26
23 50 11
23 50 12
23 50 26
24 1 33
24 2 33
24 3 32
24 3 33
24 4 32
24 5 31
24 5 32
24 6 31
24 6 32
24 7 31
24 8 30
24 8 31
24 9 30
24 9 31
24 10 30
24 11 30
24 31 1
24 32 1
24 33 0
24 33 1
24 33 26
24 34 0
24 34 26
24 49 12
24 49 13
24 49 26
24 50 11
24 50 12
24 50 26
24 50 27
24 51 10
24 51 11
24 51 26
24 52 10
24 52 26
25 2 32
25 2 33
25 3 32
25 4 31
25 4 32
25 5 31
25 5 32
25 6 31
25 7 30
25 7 31
25 8 30
25 8 31
25 9 30
25 10 30
25 30 1
25 31 1
25 32 0
25 32 1
25 32 26
25 33 0
25 33 26
25 50 12
25 50 26
25 51 10
25 51 11
25 51 26
25 51 27
25 52 10
25 52 11
25 52 26
25 52 27
25 53 9
25 53 10
25 53 27
26 3 31
26 3 32
26 4 31
26 4 32
26 5 30
26 5 31
26 6 30
26 6 31
26 7 30
26 7 31
26 8 30
26 9 30
26 29 1
26 30 1
26 31 0
26 31 1
26 32 0
26 32 1
26 32 26
26 52 10
26 52 11
26 52 27
26 53 9
26 53 10
26 53 27
26 53 28
26 54 8
26 54 9
26 54 27
26 55 8
26 55 27
27 4 31
27 5 30
27 5 31
27 6 30
27 7 29
27 7 30
27 8 29
27 8 30
27 29 1
27 30 0
27 30 1
27 31 0
27 31 1
27 31 26
27 32 26
27 53 9
27 54 8
27 54 9
27 54 27
27 54 28
27 55 8
27 55 27
27 55 28
27 56 7
27 56 8
27 56 28
28 6 29
28 6 30
28 7 29
28 7 30
28 8 29
28 8 30
28 28 1
28 29 1
28 30 0
28 30 1
28 30 26
28 31 0
28 31 26
28 53 27
28 53 28
28 54 8
28 54 27
28 54 28
28 55 7
28 55 8
28 55 27
28 55 28
28 56 7
28 56 8
28 56 28
28 56 29
28 57 6
28 57 7
28 57 28
28 58 6
29 7 29
29 8 28
29 8 29
29 9 28
29 9 29
29 10 27
29 10 28
29 27 1
29 28 1
29 29 0
29 29 1
29 29 26
29 30 0
29 30 26
29 52 28
29 53 8
29 53 27
29 53 28
29 54 8
29 54 27
29 54 28
29 55 8
29 56 7
29 56 28
29 57 6
29 57 7
29 57 28
29 57 29
29 58 6
29 58 28
29 58 29
29 59 5
29 59 6
30 9 27
30 9 28
30 10 27
30 10 28
30 11 26
30 11 27
30 26 1
30 27 1
30 28 0
30 28 1
30 28 26
30 29 0
30 29 1
30 29 26
30 52 8
30 52 27
30 52 28
30 53 8
30 53 27
30 53 28
30 54 8
30 58 5
30 58 6
30 58 7
30 59 5
30 59 6
30 59 29
30 60 4
30 60 5
30 60 29
30 61 4
30 61 29
31 10 27
31 11 26
31 11 27
31 12 25
31 12 26
31 12 27
31 13 25
31 13 26
31 25 1
31 26 1
31 27 0
31 27 1
31 28 0
31 28 1
31 28 26
31 51 8
31 51 27
31 51 28
31 52 8
31 52 27
31 52 28
31 53 8
31 59 5
31 59 29
31 59 30
31 60 4
31 60 5
31 60 29
31 60 30
31 61 4
31 61 29
31 61 30
32 12 25
32 12 26
32 13 25
32 13 26
32 14 24
32 14 25
32 24 1
32 25 1
32 26 0
32 26 1
32 27 0
32 27 1
32 27 26
32 50 27
32 50 28
32 51 8
32 51 27
32 51 28
32 52 8
32 52 28
33 13 25
33 14 24
33 14 25
33 15 23
33 15 24
33 15 25
33 16 23
33 16 24
33 24 1
33 25 1
33 26 0
33 26 1
33 26 26
33 27 0
33 27 26
33 49 28
33 50 8
33 50 27
33 50 28
33 51 8
33 51 28
34 15 23
34 15 24
34 16 23
34 16 24
34 17 22
34 17 23
34 23 1
34 24 1
34 25 0
34 25 1
34 25 26
34 26 0
34 26 1
34 26 26
34 49 8
34 49 27
34 49 28
34 50 8
34 50 27
34 50 28
34 51 8
35 16 23
35 17 22
35 17 23
35 18 21
35 18 22
35 18 23
35 19 21
35 19 22
35 22 2
35 23 1
35 23 2
35 24 0
35 24 1
35 25 0
35 25 1
35 25 26
35 48 8
35 48 27
35 48 28
35 49 8
35 49 27
35 49 28
35 50 8
36 18 21
36 18 22
36 19 21
36 19 22
36 20 20
36 20 21
36 20 22
36 22 2
36 22 3
36 22 4
36 23 1
36 23 2
36 24 0
36 24 1
36 24 25
36 24 26
36 47 27
36 47 28
36 48 8
36 48 27
36 48 28
36 49 8
36 49 28
37 19 21
37 20 20
37 20 21
37 20 22
37 20 23
37 22 2
37 22 3
37 22 4
37 23 1
37 23 2
37 23 3
37 23 24
37 23 25
37 24 1
37 24 25
37 46 27
37 46 28
37 47 8
37 47 27
37 47 28
37 48 8
37 48 28
38 22 4
38 22 19
38 22 23
38 23 2
38 23 3
38 23 4
38 23 16
38 23 17
38 23 18
38 23 19
38 23 20
38 23 22
38 23 23
38 23 24
38 45 28
38 46 8
38 46 27
38 46 28
38 47 8
38 47 27
38 47 28
39 22 18
39 22 19
39 22 20
39 22 21
39 22 22
39 23 18
39 23 19
39 23 23
39 24 17
39 24 18
39 24 19
39 24 23
39 24 24
39 25 17
39 25 18
39 25 23
39 25 24
39 45 8
39 45 27
39 45 28
39 46 8
39 46 27
39 46 28
39 47 8
40 23 18
40 23 19
40 23 20
40 24 17
40 24 18
40 24 23
40 25 17
40 25 18
40 25 23
40 25 24
40 26 16
40 26 17
40 26 23
40 26 24
40 44 8
40 44 27
40 44 28
40 45 8
40 45 27
40 45 28
40 46 8
41 25 16
41 25 17
41 25 23
41 26 16
41 26 23
41 26 24
41 27 15
41 27 16
41 27 24
41 27 25
41 28 15
41 28 24
41 43 8
41 43 27
41 43 28
41 44 8
41 44 27
41 44 28
41 45 8
41 45 28
42 26 16
42 26 24
42 27 15
42 27 16
42 27 24
42 28 14
42 28 15
42 28 16
42 28 24
42 28 25
42 29 14
42 29 15
42 29 24
42 29 25
42 42 27
42 42 28
42 43 8
42 43 27
42 43 28
42 44 8
42 44 28
43 28 14
43 28 15
43 28 24
43 28 25
43 29 14
43 29 15
43 29 25
43 30 13
43 30 14
43 30 25
43 30 26
43 31 13
43 31 14
43 31 25
43 31 26
43 41 28
43 42 8
43 42 27
43 42 28
43 43 8
43 43 27
43 43 28
43 44 8
44 29 14
44 30 13
44 30 14
44 30 25
44 31 13
44 31 14
44 31 25
44 31 26
44 32 12
44 32 13
44 32 25
44 32 26
44 41 8
44 41 27
44 41 28
44 42 8
44 42 27
44 42 28
44 43 8
45 31 12
45 31 13
45 31 25
45 32 12
45 32 13
45 32 25
45 32 26
45 33 11
45 33 12
45 33 26
45 33 27
45 34 11
45 34 26
45 40 8
45 40 27
45 40 28
45 41 8
45 41 27
45 41 28
45 42 8
46 32 12
46 32 26
46 33 11
46 33 12
46 33 26
46 34 10
46 34 11
46 34 12
46 34 26
46 34 27
46 35 10
46 35 11
46 35 26
46 35 27
46 39 27
46 39 28
46 40 8
46 40 27
46 40 28
46 41 8
46 41 28
47 34 10
47 34 11
47 34 26
47 35 10
47 35 11
47 35 26
47 35 27
47 36 9
47 36 10
47 36 27
47 36 28
47 37 9
47 37 27
47 38 28
47 39 8
47 39 27
47 39 28
47 40 8
47 40 28
48 35 9
48 35 27
48 36 9
48 36 27
48 37 8
48 37 9
48 37 27
48 37 28
48 38 8
48 38 9
48 38 27
48 38 28
48 39 8
48 39 27
48 39 28
48 40 8
49 37 8
49 37 9
49 37 27
49 38 8
49 38 27
49 38 28
49 39 7
49 39 8
49 39 28
49 40 7
50 38 7
50 38 28
50 39 7
50 39 28
50 40 6
50 40 7
50 40 8
50 40 28
50 40 29
50 41 6
50 41 7
50 41 28
50 41 29
51 40 6
51 40 7
51 40 28
51 41 5
51 41 6
51 41 28
51 42 5
51 42 6
51 42 29
51 43 6
51 43 30
52 41 5
52 42 5
52 42 29
52 43 4
52 43 5
52 43 29
52 43 30
52 44 4
52 44 5
52 44 29
52 44 30
53 43 4
53 43 5
53 43 29
53 44 4
53 44 29
53 44 30
