2 0 27
2 1 27
2 1 28
2 2 27
2 29 28
2 29 29
2 29 30
2 30 29
2 30 30
3 0 27
3 0 28
3 1 27
3 1 28
3 2 26
3 2 27
3 3 26
3 4 26
3 5 26
3 29 27
3 29 28
3 29 29
3 30 28
3 30 29
3 30 30
3 31 29
3 31 30
4 2 27
4 3 26
4 4 25
4 4 26
4 5 25
4 5 26
4 6 24
4 6 25
4 7 24
4 7 25
4 8 24
4 9 24
4 29 26
4 29 27
4 30 26
4 30 27
4 30 28
4 31 27
4 31 28
4 31 29
5 6 25
5 7 24
5 7 25
5 8 24
5 8 25
5 9 23
5 9 24
5 10 23
5 10 24
5 11 22
5 11 23
5 12 22
5 29 24
5 29 25
5 29 26
5 30 25
5 30 26
5 30 27
5 31 25
5 31 26
5 31 27
6 7 25
6 7 26
6 8 25
6 8 26
6 9 23
6 9 24
6 10 23
6 11 22
6 11 23
6 12 22
6 12 23
6 13 21
6 13 22
6 14 21
6 14 22
6 15 21
6 16 21
6 29 23
6 29 24
6 30 23
6 30 24
6 30 25
6 31 24
6 31 25
6 31 26
7 7 26
7 8 25
7 8 26
7 8 27
7 12 22
7 13 21
7 13 22
7 14 21
7 14 22
7 15 20
7 15 21
7 16 20
7 16 21
7 17 20
7 18 20
7 29 21
7 29 22
7 29 23
7 30 22
7 30 23
7 30 24
7 31 23
7 31 24
8 7 26
8 7 27
8 8 26
8 8 27
8 16 20
8 16 21
8 17 19
8 17 20
8 18 19
8 18 20
8 19 19
8 20 18
8 20 19
8 21 18
8 21 19
8 22 18
8 29 20
8 29 21
8 30 20
8 30 21
8 30 22
8 31 21
8 31 22
8 31 23
9 7 27
9 7 28
9 8 27
9 8 28
9 19 19
9 20 18
9 20 19
9 21 18
9 21 19
9 22 17
9 22 18
9 23 17
9 23 18
9 24 17
9 25 17
9 29 18
9 29 19
9 29 20
9 30 19
9 30 20
9 30 21
9 31 20
9 31 21
10 7 28
10 7 29
10 8 28
10 8 29
10 22 18
10 23 17
10 23 18
10 24 16
10 24 17
10 25 16
10 25 17
10 26 15
10 26 16
10 27 14
10 27 15
10 27 16
10 28 14
10 28 15
10 29 14
10 29 15
10 29 18
10 30 18
10 30 19
10 31 18
10 31 19
10 31 20
11 7 29
11 8 28
11 8 29
11 8 30
11 26 16
11 27 14
11 27 15
11 27 16
11 28 13
11 28 14
11 28 15
11 29 12
11 29 13
11 29 15
11 30 12
11 30 13
11 30 14
11 31 14
11 32 14
12 7 30
12 8 29
12 8 30
12 29 12
12 29 14
12 29 15
12 29 40
12 29 41
12 30 11
12 30 12
12 30 14
12 30 15
12 31 11
12 31 12
12 31 13
12 31 14
12 32 12
12 32 13
12 33 12
12 33 13
12 34 12
12 34 13
12 35 12
13 7 30
13 7 31
13 8 30
13 8 31
13 25 11
13 26 11
13 27 11
13 28 11
13 29 11
13 29 12
13 29 41
13 29 42
13 30 11
13 30 12
13 31 11
13 31 12
13 32 11
13 32 12
13 33 12
13 33 13
13 34 12
13 34 13
13 35 11
13 35 12
13 36 11
13 36 12
13 37 11
13 38 11
14 18 9
14 19 9
14 19 10
14 20 9
14 20 10
14 21 9
14 21 10
14 22 9
14 22 10
14 23 10
14 24 10
14 24 11
14 25 10
14 25 11
14 26 10
14 26 11
14 27 10
14 27 11
14 28 11
14 29 11
14 29 12
14 29 42
14 29 43
14 30 11
14 30 12
14 30 13
14 31 12
14 31 13
14 31 14
14 32 12
14 35 12
14 36 11
14 36 12
14 37 10
14 37 11
14 38 10
14 38 11
14 39 10
14 39 11
14 40 9
14 40 10
14 41 9
14 41 10
14 42 9
15 7 32
15 8 32
15 8 33
15 10 8
15 11 8
15 12 8
15 13 8
15 14 8
15 15 8
15 15 9
15 16 8
15 16 9
15 17 8
15 17 9
15 18 9
15 19 9
15 20 9
15 20 10
15 21 9
15 21 10
15 22 10
15 23 10
15 24 10
15 25 10
15 25 11
15 29 11
15 29 12
15 29 43
15 30 11
15 30 12
15 31 12
15 31 13
15 38 10
15 39 10
15 40 9
15 40 10
15 41 9
15 41 10
15 42 8
15 42 9
15 43 8
15 43 9
15 44 8
15 45 8
16 3 6
16 4 6
16 4 7
16 5 6
16 5 7
16 6 6
16 6 7
16 7 6
16 7 7
16 7 33
16 8 7
16 8 32
16 8 33
16 9 7
16 9 8
16 10 7
16 10 8
16 11 7
16 11 8
16 12 7
16 12 8
16 13 8
16 14 8
16 15 8
16 15 9
16 16 8
16 16 9
16 17 9
16 29 11
16 29 44
16 30 11
16 30 12
16 31 12
16 42 8
16 42 9
16 43 8
16 43 9
16 44 7
16 44 8
16 45 7
16 45 8
16 46 6
16 46 7
16 47 6
16 47 7
16 48 6
16 48 7
17 0 5
17 0 6
17 1 5
17 1 6
17 2 5
17 2 6
17 3 5
17 3 6
17 4 6
17 5 6
17 5 7
17 6 6
17 6 7
17 7 6
17 7 7
17 7 33
17 7 34
17 8 7
17 8 8
17 8 33
17 8 34
17 9 7
17 9 8
17 10 7
17 10 8
17 29 11
17 29 44
17 29 45
17 30 11
17 30 12
17 31 12
17 45 7
17 45 8
17 46 6
17 46 7
17 47 6
17 47 7
17 48 6
17 49 5
17 49 6
17 50 5
17 50 6
17 51 5
18 0 5
18 1 5
18 1 6
18 2 6
18 3 6
18 7 34
18 7 35
18 8 8
18 8 9
18 8 34
18 8 35
18 9 8
18 9 9
18 29 11
18 29 12
18 29 45
18 29 46
18 30 12
18 30 13
18 31 12
18 31 13
18 48 6
18 49 5
18 49 6
18 50 5
18 50 6
18 51 4
18 51 5
18 51 6
18 52 4
18 52 5
18 53 3
18 53 4
18 54 3
18 54 4
18 55 3
19 7 35
19 7 36
19 8 8
19 8 9
19 8 35
19 8 36
19 9 9
19 29 12
19 29 13
19 29 46
19 30 12
19 30 13
19 31 13
19 31 14
19 49 6
19 49 7
19 50 6
19 50 7
19 51 5
19 51 6
19 52 4
19 52 5
19 52 6
19 53 3
19 53 4
19 53 5
19 54 3
19 54 4
19 55 2
19 55 3
19 56 2
19 56 3
19 57 2
19 57 3
20 7 36
20 8 9
20 8 10
20 8 35
20 8 36
20 8 37
20 9 9
20 9 10
20 29 12
20 29 13
20 29 47
20 30 13
20 30 14
20 31 13
20 31 14
20 31 15
20 49 7
20 50 6
20 50 7
20 51 6
20 52 5
20 52 6
20 53 5
20 54 3
20 54 4
20 54 5
20 55 3
20 55 4
20 55 5
20 56 2
20 56 3
20 56 4
20 57 2
20 57 3
20 57 4
20 58 2
20 58 3
21 7 37
21 8 10
21 8 11
21 8 36
21 8 37
21 9 10
21 9 11
21 29 13
21 29 14
21 30 14
21 30 15
21 31 14
21 31 15
21 49 7
21 49 8
21 50 7
21 50 8
21 51 6
21 51 7
21 52 6
21 53 5
21 53 6
21 54 5
21 54 6
21 55 4
21 55 5
21 56 4
21 56 5
21 57 2
21 57 3
21 57 4
21 58 2
21 58 3
21 58 4
21 59 2
21 59 3
22 7 37
22 7 38
22 8 11
22 8 12
22 8 37
22 8 38
22 9 11
22 9 12
22 29 14
22 29 15
22 30 14
22 30 15
22 30 16
22 31 15
22 31 16
22 49 8
22 49 9
22 50 7
22 50 8
22 51 7
22 51 8
22 52 6
22 52 7
22 53 6
22 53 7
22 54 5
22 54 6
22 55 5
22 55 6
22 56 4
22 56 5
22 57 4
22 57 5
22 58 2
22 58 3
22 58 4
22 59 2
22 59 3
22 60 3
23 7 38
23 7 39
23 8 12
23 8 13
23 8 38
23 8 39
23 9 12
23 29 15
23 29 16
23 30 15
23 30 16
23 31 16
23 31 17
23 49 9
23 50 8
23 50 9
23 51 7
23 51 8
23 52 7
23 52 8
23 53 6
23 53 7
23 54 6
23 54 7
23 55 6
23 56 5
23 56 6
23 57 4
23 57 5
23 58 3
23 58 4
23 58 5
23 59 2
23 59 3
23 59 4
23 60 3
24 7 39
24 7 40
24 8 12
24 8 13
24 8 38
24 8 39
24 8 40
24 9 12
24 9 13
24 29 16
24 29 17
24 29 47
24 30 16
24 30 17
24 31 17
24 31 18
24 49 9
24 49 10
24 50 9
24 50 10
24 51 8
24 51 9
24 52 7
24 52 8
24 52 9
24 53 7
24 53 8
24 54 6
24 54 7
24 55 6
24 55 7
24 56 5
24 56 6
24 57 5
24 57 6
24 58 5
24 58 6
24 59 3
24 59 4
24 59 5
24 60 3
24 60 4
25 1 46
25 7 40
25 8 13
25 8 14
25 8 39
25 8 40
25 9 13
25 9 14
25 29 16
25 29 17
25 29 46
25 29 47
25 30 17
25 30 18
25 31 18
25 49 10
25 49 11
25 50 10
25 50 11
25 51 9
25 51 10
25 52 8
25 52 9
25 52 10
25 53 7
25 53 8
25 53 9
25 54 7
25 54 8
25 55 7
25 56 6
25 56 7
25 57 6
25 57 7
25 58 5
25 58 6
25 59 4
25 59 5
25 59 6
25 60 4
25 60 5
26 0 45
26 0 46
26 1 45
26 1 46
26 2 44
26 2 45
26 3 44
26 4 44
26 7 41
26 8 14
26 8 15
26 8 40
26 8 41
26 9 14
26 9 15
26 29 17
26 29 18
26 29 44
26 29 45
26 29 46
26 30 18
26 30 19
26 31 18
26 31 19
26 49 11
26 49 12
26 50 10
26 50 11
26 50 12
26 51 10
26 51 11
26 52 9
26 52 10
26 53 8
26 53 9
26 53 10
26 54 8
26 54 9
26 55 7
26 55 8
26 56 7
26 56 8
26 57 7
26 58 6
26 58 7
26 59 5
26 59 6
26 59 7
26 60 5
26 60 6
27 1 45
27 1 46
27 2 45
27 4 44
27 5 43
27 5 44
27 6 43
27 6 44
27 7 41
27 7 42
27 7 43
27 8 15
27 8 16
27 8 41
27 8 42
27 9 15
27 9 16
27 29 18
27 29 19
27 29 43
27 29 44
27 30 18
27 30 19
27 30 20
27 31 19
27 31 20
27 49 12
27 49 13
27 50 11
27 50 12
27 51 11
27 51 12
27 52 10
27 52 11
27 53 9
27 53 10
27 54 8
27 54 9
27 54 10
27 55 8
27 55 9
27 56 8
27 57 7
27 57 8
27 58 7
27 58 8
27 59 5
27 59 6
27 59 7
27 59 8
27 60 5
27 60 6
27 60 7
28 4 44
28 5 43
28 5 44
28 6 43
28 7 42
28 7 43
28 8 16
28 8 42
28 9 16
28 9 41
28 9 42
28 10 41
28 10 42
28 11 41
28 29 19
28 29 20
28 29 41
28 29 42
28 30 19
28 30 20
28 31 20
28 31 21
28 49 13
28 49 14
28 50 12
28 50 13
28 51 11
28 51 12
28 51 13
28 52 11
28 52 12
28 53 10
28 53 11
28 54 9
28 54 10
28 54 11
28 55 9
28 55 10
28 56 8
28 56 9
28 57 8
28 57 9
28 58 8
28 59 6
28 59 7
28 59 8
28 60 6
28 60 7
29 7 43
29 8 16
29 8 17
29 8 42
29 9 16
29 9 17
29 9 41
29 9 42
29 10 41
29 10 42
29 11 40
29 11 41
29 12 40
29 12 41
29 13 40
29 14 40
29 29 19
29 29 20
29 29 40
29 29 41
29 30 20
29 30 21
29 31 21
29 31 22
29 49 14
29 50 13
29 50 14
29 51 12
29 51 13
29 51 14
29 52 12
29 52 13
29 53 11
29 53 12
29 54 10
29 54 11
29 55 9
29 55 10
29 55 11
29 56 9
29 56 10
29 57 9
29 58 9
29 59 7
29 59 8
29 59 9
29 60 7
29 60 8
30 8 17
30 8 18
30 9 17
30 9 18
30 11 41
30 12 40
30 12 41
30 13 40
30 14 39
30 14 40
30 15 39
30 16 38
30 16 39
30 17 38
30 17 39
30 29 20
30 29 21
30 29 38
30 29 39
30 29 40
30 30 21
30 30 22
30 31 21
30 31 22
30 49 14
30 49 15
30 50 14
30 50 15
30 51 13
30 51 14
30 52 12
30 52 13
30 52 14
30 53 12
30 53 13
30 54 11
30 54 12
30 55 10
30 55 11
30 56 10
30 56 11
30 57 9
30 57 10
30 58 9
30 58 10
30 59 8
30 59 9
30 59 10
30 60 8
30 60 9
31 8 18
31 8 19
31 9 18
31 9 19
31 14 39
31 14 40
31 15 39
31 16 38
31 16 39
31 17 38
31 18 37
31 18 38
31 19 37
31 19 38
31 20 37
31 29 21
31 29 22
31 29 37
31 29 38
31 30 21
31 30 22
31 30 23
31 31 22
31 31 23
31 49 15
31 49 16
31 50 14
31 50 15
31 50 16
31 51 14
31 51 15
31 52 13
31 52 14
31 53 12
31 53 13
31 53 14
31 54 12
31 54 13
31 55 11
31 55 12
31 56 10
31 56 11
31 56 12
31 57 10
31 57 11
31 58 10
31 58 11
31 59 9
31 59 10
31 59 11
31 60 8
31 60 9
31 60 10
32 8 19
32 9 19
32 17 38
32 18 38
32 19 37
32 19 38
32 20 36
32 20 37
32 21 36
32 21 37
32 22 36
32 22 37
32 23 36
32 24 36
32 29 22
32 29 23
32 29 37
32 30 22
32 30 23
32 31 23
32 31 24
32 49 16
32 49 17
32 50 15
32 50 16
32 50 17
32 51 15
32 51 16
32 52 14
32 52 15
32 53 13
32 53 14
32 53 15
32 54 13
32 54 14
32 55 12
32 55 13
32 56 11
32 56 12
32 57 11
32 57 12
32 58 11
32 58 12
32 59 9
32 59 10
32 59 11
32 59 12
32 60 9
32 60 10
33 8 19
33 8 20
33 9 20
33 20 37
33 21 36
33 21 37
33 22 36
33 23 35
33 23 36
33 24 34
33 24 35
33 25 34
33 25 35
33 26 34
33 27 34
33 29 23
33 29 24
33 30 23
33 30 24
33 31 24
33 49 17
33 49 18
33 50 16
33 50 17
33 50 18
33 51 15
33 51 16
33 51 17
33 52 15
33 52 16
33 53 14
33 53 15
33 54 13
33 54 14
33 54 15
33 55 13
33 55 14
33 56 12
33 56 13
33 57 12
33 57 13
33 58 12
33 59 10
33 59 11
33 59 12
33 60 10
33 60 11
34 8 20
34 8 21
34 8 22
34 9 20
34 9 21
34 24 35
34 25 34
34 25 35
34 26 34
34 27 33
34 27 34
34 28 33
34 28 34
34 29 23
34 29 24
34 29 33
34 30 24
34 30 25
34 31 24
34 31 25
34 49 18
34 50 17
34 50 18
34 51 16
34 51 17
34 52 16
34 52 17
34 53 15
34 53 16
34 54 14
34 54 15
34 55 14
34 55 15
34 56 13
34 56 14
34 57 12
34 57 13
34 58 12
34 58 13
34 59 11
34 59 12
34 59 13
34 60 11
34 60 12
35 8 21
35 8 22
35 9 21
35 9 22
35 26 34
35 27 33
35 27 34
35 28 33
35 28 34
35 29 24
35 29 25
35 29 33
35 30 25
35 30 26
35 31 25
35 31 26
35 31 31
35 31 32
35 32 31
35 32 32
35 33 31
35 34 31
35 49 19
35 50 18
35 50 19
35 51 17
35 51 18
35 52 16
35 52 17
35 52 18
35 53 16
35 53 17
35 54 15
35 54 16
35 55 14
35 55 15
35 55 16
35 56 14
35 56 15
35 57 13
35 57 14
35 58 13
35 58 14
35 59 12
35 59 13
35 59 14
35 60 11
35 60 12
36 8 22
36 9 22
36 27 32
36 27 33
36 28 30
36 28 32
36 28 33
36 29 25
36 29 26
36 29 30
36 29 32
36 29 33
36 30 25
36 30 26
36 30 27
36 30 30
36 31 26
36 31 27
36 31 30
36 31 32
36 32 30
36 32 31
36 32 32
36 33 30
36 33 31
36 34 30
36 34 31
36 35 30
36 35 31
36 36 30
36 37 30
36 49 19
36 49 20
36 50 19
36 50 20
36 51 18
36 51 19
36 52 17
36 52 18
36 53 16
36 53 17
36 53 18
36 54 16
36 54 17
36 55 15
36 55 16
36 56 15
36 56 16
36 57 14
36 57 15
36 58 14
36 58 15
36 59 12
36 59 13
36 59 14
36 59 15
36 60 12
36 60 13
37 8 22
37 8 23
37 8 24
37 9 23
37 20 28
37 21 28
37 22 28
37 23 28
37 23 29
37 24 28
37 24 29
37 25 28
37 25 29
37 26 29
37 27 29
37 28 29
37 28 30
37 28 32
37 29 26
37 29 29
37 29 30
37 30 29
37 30 30
37 31 30
37 32 30
37 33 30
37 33 31
37 34 30
37 34 31
37 35 30
37 36 29
37 36 30
37 37 29
37 38 28
37 38 29
37 39 28
37 39 29
37 40 28
37 49 20
37 49 21
37 50 19
37 50 20
37 50 21
37 51 19
37 51 20
37 52 18
37 52 19
37 53 17
37 53 18
37 53 19
37 54 17
37 54 18
37 55 16
37 55 17
37 56 15
37 56 16
37 56 17
37 57 15
37 57 16
37 58 15
37 58 16
37 59 13
37 59 14
37 59 15
37 59 16
37 60 13
37 60 14
38 8 23
38 8 24
38 8 25
38 9 24
38 14 27
38 15 27
38 16 27
38 17 27
38 18 27
38 18 28
38 19 27
38 19 28
38 20 27
38 20 28
38 21 27
38 21 28
38 22 28
38 23 28
38 24 28
38 24 29
38 25 28
38 25 29
38 26 29
38 27 29
38 28 29
38 29 30
38 30 30
38 37 29
38 38 28
38 38 29
38 39 28
38 39 29
38 40 27
38 40 28
38 41 27
38 41 28
38 42 27
38 43 27
38 49 21
38 49 22
38 50 20
38 50 21
38 50 22
38 51 20
38 51 21
38 52 19
38 52 20
38 53 18
38 53 19
38 53 20
38 54 18
38 54 19
38 55 17
38 55 18
38 56 16
38 56 17
38 56 18
38 57 16
38 57 17
38 58 16
38 58 17
38 59 14
38 59 15
38 59 16
38 60 14
38 60 15
39 6 25
39 7 25
39 8 24
39 8 25
39 9 24
39 9 25
39 9 26
39 10 25
39 10 26
39 11 25
39 11 26
39 12 26
39 13 26
39 13 27
39 14 26
39 14 27
39 15 26
39 15 27
39 16 26
39 16 27
39 17 27
39 18 27
39 19 27
39 19 28
39 20 28
39 21 28
39 40 28
39 41 27
39 41 28
39 42 26
39 42 27
39 43 26
39 43 27
39 44 26
39 44 27
39 45 25
39 45 26
39 46 25
39 46 26
39 47 25
39 49 22
39 50 21
39 50 22
39 50 23
39 51 21
39 51 22
39 52 20
39 52 21
39 53 19
39 53 20
39 53 21
39 54 18
39 54 19
39 54 20
39 55 18
39 55 19
39 56 17
39 56 18
39 56 19
39 57 17
39 57 18
39 58 16
39 58 17
39 59 15
39 59 16
39 59 17
39 60 15
40 0 24
40 1 24
40 2 24
40 3 24
40 3 25
40 4 24
40 4 25
40 5 24
40 5 25
40 6 24
40 6 25
40 7 25
40 8 25
40 9 25
40 9 26
40 10 25
40 10 26
40 11 26
40 12 26
40 13 26
40 14 26
40 44 26
40 45 25
40 45 26
40 46 25
40 46 26
40 47 24
40 47 25
40 48 24
40 48 25
40 49 24
40 50 22
40 50 23
40 50 24
40 51 22
40 51 23
40 52 21
40 52 22
40 53 20
40 53 21
40 53 22
40 54 20
40 54 21
40 55 19
40 55 20
40 56 18
40 56 19
40 56 20
40 57 18
40 57 19
40 58 17
40 58 18
40 59 16
40 59 17
40 59 18
40 60 15
40 60 16
41 0 23
41 0 24
41 1 23
41 1 24
41 2 24
41 3 24
41 4 24
41 4 25
41 5 24
41 5 25
41 6 25
41 7 25
41 47 24
41 47 25
41 48 24
41 49 23
41 49 24
41 50 23
41 50 24
41 51 22
41 51 23
41 52 22
41 52 23
41 53 21
41 53 22
41 54 20
41 54 21
41 54 22
41 55 20
41 55 21
41 56 19
41 56 20
41 56 21
41 57 19
41 57 20
41 58 18
41 58 19
41 59 16
41 59 17
41 59 18
41 60 16
41 60 17
42 50 23
42 50 24
42 51 23
42 52 22
42 52 23
42 53 22
42 54 21
42 54 22
42 55 21
42 55 22
42 56 20
42 56 21
42 57 19
42 57 20
42 57 21
42 58 18
42 58 19
42 58 20
42 59 17
42 59 18
43 53 22
43 54 21
43 54 22
43 55 20
43 55 21
43 56 20
43 56 21
43 57 19
43 57 20
43 58 18
43 58 19
43 59 18
