2 0 5
2 0 32
2 1 5
2 1 32
2 2 5
2 2 6
2 2 31
2 2 32
2 3 6
2 3 31
2 4 6
2 4 7
2 4 31
2 5 7
2 5 31
2 6 7
2 6 8
2 6 30
2 7 8
2 7 9
2 7 30
2 8 9
2 8 30
2 9 9
2 9 10
2 9 30
2 10 10
2 10 29
2 10 30
2 11 10
2 11 11
2 11 29
2 12 11
2 12 29
2 13 11
2 13 12
2 13 28
2 13 29
2 14 12
2 14 28
2 15 12
2 15 13
2 15 28
2 16 13
2 16 28
2 17 14
2 17 28
2 18 14
2 18 15
2 18 27
2 19 15
2 19 27
2 20 15
2 20 16
2 20 27
2 21 16
2 21 26
2 21 27
2 22 16
2 22 17
2 22 26
2 23 17
2 23 26
2 24 17
2 24 18
2 24 26
2 25 18
2 25 25
2 25 26
2 26 19
2 26 25
2 27 19
2 27 20
2 27 21
2 27 25
2 28 20
2 28 21
2 28 22
2 28 23
2 28 25
2 29 20
2 29 22
2 29 23
2 32 22
2 33 22
2 33 23
2 34 23
2 34 24
2 35 24
2 36 24
2 36 25
2 37 25
2 38 25
2 38 26
2 39 26
2 40 26
2 40 27
2 41 27
2 42 27
2 42 28
2 43 28
2 44 29
2 45 29
2 45 30
2 46 30
2 47 30
2 47 31
2 48 31
2 49 31
2 49 32
2 50 32
2 51 32
2 51 33
2 52 33
2 53 34
2 54 34
2 54 35
2 55 35
2 56 35
2 56 36
2 57 36
3 0 5
3 0 32
3 1 5
3 1 32
3 2 5
3 2 6
3 2 31
3 2 32
3 3 6
3 3 31
3 3 32
3 4 6
3 4 7
3 4 8
3 4 31
3 4 32
3 5 7
3 5 8
3 5 31
3 5 32
3 6 7
3 6 8
3 6 9
3 6 30
3 7 8
3 7 9
3 7 30
3 8 9
3 8 10
3 8 30
3 9 9
3 9 10
3 9 30
3 10 10
3 10 11
3 10 29
3 10 30
3 11 10
3 11 11
3 11 29
3 11 30
3 12 11
3 12 12
3 12 29
3 13 11
3 13 12
3 13 28
3 13 29
3 14 12
3 14 13
3 14 28
3 15 12
3 15 13
3 15 28
3 16 13
3 16 28
3 17 14
3 17 28
3 18 14
3 18 15
3 18 27
3 19 15
3 19 16
3 19 27
3 20 15
3 20 16
3 20 27
3 21 16
3 21 17
3 21 26
3 21 27
3 22 16
3 22 17
3 22 26
3 22 27
3 23 17
3 23 26
3 23 27
3 24 17
3 24 18
3 24 26
3 25 18
3 25 25
3 25 26
3 26 19
3 26 20
3 26 25
3 27 19
3 27 20
3 27 25
3 28 20
3 28 25
3 29 3
3 29 4
3 29 20
3 29 21
3 29 25
3 30 4
3 32 22
3 32 24
3 33 22
3 33 23
3 33 24
3 34 23
3 34 24
3 35 24
3 36 24
3 36 25
3 37 25
3 38 25
3 38 26
3 39 26
3 39 27
3 40 26
3 40 27
3 41 27
3 42 27
3 42 28
3 43 28
3 44 29
3 45 29
3 45 30
3 46 30
3 47 30
3 47 31
3 48 31
3 48 32
3 49 31
3 49 32
3 50 32
3 51 32
3 51 33
3 52 33
3 52 34
3 53 34
3 54 34
3 54 35
3 55 35
3 56 35
3 56 36
3 57 36
3 58 36
3 58 37
4 7 9
4 8 9
4 8 30
4 9 30
4 29 1
4 29 2
4 29 3
4 30 2
4 30 3
4 30 4
4 31 3
4 31 4
4 49 32
4 50 32
4 50 33
4 51 33
4 52 33
4 52 34
4 53 34
4 54 34
4 54 35
4 55 35
4 56 35
4 56 36
4 57 36
4 58 36
4 58 37
4 59 37
5 7 9
5 8 9
5 8 30
5 9 30
5 29 1
5 29 2
5 30 1
5 30 2
5 31 2
5 31 3
5 49 32
5 50 32
5 50 33
5 51 33
5 52 33
5 52 34
5 53 34
5 54 34
5 54 35
5 55 35
5 56 35
5 56 36
5 57 36
5 58 36
5 58 37
5 59 37
5 60 37
6 7 9
6 8 9
6 8 30
6 9 30
6 29 1
6 30 1
6 30 2
6 31 2
6 49 32
6 49 33
6 50 33
6 51 33
6 51 34
6 52 34
6 53 34
6 53 35
6 54 35
6 55 35
6 55 36
6 56 36
6 57 36
6 58 36
6 58 37
6 59 37
6 60 37
6 60 38
7 7 9
7 8 9
7 8 30
7 9 30
7 29 1
7 30 1
7 31 1
7 31 2
7 49 33
7 50 33
7 51 33
7 51 34
7 52 34
7 53 34
7 53 35
7 54 35
7 55 35
7 55 36
7 56 36
7 57 36
7 58 37
7 59 37
7 60 37
7 60 38
8 7 9
8 8 9
8 8 30
8 9 30
8 29 1
8 30 1
8 31 1
8 31 2
8 49 33
8 50 33
8 51 33
8 51 34
8 52 34
8 53 34
8 53 35
8 54 35
8 55 35
8 55 36
8 56 36
8 57 36
8 57 37
8 58 37
8 59 37
8 60 37
8 60 38
9 7 9
9 8 9
9 8 30
9 9 30
9 29 1
9 30 1
9 31 1
9 31 2
9 49 33
9 50 33
9 51 33
9 51 34
9 52 34
9 53 34
9 53 35
9 54 35
9 55 35
9 55 36
9 56 36
9 57 36
9 57 37
9 58 37
9 59 37
9 60 37
9 60 38
10 7 9
10 8 9
10 8 30
10 9 30
10 29 1
10 30 1
10 31 1
10 31 2
10 49 33
10 50 33
10 51 33
10 51 34
10 52 34
10 53 34
10 53 35
10 54 35
10 54 36
10 55 36
10 56 36
10 57 36
10 57 37
10 58 37
10 59 37
10 60 37
10 60 38
11 7 9
11 8 9
11 8 30
11 9 30
11 29 0
11 29 1
11 30 1
11 31 1
11 31 2
11 49 33
11 50 33
11 51 33
11 51 34
11 52 34
11 53 34
11 53 35
11 54 35
11 54 36
11 55 36
11 56 36
11 57 36
11 57 37
11 58 37
11 59 37
11 60 37
11 60 38
12 7 9
12 8 9
12 8 30
12 9 30
12 29 0
12 29 1
12 30 1
12 31 1
12 31 2
12 49 33
12 50 33
12 51 33
12 51 34
12 52 34
12 53 35
12 54 35
12 54 36
12 55 36
12 56 36
12 56 37
12 57 37
12 58 37
12 59 37
12 60 37
12 60 38
13 7 9
13 8 9
13 8 30
13 9 30
13 29 0
13 29 1
13 30 1
13 31 1
13 31 2
13 49 33
13 50 33
13 51 33
13 51 34
13 52 34
13 53 35
13 54 35
13 54 36
13 55 36
13 56 36
13 56 37
13 57 37
13 58 37
13 59 37
13 60 37
13 60 38
14 7 9
14 8 9
14 8 30
14 9 30
14 29 0
14 29 1
14 30 1
14 31 1
14 31 2
14 49 33
14 50 33
14 51 34
14 52 34
14 53 35
14 54 35
14 54 36
14 55 36
14 56 36
14 56 37
14 57 37
14 58 37
14 59 37
14 60 37
14 60 38
15 7 9
15 8 9
15 8 30
15 9 30
15 29 0
15 29 1
15 30 1
15 31 1
15 31 2
15 49 33
15 50 33
15 51 34
15 52 34
15 52 35
15 53 35
15 54 35
15 54 36
15 55 36
15 56 36
15 56 37
15 57 37
15 58 37
15 59 37
15 60 37
15 60 38
16 7 9
16 8 9
16 8 30
16 9 30
16 29 0
16 29 1
16 30 1
16 31 1
16 31 2
16 49 33
16 50 33
16 51 34
16 52 34
16 52 35
16 53 35
16 54 35
16 54 36
16 55 36
16 56 36
16 56 37
16 57 37
16 58 37
16 59 37
16 60 37
16 60 38
17 7 9
17 8 9
17 8 30
17 9 30
17 29 0
17 29 1
17 30 1
17 31 1
17 31 2
17 49 33
17 50 33
17 51 34
17 52 34
17 52 35
17 53 35
17 54 35
17 54 36
17 55 36
17 56 36
17 56 37
17 57 37
17 58 37
17 59 37
17 60 37
17 60 38
18 7 9
18 8 9
18 8 30
18 9 30
18 29 0
18 29 1
18 30 1
18 31 1
18 31 2
18 49 33
18 50 33
18 50 34
18 51 34
18 52 34
18 52 35
18 53 35
18 54 35
18 54 36
18 55 36
18 56 36
18 56 37
18 57 37
18 58 37
18 59 37
18 60 37
18 60 38
19 7 9
19 8 9
19 8 30
19 9 30
19 29 0
19 29 1
19 30 1
19 31 1
19 31 2
19 49 33
19 50 33
19 50 34
19 51 34
19 52 34
19 52 35
19 53 35
19 54 35
19 54 36
19 55 36
19 56 36
19 56 37
19 57 37
19 58 37
19 59 37
19 60 37
19 60 38
20 7 9
20 8 9
20 8 30
20 9 30
20 29 0
20 29 1
20 30 1
20 31 1
20 31 2
20 49 33
20 50 33
20 50 34
20 51 34
20 52 34
20 52 35
20 53 35
20 54 35
20 54 36
20 55 36
20 56 36
20 56 37
20 57 37
20 58 37
20 59 37
20 60 37
20 60 38
21 7 9
21 8 9
21 8 30
21 9 30
21 29 0
21 29 1
21 30 1
21 31 1
21 31 2
21 49 33
21 50 33
21 50 34
21 51 34
21 52 34
21 52 35
21 53 35
21 54 35
21 54 36
21 55 36
21 56 36
21 56 37
21 57 37
21 58 37
21 59 37
21 60 37
21 60 38
22 7 9
22 8 9
22 8 30
22 9 30
22 29 0
22 29 1
22 30 1
22 31 1
22 31 2
22 49 33
22 50 33
22 50 34
22 51 34
22 52 34
22 52 35
22 53 35
22 54 35
22 54 36
22 55 36
22 56 36
22 56 37
22 57 37
22 58 37
22 59 37
22 60 37
22 60 38
23 7 9
23 8 9
23 8 30
23 9 30
23 29 0
23 29 1
23 30 1
23 31 1
23 31 2
23 49 33
23 50 33
23 50 34
23 51 34
23 52 34
23 52 35
23 53 35
23 54 35
23 54 36
23 55 36
23 56 36
23 56 37
23 57 37
23 58 37
23 59 37
23 60 37
23 60 38
24 7 9
24 8 9
24 8 30
24 9 30
24 29 0
24 29 1
24 30 1
24 31 1
24 31 2
24 49 33
24 50 33
24 50 34
24 51 34
24 52 34
24 52 35
24 53 35
24 54 35
24 54 36
24 55 36
24 56 36
24 56 37
24 57 36
24 57 37
24 58 37
24 59 37
24 60 37
24 60 38
25 7 9
25 8 9
25 8 30
25 9 30
25 29 0
25 29 1
25 30 1
25 31 1
25 31 2
25 49 33
25 50 33
25 50 34
25 51 34
25 52 34
25 52 35
25 53 35
25 54 35
25 54 36
25 55 36
25 56 36
25 57 36
25 57 37
25 58 37
25 59 37
25 60 37
25 60 38
26 7 9
26 8 9
26 8 30
26 9 30
26 29 0
26 29 1
26 30 1
26 31 1
26 31 2
26 49 33
26 50 33
26 50 34
26 51 34
26 52 34
26 52 35
26 53 35
26 54 35
26 54 36
26 55 36
26 56 36
26 57 36
26 57 37
26 58 37
26 59 37
26 60 37
26 60 38
27 7 9
27 8 9
27 8 30
27 9 30
27 29 0
27 29 1
27 30 1
27 31 1
27 31 2
27 49 33
27 50 33
27 50 34
27 51 34
27 52 34
27 52 35
27 53 35
27 54 35
27 54 36
27 55 35
27 55 36
27 56 36
27 57 36
27 57 37
27 58 37
27 59 37
27 60 37
27 60 38
28 7 9
28 8 9
28 8 30
28 9 30
28 29 0
28 29 1
28 30 1
28 30 2
28 31 1
28 31 2
28 49 33
28 50 33
28 50 34
28 51 34
28 52 34
28 52 35
28 53 35
28 54 35
28 55 35
28 55 36
28 56 36
28 57 36
28 58 36
28 58 37
28 59 37
28 60 37
28 60 38
29 7 9
29 8 9
29 8 30
29 9 30
29 29 1
29 30 1
29 30 2
29 31 2
29 31 3
29 49 33
29 50 33
29 50 34
29 51 33
29 51 34
29 52 34
29 53 34
29 53 35
29 54 35
29 55 35
29 55 36
29 56 36
29 57 36
29 58 36
29 58 37
29 59 37
29 60 37
30 7 9
30 8 9
30 8 30
30 9 30
30 29 1
30 29 2
30 30 2
30 30 3
30 30 4
30 31 3
30 31 4
30 49 32
30 49 33
30 50 32
30 50 33
30 51 33
30 51 34
30 52 34
30 53 34
30 53 35
30 54 35
30 55 35
30 56 35
30 56 36
30 57 36
30 58 36
30 58 37
30 59 37
31 0 5
31 0 32
31 1 5
31 1 32
31 2 5
31 2 6
31 2 7
31 2 31
31 2 32
31 3 6
31 3 7
31 3 31
31 3 32
31 4 6
31 4 7
31 4 8
31 4 31
31 4 32
31 5 7
31 5 8
31 5 31
31 5 32
31 6 7
31 6 8
31 6 9
31 6 30
31 7 8
31 7 9
31 7 30
31 8 9
31 8 30
31 9 9
31 9 10
31 9 30
31 10 10
31 10 29
31 10 30
31 11 10
31 11 11
31 11 29
31 11 30
31 12 11
31 12 29
31 13 11
31 13 12
31 13 28
31 13 29
31 14 12
31 14 13
31 14 28
31 15 12
31 15 13
31 15 14
31 15 28
31 16 13
31 16 14
31 16 28
31 17 14
31 17 28
31 18 14
31 18 15
31 18 27
31 18 28
31 19 15
31 19 27
31 20 15
31 20 16
31 20 27
31 21 16
31 21 26
31 21 27
31 22 16
31 22 17
31 22 26
31 22 27
31 23 17
31 23 18
31 23 26
31 23 27
31 24 17
31 24 18
31 24 26
31 24 27
31 25 18
31 25 19
31 25 25
31 25 26
31 26 19
31 26 25
31 27 19
31 27 20
31 27 25
31 28 20
31 28 21
31 28 25
31 29 2
31 29 3
31 29 4
31 29 20
31 29 21
31 30 3
31 30 4
31 32 22
31 32 24
31 33 22
31 33 23
31 33 24
31 34 23
31 34 24
31 35 24
31 36 24
31 36 25
31 37 25
31 38 25
31 38 26
31 39 26
31 39 27
31 40 26
31 40 27
31 41 27
31 42 27
31 42 28
31 43 28
31 44 29
31 45 29
31 45 30
31 46 30
31 47 30
31 47 31
31 48 31
31 48 32
31 49 31
31 49 32
31 50 32
31 50 33
31 51 32
31 51 33
31 52 33
31 52 34
31 53 34
31 54 34
31 54 35
31 55 35
31 56 35
31 56 36
31 57 36
31 58 36
31 58 37
32 0 5
32 0 32
32 1 5
32 1 32
32 2 5
32 2 6
32 2 31
32 2 32
32 3 6
32 3 31
32 4 6
32 4 7
32 4 31
32 5 7
32 5 31
32 6 7
32 6 8
32 6 30
32 7 8
32 7 9
32 7 30
32 8 9
32 8 30
32 9 9
32 9 10
32 9 30
32 10 10
32 10 29
32 10 30
32 11 10
32 11 11
32 11 29
32 12 11
32 12 29
32 13 11
32 13 12
32 13 28
32 13 29
32 14 12
32 14 28
32 15 12
32 15 13
32 15 28
32 16 13
32 16 28
32 17 14
32 17 28
32 18 14
32 18 15
32 18 27
32 19 15
32 19 27
32 20 15
32 20 16
32 20 27
32 21 16
32 21 26
32 21 27
32 22 16
32 22 17
32 22 26
32 23 17
32 23 26
32 24 17
32 24 18
32 24 26
32 25 18
32 25 25
32 25 26
32 26 19
32 26 25
32 27 19
32 27 20
32 27 21
32 27 25
32 28 20
32 28 21
32 29 20
32 32 22
32 33 22
32 33 23
32 34 23
32 34 24
32 35 24
32 36 24
32 36 25
32 37 25
32 38 25
32 38 26
32 39 26
32 40 26
32 40 27
32 41 27
32 42 27
32 42 28
32 43 28
32 44 29
32 45 29
32 45 30
32 46 30
32 47 30
32 47 31
32 48 31
32 49 31
32 49 32
32 50 32
32 51 32
32 51 33
32 52 33
32 53 34
32 54 34
32 54 35
32 55 35
32 56 35
32 56 36
32 57 36
33 28 21
33 28 22
33 29 21
