2 29 23
2 30 22
2 30 23
2 31 23
3 29 22
3 29 23
3 30 22
3 30 23
4 28 21
4 28 22
4 29 21
4 29 22
4 30 22
5 27 21
5 28 21
5 28 22
5 29 22
6 26 20
6 26 21
6 27 20
6 27 21
6 28 21
7 26 19
7 26 20
7 27 20
7 27 21
8 25 19
8 25 20
8 26 19
8 26 20
8 26 21
8 27 20
8 27 21
8 28 21
9 24 18
9 24 19
9 25 18
9 25 19
9 26 19
9 26 20
9 27 21
9 27 22
9 28 21
9 28 22
10 23 18
10 24 18
10 24 19
10 25 19
10 28 22
10 28 23
10 29 23
11 22 18
11 23 17
11 23 18
11 24 18
11 28 23
11 29 23
11 29 24
11 30 24
12 22 17
12 22 18
12 23 17
12 23 18
12 29 24
12 30 24
12 30 25
12 31 25
12 38 4
12 39 4
13 21 16
13 21 17
13 22 16
13 22 17
13 23 17
13 30 25
13 30 26
13 31 25
13 31 26
13 35 5
13 36 4
13 36 5
13 37 4
13 38 3
13 38 4
13 39 4
14 20 16
14 21 16
14 22 16
14 22 17
14 31 27
14 32 26
14 32 27
14 34 4
14 34 5
14 35 4
14 35 5
14 36 4
14 36 5
14 37 4
14 38 4
15 10 24
15 10 25
15 19 15
15 20 15
15 20 16
15 21 15
15 21 16
15 31 5
15 31 6
15 32 5
15 32 6
15 32 27
15 32 28
15 33 5
15 33 27
15 33 28
15 34 4
15 34 5
15 35 4
15 35 5
15 36 5
16 9 25
16 10 23
16 10 24
16 10 25
16 10 28
16 11 23
16 11 28
16 19 14
16 19 15
16 20 15
16 20 16
16 29 6
16 30 5
16 30 6
16 31 5
16 31 6
16 32 5
16 32 6
16 32 28
16 33 5
16 33 6
16 33 28
16 33 29
16 34 29
17 9 24
17 9 25
17 10 22
17 10 23
17 10 24
17 11 21
17 11 22
17 11 23
17 11 29
17 12 20
17 12 21
17 18 14
17 18 15
17 19 14
17 19 15
17 20 15
17 27 6
17 27 7
17 28 6
17 28 7
17 29 6
17 30 5
17 30 6
17 31 5
17 31 6
17 33 6
17 33 7
17 33 29
17 34 6
17 34 7
17 34 29
17 34 30
17 35 30
18 10 22
18 10 23
18 10 24
18 11 20
18 11 21
18 11 22
18 12 19
18 12 20
18 12 30
18 17 13
18 17 14
18 18 13
18 18 14
18 19 14
18 25 7
18 26 6
18 26 7
18 27 6
18 27 7
18 28 6
18 29 6
18 33 7
18 34 7
18 34 8
18 34 30
18 34 31
18 35 8
18 35 30
18 35 31
18 43 38
18 43 39
19 10 21
19 10 22
19 11 19
19 11 20
19 11 21
19 12 18
19 12 19
19 12 20
19 13 17
19 13 18
19 16 13
19 17 13
19 18 13
19 18 14
19 23 7
19 23 8
19 24 7
19 25 6
19 25 7
19 26 6
19 26 7
19 27 6
19 27 7
19 34 8
19 35 8
19 35 9
19 35 30
19 35 31
19 35 32
19 36 9
19 36 31
19 36 32
19 42 38
19 42 39
19 43 38
19 43 39
20 11 19
20 11 20
20 12 17
20 12 18
20 12 19
20 13 16
20 13 17
20 13 18
20 14 15
20 14 16
20 15 13
20 16 11
20 16 12
20 16 13
20 17 13
20 21 8
20 22 7
20 22 8
20 23 7
20 23 8
20 24 7
20 25 7
20 35 9
20 35 32
20 36 9
20 36 10
20 36 31
20 36 32
20 36 33
20 37 32
20 37 33
20 41 37
20 41 38
20 42 38
20 43 38
21 12 17
21 12 18
21 13 15
21 13 16
21 13 17
21 14 14
21 14 15
21 14 16
21 15 10
21 15 11
21 15 12
21 15 14
21 16 10
21 16 11
21 16 12
21 16 13
21 17 13
21 19 8
21 19 9
21 20 8
21 21 7
21 21 8
21 22 7
21 22 8
21 23 7
21 23 8
21 36 10
21 36 11
21 36 32
21 36 33
21 37 10
21 37 11
21 37 33
21 37 34
21 38 33
21 38 34
21 40 37
21 41 37
22 13 15
22 13 16
22 14 11
22 14 12
22 14 14
22 14 15
22 15 9
22 15 10
22 15 11
22 15 12
22 15 34
22 16 9
22 16 10
22 17 9
22 18 8
22 18 9
22 19 8
22 19 9
22 20 8
22 21 8
22 36 11
22 37 11
22 37 12
22 37 33
22 37 34
22 38 11
22 38 12
22 38 34
22 38 35
22 39 36
22 40 36
22 40 37
22 41 37
23 13 10
23 13 11
23 14 10
23 14 11
23 14 13
23 15 9
23 15 11
23 15 12
23 15 13
23 16 8
23 16 9
23 16 34
23 16 35
23 17 8
23 17 9
23 18 8
23 18 9
23 19 8
23 19 9
23 37 12
23 38 12
23 38 13
23 38 34
23 38 35
23 39 13
23 39 35
23 39 36
23 40 36
23 40 37
24 12 10
24 13 9
24 13 10
24 13 11
24 14 9
24 14 10
24 14 11
24 15 9
24 15 10
24 15 11
24 16 9
24 16 10
24 16 36
24 17 9
24 17 36
24 38 13
24 38 35
24 38 36
24 39 13
24 39 35
24 39 36
24 40 14
24 40 36
25 12 9
25 12 10
25 13 9
25 13 10
25 14 9
25 14 10
25 15 9
25 15 10
25 15 11
25 16 9
25 16 10
25 17 9
25 17 37
25 18 8
25 18 9
25 18 37
25 37 34
25 37 35
25 38 34
25 38 35
25 39 13
25 39 14
25 39 35
25 40 14
25 40 15
26 11 9
26 11 10
26 12 9
26 12 10
26 13 10
26 16 9
26 16 10
26 17 9
26 18 8
26 18 9
26 18 37
26 18 38
26 19 9
26 19 38
26 36 34
26 37 34
26 37 35
26 38 34
26 38 35
26 40 15
26 41 15
26 41 16
27 10 8
27 10 9
27 11 8
27 11 9
27 12 9
27 17 9
27 17 10
27 18 9
27 18 10
27 19 9
27 19 10
27 19 38
27 19 39
27 35 34
27 36 33
27 36 34
27 37 34
27 40 15
27 40 16
27 41 15
27 41 16
27 42 16
28 9 8
28 10 8
28 11 8
28 11 9
28 17 10
28 18 10
28 18 11
28 19 10
28 19 11
28 20 10
28 20 11
28 20 39
28 20 40
28 35 33
28 36 33
28 36 34
28 41 17
28 42 17
28 42 18
28 43 18
29 8 7
29 9 7
29 9 8
29 10 7
29 10 8
29 18 11
29 19 11
29 19 12
29 20 11
29 20 12
29 20 40
29 21 11
29 21 12
29 21 40
29 34 32
29 34 33
29 35 32
29 35 33
29 36 33
29 42 17
29 42 18
29 43 18
29 49 20
29 50 19
29 50 20
29 51 19
29 51 20
29 52 19
29 52 20
30 8 7
30 9 7
30 9 8
30 19 12
30 19 13
30 20 12
30 20 13
30 21 12
30 21 13
30 21 40
30 22 12
30 22 13
30 22 40
30 33 32
30 34 31
30 34 32
30 35 32
30 35 33
30 43 18
30 43 19
30 44 19
30 47 20
30 47 21
30 48 20
30 48 21
30 49 20
30 50 19
30 50 20
30 51 20
31 7 6
31 7 7
31 8 6
31 8 7
31 9 7
31 20 13
31 20 14
31 21 13
31 21 14
31 22 13
31 22 14
31 22 39
31 22 40
31 23 13
31 23 14
31 23 39
31 32 31
31 33 31
31 33 32
31 34 31
31 34 32
31 44 19
31 44 20
31 45 20
31 45 21
31 46 20
31 46 21
31 47 20
31 47 21
31 48 20
31 48 21
31 49 20
32 6 5
32 6 6
32 7 5
32 7 6
32 8 6
32 8 7
32 21 14
32 21 15
32 22 14
32 22 15
32 23 14
32 23 15
32 23 38
32 23 39
32 32 30
32 32 31
32 33 31
32 43 21
32 43 22
32 44 20
32 44 21
32 45 20
32 45 21
32 46 20
32 46 21
32 47 21
33 5 5
33 6 5
33 6 6
33 7 5
33 7 6
33 21 15
33 22 15
33 22 16
33 23 15
33 23 16
33 23 37
33 24 15
33 24 35
33 24 36
33 24 37
33 31 30
33 32 30
33 32 31
33 33 31
33 41 22
33 42 21
33 42 22
33 43 21
33 43 22
33 44 21
33 45 21
34 4 5
34 5 4
34 5 5
34 6 5
34 22 16
34 23 16
34 23 17
34 24 16
34 24 17
34 24 35
34 25 16
34 25 34
34 30 29
34 30 30
34 31 29
34 31 30
34 32 30
34 39 22
34 39 23
34 40 22
34 41 21
34 41 22
34 42 21
34 42 22
34 43 22
35 4 4
35 5 4
35 5 5
35 6 5
35 23 17
35 23 18
35 24 17
35 24 18
35 25 17
35 25 18
35 25 33
35 26 17
35 26 32
35 29 29
35 30 29
35 31 29
35 31 30
35 37 22
35 37 23
35 38 22
35 38 23
35 39 22
35 39 23
35 40 22
35 41 22
36 3 3
36 3 4
36 4 3
36 4 4
36 4 5
36 5 4
36 5 5
36 24 18
36 24 19
36 25 18
36 25 19
36 26 18
36 26 19
36 26 30
36 26 31
36 27 18
36 28 28
36 29 28
36 29 29
36 30 29
36 34 24
36 35 23
36 36 23
36 37 22
36 37 23
36 38 22
36 38 23
36 39 23
37 2 3
37 3 3
37 3 4
37 4 3
37 4 4
37 4 5
37 5 5
37 5 6
37 6 6
37 24 19
37 25 19
37 25 20
37 26 19
37 26 20
37 27 19
37 27 28
37 27 29
37 28 28
37 29 28
37 29 29
37 32 24
37 33 23
37 33 24
37 34 23
37 34 24
37 35 23
37 36 23
38 1 2
38 2 2
38 2 3
38 3 2
38 3 3
38 3 4
38 4 4
38 4 5
38 5 5
38 5 6
38 6 6
38 25 20
38 26 20
38 26 21
38 27 20
38 28 20
38 28 27
38 28 28
38 29 28
38 29 29
38 30 24
38 30 25
38 31 24
38 32 23
38 32 24
38 33 23
38 33 24
38 34 23
38 34 24
39 1 1
39 1 2
39 2 2
39 2 3
39 3 3
39 3 4
39 4 4
39 4 5
39 5 5
39 5 6
39 6 6
39 6 7
39 7 7
39 26 21
39 26 27
39 27 21
39 27 22
39 28 20
39 28 21
39 28 22
39 28 26
39 28 28
39 29 22
39 29 24
39 29 25
39 29 27
39 29 28
39 30 24
39 30 25
39 31 24
39 32 24
40 0 1
40 0 2
40 1 1
40 1 2
40 1 3
40 2 2
40 2 3
40 3 3
40 3 4
40 4 4
40 4 5
40 5 5
40 5 6
40 6 6
40 6 7
40 7 7
40 7 8
40 8 8
40 25 26
40 26 25
40 26 26
40 26 27
40 27 22
40 27 23
40 27 25
40 27 26
40 27 27
40 28 23
40 28 24
40 28 25
40 29 22
40 29 23
40 29 24
40 29 25
40 30 24
40 30 25
41 0 1
41 1 1
41 1 2
41 1 3
41 2 3
41 2 4
41 3 3
41 3 4
41 4 4
41 4 5
41 5 5
41 5 6
41 6 6
41 6 7
41 7 7
41 7 8
41 8 8
41 8 9
41 9 9
41 25 25
41 25 26
41 26 25
41 26 26
41 27 25
41 28 25
41 28 26
41 29 25
41 29 26
42 0 1
42 1 1
42 1 2
42 1 3
42 2 3
42 2 4
42 3 4
42 3 5
42 4 4
42 4 5
42 5 5
42 5 6
42 6 6
42 6 7
42 7 7
42 7 8
42 8 8
42 8 9
42 9 9
42 9 10
42 10 10
42 24 25
42 24 26
42 25 25
42 25 26
42 26 26
43 0 1
43 0 2
43 1 1
43 1 2
43 1 3
43 2 3
43 2 4
43 3 4
43 3 5
43 4 5
43 5 5
43 5 6
43 6 6
43 6 7
43 7 7
43 7 8
43 8 8
43 8 9
43 9 9
43 9 10
43 10 10
43 10 11
43 23 24
43 23 25
43 24 24
43 24 25
43 25 25
44 0 1
44 0 2
44 1 2
44 1 3
44 2 3
44 2 4
44 3 4
44 3 5
44 4 5
44 4 6
44 5 6
44 5 7
44 6 7
44 7 7
44 7 8
44 8 8
44 8 9
44 9 9
44 9 10
44 10 10
44 10 11
44 11 11
44 11 12
44 22 24
44 23 23
44 23 24
44 24 24
44 24 25
45 0 2
45 1 2
45 1 3
45 1 4
45 2 3
45 2 4
45 3 4
45 3 5
45 4 5
45 4 6
45 5 6
45 5 7
45 6 7
45 6 8
45 7 8
45 7 9
45 8 8
45 8 9
45 9 9
45 9 10
45 10 10
45 10 11
45 11 11
45 11 12
45 12 12
45 12 13
45 22 23
45 22 24
45 23 23
45 23 24
46 1 2
46 1 3
46 1 4
46 2 3
46 2 4
46 2 5
46 3 5
46 4 5
46 4 6
46 5 6
46 5 7
46 6 7
46 6 8
46 7 8
46 7 9
46 8 9
46 8 10
46 9 10
46 9 11
46 10 11
46 10 12
46 11 12
46 11 13
46 12 13
46 13 14
46 21 22
46 21 23
46 22 23
46 23 23
47 1 4
47 2 3
47 2 4
47 2 5
47 3 4
47 3 5
47 3 6
47 4 6
47 5 6
47 5 7
47 6 7
47 6 8
47 7 8
47 7 9
47 8 9
47 8 10
47 9 10
47 9 11
47 10 11
47 10 12
47 11 12
47 11 13
47 12 13
47 12 14
47 13 14
47 13 15
47 14 15
47 20 22
47 20 23
47 21 22
47 21 23
47 22 23
48 2 4
48 2 5
48 3 4
48 3 5
48 3 6
48 4 5
48 4 6
48 4 7
48 5 7
48 5 8
48 6 7
48 6 8
48 7 8
48 7 9
48 8 9
48 8 10
48 9 10
48 9 11
48 10 11
48 10 12
48 11 12
48 11 13
48 12 13
48 12 14
48 13 14
48 13 15
48 14 15
48 14 16
48 19 21
48 19 22
48 20 21
48 20 22
48 21 22
49 3 5
49 3 6
49 4 5
49 4 6
49 4 7
49 5 7
49 5 8
49 6 8
49 6 9
49 7 8
49 7 9
49 8 9
49 8 10
49 9 10
49 9 11
49 10 11
49 10 12
49 11 12
49 11 13
49 12 13
49 12 14
49 13 14
49 13 15
49 14 15
49 14 16
49 15 16
49 18 21
49 19 21
49 20 21
49 20 22
50 4 6
50 4 7
50 5 7
50 5 8
50 5 9
50 6 8
50 6 9
50 7 9
50 7 10
50 8 9
50 8 10
50 9 10
50 9 11
50 10 11
50 10 12
50 11 12
50 11 13
50 12 13
50 12 14
50 13 14
50 13 15
50 14 15
50 14 16
50 15 16
50 15 17
50 16 17
50 16 18
50 18 20
50 18 21
50 19 20
50 19 21
51 4 8
51 5 7
51 5 8
51 5 9
51 6 8
51 6 9
51 6 10
51 7 9
51 7 10
51 8 10
51 8 11
51 9 10
51 9 11
51 9 12
51 10 11
51 10 12
51 11 12
51 11 13
51 12 13
51 12 14
51 13 14
51 13 15
51 14 15
51 14 16
51 15 16
51 15 17
51 15 18
51 16 17
51 16 18
51 16 19
51 17 20
51 18 20
51 19 21
52 5 9
52 6 8
52 6 9
52 6 10
52 7 9
52 7 10
52 7 11
52 8 10
52 8 11
52 9 11
52 9 12
52 10 12
52 10 13
52 11 13
52 11 14
52 12 13
52 12 14
52 12 15
52 13 14
52 13 15
52 13 16
52 14 16
52 14 17
52 15 17
52 15 18
52 16 18
52 16 19
52 17 19
52 17 20
52 18 20
53 6 9
53 6 10
53 7 9
53 7 10
53 7 11
53 8 10
53 8 11
53 8 12
53 9 11
53 9 12
53 9 13
53 10 12
53 10 13
53 11 13
53 11 14
53 12 14
53 12 15
53 13 15
53 13 16
53 14 16
53 14 17
53 15 17
53 15 18
53 15 19
53 16 18
53 16 19
53 17 19
54 7 10
54 7 11
54 8 10
54 8 11
54 8 12
54 9 11
54 9 12
54 9 13
54 10 13
54 10 14
54 11 14
54 11 15
54 12 15
54 12 16
54 13 15
54 13 16
54 13 17
54 14 16
54 14 17
54 14 18
54 15 17
54 15 18
54 15 19
54 16 18
54 16 19
55 8 11
55 8 12
55 9 11
55 9 12
55 9 13
55 9 14
55 10 13
55 10 14
55 11 14
55 11 15
55 12 15
55 12 16
55 13 16
55 13 17
55 14 17
55 14 18
55 15 17
55 15 18
55 16 18
56 8 12
56 9 12
56 9 13
56 9 14
56 10 13
56 10 14
56 10 15
56 11 14
56 11 15
56 11 16
56 12 15
56 12 16
56 12 17
56 13 16
56 13 17
56 14 17
56 14 18
56 15 18
57 10 13
57 10 14
57 10 15
57 11 14
57 11 15
57 11 16
57 12 15
57 12 16
57 13 16
57 13 17
57 14 17
58 11 15
58 12 15
58 12 16
