3 10 14
3 11 14
3 11 15
3 12 15
3 12 16
3 13 16
3 13 17
3 14 17
4 9 13
4 10 13
4 10 14
4 10 15
4 11 14
4 11 15
4 11 16
4 12 15
4 12 16
4 12 17
4 13 16
4 13 17
4 13 18
4 14 17
4 14 18
4 15 18
5 8 12
5 9 12
5 9 13
5 9 14
5 10 13
5 10 14
5 10 15
5 11 14
5 11 15
5 11 16
5 12 15
5 12 16
5 12 17
5 13 16
5 13 17
5 13 18
5 14 17
5 14 18
5 15 18
5 16 19
6 8 11
6 8 12
6 9 11
6 9 12
6 9 13
6 10 13
6 10 14
6 11 14
6 11 15
6 12 15
6 12 16
6 13 16
6 13 17
6 14 17
6 14 18
6 15 18
6 15 19
6 16 18
6 16 19
7 7 10
7 7 11
7 8 10
7 8 11
7 8 12
7 9 11
7 9 12
7 9 13
7 10 13
7 10 14
7 11 14
7 11 15
7 12 15
7 12 16
7 13 16
7 13 17
7 14 17
7 14 18
7 15 18
7 15 19
7 16 19
7 17 19
7 17 20
8 6 9
8 6 10
8 7 9
8 7 10
8 7 11
8 8 10
8 8 11
8 8 12
8 9 11
8 9 12
8 9 13
8 10 12
8 10 13
8 11 13
8 11 14
8 12 14
8 12 15
8 13 15
8 13 16
8 14 16
8 14 17
8 15 17
8 15 18
8 15 19
8 16 19
8 16 20
8 17 19
8 17 20
8 18 20
9 5 8
9 5 9
9 6 8
9 6 9
9 6 10
9 7 9
9 7 10
9 7 11
9 8 10
9 8 11
9 9 11
9 9 12
9 10 12
9 10 13
9 11 13
9 11 14
9 12 14
9 12 15
9 13 15
9 13 16
9 14 16
9 14 17
9 15 17
9 15 18
9 16 18
9 16 19
9 16 20
9 17 20
9 17 21
9 18 20
9 18 21
9 19 21
10 4 7
10 4 8
10 5 7
10 5 8
10 5 9
10 6 8
10 6 9
10 6 10
10 7 9
10 7 10
10 8 10
10 8 11
10 9 11
10 9 12
10 10 12
10 10 13
10 11 13
10 11 14
10 12 14
10 12 15
10 13 15
10 13 16
10 14 16
10 14 17
10 15 17
10 15 18
10 16 18
10 16 19
10 18 20
10 18 21
10 19 21
11 4 6
11 4 7
11 5 7
11 5 8
11 5 9
11 6 8
11 6 9
11 7 9
11 7 10
11 8 9
11 8 10
11 9 10
11 9 11
11 10 11
11 10 12
11 10 13
11 11 12
11 11 13
11 12 13
11 12 14
11 12 15
11 13 14
11 13 15
11 13 16
11 14 15
11 14 16
11 14 17
11 15 17
11 15 18
11 16 18
11 18 21
11 19 21
11 19 22
11 20 21
11 20 22
12 3 5
12 3 6
12 4 5
12 4 6
12 4 7
12 5 7
12 5 8
12 6 8
12 6 9
12 7 8
12 7 9
12 8 9
12 8 10
12 9 10
12 9 11
12 10 11
12 10 12
12 11 12
12 11 13
12 12 13
12 12 14
12 13 14
12 13 15
12 14 15
12 14 16
12 15 16
12 15 17
12 19 22
12 20 21
12 20 22
12 21 22
12 21 23
13 2 4
13 2 5
13 3 4
13 3 5
13 3 6
13 4 5
13 4 6
13 4 7
13 5 7
13 5 8
13 6 7
13 6 8
13 7 8
13 7 9
13 8 9
13 8 10
13 9 10
13 9 11
13 10 11
13 10 12
13 11 12
13 11 13
13 12 13
13 12 14
13 13 14
13 13 15
13 14 15
13 14 16
13 20 22
13 20 23
13 21 22
13 21 23
13 22 23
14 1 3
14 1 4
14 2 3
14 2 4
14 2 5
14 3 4
14 3 5
14 3 6
14 4 6
14 5 6
14 5 7
14 6 7
14 6 8
14 7 8
14 7 9
14 8 9
14 8 10
14 9 10
14 9 11
14 10 11
14 10 12
14 11 12
14 11 13
14 12 13
14 12 14
14 13 14
14 13 15
14 21 23
14 22 23
14 22 24
14 23 24
15 1 2
15 1 3
15 1 4
15 2 3
15 2 4
15 2 5
15 3 5
15 4 5
15 4 6
15 5 6
15 5 7
15 6 7
15 6 8
15 7 7
15 7 8
15 7 9
15 8 9
15 8 10
15 9 9
15 9 10
15 9 11
15 10 11
15 10 12
15 11 12
15 11 13
15 12 13
15 12 14
15 13 14
15 22 23
15 22 24
15 23 23
15 23 24
16 0 2
16 0 3
16 1 2
16 1 3
16 1 4
16 2 3
16 2 4
16 3 4
16 3 5
16 4 5
16 4 6
16 5 6
16 6 6
16 6 7
16 7 7
16 7 8
16 8 8
16 8 9
16 9 9
16 9 10
16 10 10
16 10 11
16 11 11
16 11 12
16 12 13
16 22 24
16 23 24
16 23 25
16 24 24
16 24 25
17 0 1
17 0 2
17 1 2
17 1 3
17 2 3
17 2 4
17 3 4
17 3 5
17 4 5
17 5 5
17 5 6
17 6 6
17 6 7
17 7 7
17 7 8
17 8 8
17 8 9
17 9 9
17 9 10
17 10 10
17 10 11
17 11 11
17 11 12
17 23 24
17 23 25
17 24 24
17 24 25
17 25 25
18 0 1
18 0 2
18 1 1
18 1 2
18 1 3
18 2 3
18 2 4
18 3 4
18 3 5
18 4 4
18 4 5
18 5 5
18 5 6
18 6 6
18 6 7
18 7 7
18 7 8
18 8 8
18 8 9
18 9 9
18 9 10
18 10 10
18 10 11
18 24 25
18 24 26
18 25 25
18 25 26
18 26 26
19 0 1
19 0 2
19 1 1
19 1 2
19 1 3
19 2 3
19 2 4
19 3 4
19 4 4
19 4 5
19 5 5
19 5 6
19 6 6
19 6 7
19 7 7
19 7 8
19 8 8
19 8 9
19 9 9
19 9 10
19 10 10
19 24 26
19 25 25
19 25 26
19 26 25
19 26 26
19 27 25
19 27 26
20 0 2
20 1 1
20 1 2
20 1 3
20 2 2
20 2 3
20 3 3
20 3 4
20 4 4
20 4 5
20 5 5
20 5 6
20 6 5
20 6 6
20 7 6
20 7 7
20 8 7
20 8 8
20 9 9
20 25 26
20 26 25
20 26 26
20 26 27
20 27 25
20 27 26
20 27 27
20 28 25
20 28 26
20 29 25
20 29 26
20 30 25
20 30 26
21 1 2
21 2 2
21 2 3
21 3 3
21 3 4
21 4 4
21 4 5
21 5 5
21 6 5
21 6 6
21 7 6
21 7 7
21 8 7
21 8 8
21 26 27
21 27 21
21 27 22
21 27 23
21 27 26
21 27 27
21 28 21
21 28 22
21 28 23
21 28 25
21 29 21
21 29 22
21 29 25
21 29 26
21 29 27
21 30 24
21 30 25
21 30 27
21 31 24
21 31 25
21 32 25
22 1 2
22 2 2
22 2 3
22 3 3
22 3 4
22 4 4
22 4 5
22 5 5
22 6 5
22 6 6
22 7 6
22 7 7
22 26 20
22 26 21
22 27 20
22 27 21
22 28 20
22 28 21
22 28 27
22 28 28
22 29 21
22 29 28
22 29 29
22 30 25
22 30 27
22 30 28
22 31 24
22 31 25
22 32 24
22 32 25
22 33 24
22 34 24
23 2 3
23 3 3
23 3 4
23 4 3
23 4 4
23 4 5
23 5 5
23 6 5
23 6 6
23 25 20
23 26 19
23 26 20
23 27 19
23 27 20
23 28 20
23 28 28
23 29 28
23 29 29
23 30 28
23 30 29
23 32 24
23 32 25
23 33 24
23 33 25
23 34 24
23 35 23
23 35 24
23 36 24
24 3 3
24 3 4
24 4 3
24 4 4
24 4 5
24 5 4
24 5 5
24 24 19
24 25 19
24 26 18
24 26 19
24 27 18
24 27 19
24 27 29
24 27 30
24 27 31
24 28 29
24 29 28
24 29 29
24 30 29
24 34 24
24 35 23
24 35 24
24 36 23
24 36 24
24 37 23
24 37 24
24 38 23
25 4 4
25 4 5
25 5 4
25 5 5
25 24 18
25 24 19
25 25 17
25 25 18
25 25 19
25 26 17
25 26 18
25 26 31
25 26 32
25 26 33
25 29 29
25 30 29
25 30 30
25 31 29
25 31 30
25 36 23
25 36 24
25 37 23
25 38 23
25 39 22
25 39 23
25 40 23
26 4 5
26 5 4
26 5 5
26 6 5
26 23 17
26 23 18
26 24 16
26 24 17
26 25 16
26 25 17
26 25 34
26 26 17
26 26 33
26 30 29
26 30 30
26 31 29
26 31 30
26 32 30
26 38 23
26 39 22
26 39 23
26 40 22
26 40 23
26 41 22
26 41 23
26 42 22
27 5 5
27 6 5
27 6 6
27 7 5
27 7 6
27 22 16
27 23 16
27 23 17
27 24 16
27 24 36
27 24 37
27 25 16
27 25 35
27 31 30
27 31 31
27 32 30
27 32 31
27 33 31
27 40 23
27 41 22
27 41 23
27 42 22
27 43 21
27 43 22
27 44 22
28 6 6
28 7 5
28 7 6
28 8 6
28 8 7
28 21 15
28 22 15
28 23 15
28 23 16
28 23 38
28 24 15
28 24 37
28 24 38
28 32 30
28 32 31
28 33 31
28 33 32
28 42 22
28 43 21
28 43 22
28 44 21
28 44 22
28 45 21
28 45 22
28 46 21
29 7 6
29 7 7
29 8 6
29 8 7
29 9 7
29 21 14
29 21 15
29 22 14
29 22 15
29 23 14
29 23 15
29 23 39
29 23 40
29 32 31
29 33 31
29 33 32
29 34 32
29 44 20
29 44 22
29 45 20
29 45 21
29 45 22
29 46 21
29 47 21
29 48 21
30 8 7
30 9 7
30 9 8
30 20 13
30 20 14
30 21 13
30 21 14
30 22 13
30 22 14
30 22 40
30 23 13
30 33 32
30 34 32
30 35 33
30 44 19
30 44 20
30 45 20
30 46 21
30 47 21
30 48 20
30 48 21
30 49 20
30 49 21
30 50 20
31 8 7
31 8 8
31 9 7
31 9 8
31 10 8
31 19 12
31 19 13
31 20 12
31 20 13
31 21 12
31 21 13
31 22 12
31 22 13
31 34 32
31 34 33
31 35 32
31 35 33
31 36 33
31 43 18
31 43 19
31 44 19
31 48 21
31 49 20
31 49 21
31 50 20
31 50 21
31 51 20
31 52 20
32 9 8
32 10 8
32 10 9
32 11 8
32 11 9
32 18 11
32 19 11
32 19 12
32 20 11
32 20 12
32 20 40
32 21 11
32 21 12
32 21 40
32 35 33
32 35 34
32 36 33
32 36 34
32 42 17
32 42 18
32 43 18
32 50 20
32 51 20
32 52 20
33 10 8
33 10 9
33 11 8
33 11 9
33 12 9
33 17 10
33 18 10
33 18 11
33 19 10
33 19 11
33 19 39
33 20 10
33 20 11
33 20 39
33 20 40
33 36 33
33 36 34
33 37 34
33 41 16
33 41 17
33 42 16
33 42 17
33 42 18
33 43 18
34 11 9
34 11 10
34 12 9
34 12 10
34 13 10
34 17 9
34 17 10
34 18 9
34 18 10
34 19 9
34 19 10
34 19 38
34 19 39
34 36 34
34 37 34
34 37 35
34 38 35
34 40 15
34 40 16
34 41 15
34 41 16
34 42 16
35 11 10
35 12 9
35 12 10
35 13 10
35 13 11
35 14 10
35 16 10
35 16 11
35 17 9
35 17 10
35 18 9
35 18 37
35 18 38
35 19 9
35 37 34
35 37 35
35 38 35
35 39 35
35 39 36
35 40 14
35 40 15
35 41 15
35 41 16
36 12 10
36 13 10
36 13 11
36 14 9
36 14 10
36 14 11
36 15 9
36 15 10
36 15 11
36 16 9
36 16 10
36 16 11
36 17 9
36 17 10
36 17 36
36 17 37
36 18 9
36 18 37
36 38 35
36 38 36
36 39 13
36 39 14
36 39 35
36 39 36
36 40 14
36 40 36
37 13 11
37 14 9
37 14 10
37 14 11
37 15 9
37 15 10
37 15 13
37 16 9
37 16 10
37 16 35
37 17 9
37 17 10
37 17 36
37 18 9
37 38 13
37 38 35
37 39 13
37 39 35
37 39 36
37 40 36
37 40 37
38 13 16
38 14 11
38 14 12
38 14 15
38 14 16
38 15 9
38 15 10
38 15 11
38 15 12
38 15 13
38 16 9
38 16 10
38 16 11
38 16 12
38 16 34
38 16 35
38 17 9
38 18 9
38 19 8
38 19 9
38 20 8
38 20 9
38 37 12
38 38 12
38 38 13
38 38 34
38 38 35
38 39 13
38 39 35
38 39 36
38 39 37
38 40 36
38 40 37
38 41 37
39 13 16
39 13 17
39 13 18
39 14 15
39 14 16
39 15 10
39 15 11
39 15 12
39 16 10
39 16 11
39 16 12
39 16 13
39 18 9
39 19 8
39 19 9
39 20 8
39 20 9
39 21 8
39 21 9
39 22 8
39 23 8
39 36 11
39 37 11
39 37 33
39 37 34
39 38 11
39 38 34
39 38 35
39 40 37
39 41 37
39 41 38
39 42 37
39 42 38
40 12 18
40 12 19
40 13 17
40 13 18
40 14 15
40 14 16
40 14 17
40 14 33
40 15 12
40 15 13
40 15 15
40 16 11
40 16 12
40 16 13
40 17 13
40 20 9
40 21 8
40 21 9
40 22 8
40 23 7
40 23 8
40 24 7
40 24 8
40 36 10
40 36 32
40 36 33
40 37 10
40 37 11
40 37 33
40 37 34
40 38 33
40 38 34
40 41 37
40 41 38
40 42 37
40 42 38
40 43 38
41 11 20
41 11 21
41 12 19
41 12 20
41 12 21
41 13 17
41 13 18
41 13 19
41 13 32
41 14 17
41 16 13
41 17 13
41 17 14
41 18 14
41 22 8
41 23 7
41 23 8
41 24 7
41 24 8
41 25 7
41 25 8
41 26 7
41 27 7
41 35 9
41 35 31
41 35 32
41 36 9
41 36 10
41 36 31
41 36 32
41 37 32
41 37 33
41 42 38
41 42 39
41 43 38
41 43 39
41 44 39
42 10 23
42 11 21
42 11 22
42 11 23
42 12 19
42 12 20
42 12 21
42 13 18
42 13 19
42 13 31
42 17 13
42 17 14
42 18 13
42 18 14
42 19 14
42 19 15
42 24 8
42 25 7
42 25 8
42 26 7
42 27 6
42 27 7
42 28 7
42 29 7
42 34 8
42 34 31
42 35 8
42 35 9
42 35 30
42 35 31
42 35 32
42 36 31
42 36 32
42 43 38
42 43 39
42 44 39
43 10 23
43 10 24
43 10 25
43 11 21
43 11 22
43 11 23
43 12 20
43 12 21
43 12 22
43 12 30
43 18 14
43 18 15
43 19 14
43 19 15
43 20 15
43 26 7
43 27 7
43 28 6
43 28 7
43 29 6
43 29 7
43 30 6
43 31 6
43 33 7
43 34 7
43 34 8
43 34 29
43 34 30
43 34 31
43 35 8
43 35 30
43 35 31
44 9 26
44 10 24
44 10 25
44 10 26
44 11 22
44 11 23
44 11 24
44 11 29
44 12 22
44 18 15
44 19 15
44 20 15
44 20 16
44 28 7
44 29 6
44 29 7
44 30 6
44 31 6
44 32 5
44 32 6
44 33 6
44 33 7
44 33 28
44 33 29
44 34 6
44 34 7
44 34 29
44 34 30
45 10 25
45 10 26
45 10 27
45 11 24
45 11 28
45 19 15
45 19 16
45 20 15
45 20 16
45 21 16
45 31 6
45 32 5
45 32 6
45 32 28
45 33 5
45 33 6
45 33 28
45 33 29
45 34 5
45 34 29
45 35 5
46 20 16
46 21 16
46 22 17
46 32 27
46 32 28
46 33 5
46 33 6
46 33 27
46 33 28
46 34 5
46 34 6
46 35 5
46 36 5
46 37 5
47 21 16
47 21 17
47 22 16
47 22 17
47 23 17
47 31 26
47 32 26
47 35 5
47 36 4
47 36 5
47 37 4
47 37 5
47 38 4
47 38 5
47 39 4
48 22 17
48 22 18
48 23 17
48 23 18
48 30 25
48 30 26
48 31 25
48 31 26
48 37 4
48 37 5
48 38 4
48 38 5
48 39 4
49 22 18
49 23 17
49 23 18
49 24 18
49 24 19
49 29 24
49 30 24
49 30 25
49 31 25
50 23 18
50 23 19
50 24 18
50 24 19
50 25 19
50 28 23
50 29 23
50 29 24
50 30 24
51 24 19
51 25 19
51 26 19
51 26 20
51 27 22
51 28 22
51 28 23
51 29 23
52 25 19
52 25 20
52 26 19
52 26 20
52 27 21
52 27 22
52 28 21
52 28 22
53 25 20
53 26 20
53 26 21
53 27 20
53 27 21
53 28 21
54 26 20
54 26 21
54 27 20
54 27 21
54 28 21
55 27 21
55 28 21
55 28 22
55 29 22
56 28 21
56 28 22
56 29 22
56 30 22
57 29 22
57 29 23
57 30 22
57 30 23
58 29 23
58 30 22
58 30 23
58 31 23
59 30 23
59 31 23
