2 29 22
2 29 23
2 29 24
2 29 25
2 30 23
2 30 24
3 29 18
3 29 19
3 29 20
3 29 21
3 29 22
3 30 19
3 30 20
3 30 21
3 30 22
3 30 23
3 31 21
3 31 22
3 31 23
3 31 24
4 0 30
4 0 31
4 1 30
4 2 31
4 29 16
4 29 17
4 29 18
4 29 19
4 30 17
4 30 18
4 30 19
4 30 20
4 30 21
4 31 18
4 31 19
4 31 20
4 31 21
5 0 30
5 1 30
5 2 30
5 2 31
5 3 30
5 3 31
5 29 12
5 29 13
5 29 14
5 29 15
5 30 13
5 30 14
5 30 15
5 30 16
5 30 17
5 31 14
5 31 15
5 31 16
5 31 17
5 31 18
6 2 30
6 3 30
6 4 30
6 4 31
6 5 30
6 5 31
6 6 31
6 29 9
6 29 10
6 29 11
6 29 12
6 30 10
6 30 11
6 30 12
6 30 13
6 30 14
6 31 12
6 31 13
6 31 14
7 4 30
7 4 31
7 5 30
7 5 31
7 6 31
7 7 31
7 7 32
7 8 31
7 29 5
7 29 6
7 29 7
7 29 8
7 29 9
7 30 6
7 30 7
7 30 8
7 30 9
7 30 10
7 31 8
7 31 9
7 31 10
7 31 11
8 6 31
8 7 31
8 8 28
8 8 29
8 8 30
8 8 31
8 8 32
8 9 31
8 9 32
8 10 32
8 29 3
8 29 4
8 29 5
8 30 3
8 30 4
8 30 5
8 30 6
8 30 7
8 31 5
8 31 6
8 31 7
8 31 8
9 8 26
9 8 27
9 8 28
9 8 29
9 8 30
9 8 31
9 9 31
9 10 31
9 10 32
9 11 31
9 11 32
9 12 32
9 29 2
9 29 3
9 30 2
9 30 3
9 30 4
9 31 3
9 31 4
9 31 5
10 8 22
10 8 23
10 8 24
10 8 25
10 8 27
10 10 32
10 11 32
10 12 32
10 12 33
10 13 32
10 14 32
10 14 33
10 29 1
10 29 2
10 30 1
10 30 2
10 31 2
10 31 3
11 8 19
11 8 20
11 8 21
11 8 22
11 8 24
11 12 32
11 13 32
11 14 32
11 14 33
11 15 32
11 15 33
11 16 33
11 29 1
11 30 1
11 30 2
11 31 2
12 8 16
12 8 17
12 8 18
12 8 19
12 8 21
12 14 32
12 15 32
12 16 32
12 16 33
12 17 32
12 17 33
12 18 33
12 29 1
12 30 1
12 30 2
12 31 2
13 0 0
13 1 0
13 1 1
13 2 1
13 8 12
13 8 13
13 8 14
13 8 15
13 8 16
13 16 33
13 17 33
13 18 33
13 19 33
13 19 34
13 20 33
13 20 34
13 29 1
13 29 2
13 30 1
13 30 2
13 31 2
14 0 0
14 1 0
14 1 1
14 2 0
14 2 1
14 3 0
14 3 1
14 4 1
14 8 9
14 8 10
14 8 11
14 8 12
14 8 13
14 8 14
14 18 33
14 19 33
14 20 33
14 20 34
14 21 33
14 21 34
14 22 33
14 22 34
14 29 1
14 29 2
14 30 2
14 31 2
14 31 3
15 2 1
15 3 1
15 4 1
15 4 2
15 5 1
15 5 2
15 6 1
15 6 2
15 8 6
15 8 7
15 8 8
15 8 9
15 8 10
15 20 33
15 21 33
15 22 33
15 22 34
15 23 33
15 23 34
15 24 34
15 29 2
15 30 2
15 30 3
15 31 3
16 4 1
16 5 1
16 6 1
16 6 2
16 7 1
16 7 2
16 8 2
16 8 3
16 8 4
16 8 5
16 8 6
16 22 34
16 23 34
16 24 34
16 24 35
16 25 34
16 25 35
16 26 35
16 29 2
16 29 3
16 30 2
16 30 3
16 31 3
17 6 1
17 7 1
17 7 2
17 8 1
17 8 2
17 8 3
17 8 4
17 9 2
17 10 2
17 24 34
17 25 34
17 26 34
17 26 35
17 27 34
17 27 35
17 28 34
17 28 35
17 29 2
17 29 3
17 30 3
17 31 3
17 31 4
18 8 2
18 9 2
18 10 2
18 10 3
18 11 2
18 11 3
18 12 2
18 12 3
18 26 34
18 26 35
18 26 36
18 27 34
18 27 35
18 27 36
18 28 34
18 28 35
18 28 36
18 29 3
18 29 34
18 29 35
18 30 3
18 30 4
18 31 4
19 10 2
19 11 2
19 12 2
19 12 3
19 13 2
19 13 3
19 14 3
19 27 36
19 28 35
19 28 36
19 29 3
19 29 4
19 29 35
19 29 36
19 30 3
19 30 4
19 31 4
19 32 36
20 12 2
20 13 2
20 13 3
20 14 2
20 14 3
20 15 3
20 16 3
20 16 4
20 27 37
20 28 37
20 29 3
20 29 4
20 29 35
20 29 37
20 30 4
20 31 4
20 31 5
20 32 35
20 32 36
20 33 35
20 33 36
20 34 35
20 34 36
21 14 3
21 15 3
21 16 3
21 16 4
21 17 3
21 17 4
21 18 3
21 18 4
21 28 37
21 29 4
21 29 35
21 29 36
21 29 37
21 30 4
21 30 5
21 31 5
21 32 35
21 32 36
21 33 35
21 33 36
21 34 35
21 34 36
21 35 36
21 36 36
22 16 3
22 17 3
22 18 3
22 18 4
22 19 3
22 19 4
22 20 4
22 25 37
22 26 36
22 26 37
22 27 36
22 27 37
22 28 36
22 28 37
22 29 4
22 29 5
22 29 36
22 29 37
22 30 4
22 30 5
22 31 5
22 31 6
22 32 36
22 33 36
22 34 36
22 35 36
22 36 36
22 36 37
22 37 36
22 37 37
22 38 36
22 38 37
23 18 3
23 19 3
23 19 4
23 20 3
23 20 4
23 21 4
23 21 5
23 21 37
23 22 4
23 22 5
23 22 36
23 22 37
23 23 36
23 23 37
23 24 36
23 24 37
23 25 36
23 25 37
23 26 36
23 27 36
23 28 36
23 29 4
23 29 5
23 29 36
23 30 5
23 30 6
23 31 5
23 31 6
23 36 36
23 37 36
23 38 36
23 38 37
23 39 36
23 39 37
23 40 36
23 40 37
24 17 37
24 17 38
24 18 37
24 19 37
24 20 4
24 20 37
24 21 4
24 21 36
24 21 37
24 22 4
24 22 36
24 22 37
24 23 4
24 23 5
24 23 36
24 23 37
24 24 4
24 24 5
24 24 36
24 25 36
24 29 5
24 29 36
24 30 5
24 30 6
24 31 6
24 38 36
24 39 36
24 39 37
24 40 36
24 40 37
24 41 37
24 42 37
24 42 38
25 12 37
25 12 38
25 13 37
25 13 38
25 14 37
25 14 38
25 15 37
25 15 38
25 16 37
25 16 38
25 17 37
25 18 37
25 19 37
25 20 37
25 22 4
25 23 4
25 24 4
25 24 5
25 25 4
25 25 5
25 26 5
25 29 5
25 29 6
25 30 5
25 30 6
25 31 6
25 40 37
25 41 37
25 42 37
25 42 38
25 43 37
25 43 38
25 44 37
25 44 38
26 7 38
26 8 37
26 8 38
26 9 37
26 9 38
26 10 37
26 10 38
26 11 37
26 11 38
26 12 37
26 13 37
26 14 37
26 15 37
26 24 4
26 25 4
26 25 5
26 26 4
26 26 5
26 27 5
26 27 6
26 28 5
26 28 6
26 29 6
26 30 6
26 30 7
26 31 6
26 31 7
26 43 37
26 44 37
26 44 38
26 45 37
26 45 38
26 46 37
26 46 38
27 3 38
27 3 39
27 4 38
27 4 39
27 5 38
27 5 39
27 6 38
27 7 38
27 8 35
27 8 36
27 8 37
27 8 38
27 9 35
27 9 36
27 9 37
27 9 38
27 10 38
27 11 38
27 26 5
27 27 5
27 28 5
27 28 6
27 29 5
27 29 6
27 30 5
27 30 6
27 30 7
27 31 7
27 45 38
27 46 38
27 47 38
27 48 38
27 48 39
28 0 38
28 0 39
28 1 38
28 1 39
28 2 38
28 2 39
28 3 38
28 4 38
28 5 38
28 6 38
28 7 38
28 8 31
28 8 32
28 8 33
28 8 34
28 8 35
28 9 32
28 9 33
28 9 34
28 9 35
28 9 36
28 27 5
28 28 5
28 29 5
28 29 7
28 30 5
28 30 6
28 30 7
28 31 5
28 31 6
28 31 7
28 32 5
28 32 6
28 47 38
28 48 38
28 49 38
28 49 39
28 50 38
28 50 39
29 0 38
29 1 38
29 2 38
29 3 38
29 8 28
29 8 29
29 8 30
29 8 31
29 9 28
29 9 29
29 9 30
29 9 31
29 9 32
29 28 5
29 29 5
29 30 5
29 30 6
29 30 7
29 30 8
29 31 6
29 31 8
29 32 6
29 33 6
29 33 7
29 34 6
29 34 7
29 49 36
29 49 37
29 49 38
29 50 36
29 50 37
29 50 38
29 51 37
29 51 38
29 51 39
29 52 38
29 52 39
30 8 24
30 8 25
30 8 26
30 8 27
30 8 28
30 9 24
30 9 25
30 9 26
30 9 27
30 9 28
30 9 29
30 29 5
30 29 7
30 30 5
30 30 8
30 31 5
30 31 6
30 31 7
30 31 8
30 32 6
30 32 7
30 33 6
30 34 6
30 34 7
30 35 6
30 35 7
30 36 6
30 36 7
30 49 34
30 49 35
30 49 36
30 50 34
30 50 35
30 50 36
30 50 37
30 51 35
30 51 36
30 51 37
30 51 38
30 52 36
30 52 37
30 52 38
30 52 39
30 53 38
30 53 39
30 54 39
30 54 40
31 8 22
31 8 23
31 8 24
31 9 22
31 9 23
31 9 24
31 9 25
31 9 26
31 25 7
31 26 7
31 27 6
31 27 7
31 28 6
31 28 7
31 29 5
31 29 6
31 29 7
31 30 5
31 30 6
31 31 5
31 31 6
31 32 6
31 33 6
31 35 6
31 36 6
31 36 7
31 37 6
31 37 7
31 38 7
31 49 31
31 49 32
31 49 33
31 50 31
31 50 32
31 50 33
31 50 34
31 50 35
31 51 32
31 51 33
31 51 34
31 51 35
31 52 34
31 52 35
31 52 36
31 52 37
31 53 36
31 53 37
31 53 38
31 54 36
31 54 37
31 54 38
31 54 39
31 55 38
31 55 39
31 55 40
31 56 39
31 56 40
32 8 18
32 8 19
32 8 20
32 8 21
32 9 18
32 9 19
32 9 20
32 9 21
32 9 22
32 9 23
32 20 8
32 21 7
32 21 8
32 22 7
32 22 8
32 23 7
32 23 8
32 24 7
32 24 8
32 25 7
32 26 7
32 27 7
32 28 7
32 29 7
32 29 8
32 29 9
32 29 10
32 30 6
32 30 8
32 30 9
32 30 10
32 31 6
32 36 7
32 37 7
32 38 7
32 39 7
32 39 8
32 40 7
32 40 8
32 49 27
32 49 28
32 49 29
32 49 30
32 50 28
32 50 29
32 50 30
32 50 31
32 50 32
32 51 30
32 51 31
32 51 32
32 51 33
32 51 34
32 52 31
32 52 32
32 52 33
32 52 34
32 52 35
32 53 33
32 53 34
32 53 35
32 53 36
32 54 34
32 54 35
32 54 36
32 54 37
32 55 35
32 55 36
32 55 37
32 55 38
32 56 36
32 56 37
32 56 38
32 56 39
32 57 38
32 57 39
32 57 40
32 58 39
33 8 15
33 8 16
33 8 17
33 8 18
33 9 15
33 9 16
33 9 17
33 9 18
33 9 19
33 16 8
33 17 7
33 17 8
33 18 7
33 18 8
33 19 7
33 19 8
33 20 7
33 20 8
33 21 7
33 22 7
33 23 7
33 24 7
33 25 7
33 29 10
33 38 7
33 39 7
33 40 7
33 40 8
33 41 7
33 41 8
33 42 7
33 42 8
33 49 24
33 49 25
33 49 26
33 49 27
33 50 25
33 50 26
33 50 27
33 50 28
33 50 29
33 51 27
33 51 28
33 51 29
33 51 30
33 52 28
33 52 29
33 52 30
33 52 31
33 52 32
33 53 30
33 53 31
33 53 32
33 53 33
33 54 31
33 54 32
33 54 33
33 54 34
33 54 35
33 55 33
33 55 34
33 55 35
33 55 36
33 56 34
33 56 35
33 56 36
33 56 37
33 57 36
33 57 37
33 57 38
33 58 37
33 58 38
33 58 39
33 59 37
33 59 38
34 8 11
34 8 12
34 8 13
34 8 14
34 8 15
34 9 12
34 9 13
34 9 14
34 9 15
34 9 16
34 11 8
34 12 8
34 13 8
34 14 7
34 14 8
34 15 7
34 15 8
34 16 7
34 16 8
34 17 7
34 17 8
34 18 7
34 19 7
34 20 7
34 41 7
34 42 7
34 42 8
34 43 7
34 43 8
34 44 8
34 49 21
34 49 22
34 49 23
34 49 24
34 50 22
34 50 23
34 50 24
34 50 25
34 50 26
34 51 23
34 51 24
34 51 25
34 51 26
34 51 27
34 52 25
34 52 26
34 52 27
34 52 28
34 52 29
34 53 27
34 53 28
34 53 29
34 53 30
34 54 28
34 54 29
34 54 30
34 54 31
34 54 32
34 55 30
34 55 31
34 55 32
34 55 33
34 56 32
34 56 33
34 56 34
34 56 35
34 57 33
34 57 34
34 57 35
34 57 36
34 58 34
34 58 35
34 58 36
34 58 37
34 59 34
34 59 35
34 59 36
34 59 37
34 59 38
34 60 36
34 60 37
35 7 9
35 8 8
35 8 9
35 8 10
35 8 11
35 9 8
35 9 9
35 9 10
35 9 11
35 9 12
35 9 13
35 10 8
35 10 9
35 11 8
35 11 9
35 12 8
35 13 8
35 14 8
35 15 8
35 16 8
35 42 8
35 43 8
35 44 8
35 45 8
35 45 9
35 46 8
35 46 9
35 49 18
35 49 19
35 49 20
35 49 21
35 50 19
35 50 20
35 50 21
35 50 22
35 50 23
35 51 20
35 51 21
35 51 22
35 51 23
35 51 24
35 52 22
35 52 23
35 52 24
35 52 25
35 52 26
35 53 24
35 53 25
35 53 26
35 53 27
35 53 28
35 54 26
35 54 27
35 54 28
35 54 29
35 55 27
35 55 28
35 55 29
35 55 30
35 55 31
35 56 29
35 56 30
35 56 31
35 56 32
35 57 30
35 57 31
35 57 32
35 57 33
35 58 31
35 58 32
35 58 33
35 58 34
35 59 31
35 59 32
35 59 33
35 59 34
35 59 35
35 60 32
35 60 33
35 60 34
35 60 35
35 60 36
36 3 8
36 3 9
36 4 8
36 4 9
36 5 8
36 5 9
36 6 8
36 6 9
36 7 8
36 7 9
36 8 8
36 9 8
36 10 8
36 11 8
36 12 8
36 44 8
36 45 8
36 46 8
36 47 8
36 47 9
36 48 8
36 48 9
36 49 15
36 49 16
36 49 17
36 49 18
36 50 16
36 50 17
36 50 18
36 50 19
36 50 20
36 51 17
36 51 18
36 51 19
36 51 20
36 51 21
36 52 19
36 52 20
36 52 21
36 52 22
36 52 23
36 53 21
36 53 22
36 53 23
36 53 24
36 54 22
36 54 23
36 54 24
36 54 25
36 54 26
36 55 24
36 55 25
36 55 26
36 55 27
36 55 28
36 56 26
36 56 27
36 56 28
36 56 29
36 56 30
36 57 27
36 57 28
36 57 29
36 57 30
36 58 28
36 58 29
36 58 30
36 59 28
36 59 29
36 59 30
36 59 31
36 59 32
36 60 29
36 60 30
36 60 31
36 60 32
36 60 33
37 0 9
37 1 8
37 1 9
37 2 8
37 2 9
37 3 8
37 3 9
37 4 8
37 4 9
37 5 8
37 6 8
37 7 8
37 47 8
37 48 8
37 48 9
37 49 8
37 49 9
37 49 14
37 49 15
37 50 9
37 50 14
37 50 15
37 50 16
37 50 17
37 51 14
37 51 15
37 51 16
37 51 17
37 51 18
37 52 16
37 52 17
37 52 18
37 52 19
37 52 20
37 53 18
37 53 19
37 53 20
37 53 21
37 53 22
37 54 20
37 54 21
37 54 22
37 54 23
37 55 21
37 55 22
37 55 23
37 55 24
37 55 25
37 56 23
37 56 24
37 56 25
37 56 26
37 56 27
37 57 24
37 57 25
37 57 26
37 57 27
37 58 25
37 58 26
37 58 27
37 59 25
37 59 26
37 59 27
37 59 28
37 60 26
37 60 27
37 60 28
37 60 29
38 0 9
38 1 9
38 2 9
38 3 9
38 49 9
38 50 9
38 51 9
38 51 10
38 51 14
38 51 15
38 52 9
38 52 10
38 52 13
38 52 14
38 52 15
38 52 16
38 52 17
38 53 13
38 53 14
38 53 15
38 53 16
38 53 17
38 53 18
38 53 19
38 54 16
38 54 17
38 54 18
38 54 19
38 54 20
38 54 21
38 55 18
38 55 19
38 55 20
38 55 21
38 55 22
38 56 19
38 56 20
38 56 21
38 56 22
38 56 23
38 56 24
38 57 20
38 57 21
38 57 22
38 57 23
38 57 24
38 58 21
38 58 22
38 58 23
38 58 24
38 59 21
38 59 22
38 59 23
38 59 24
38 59 25
38 60 23
38 60 24
38 60 25
38 60 26
39 51 9
39 52 9
39 53 9
39 53 10
39 53 12
39 53 13
39 53 14
39 53 15
39 54 9
39 54 10
39 54 12
39 54 13
39 54 14
39 54 15
39 54 16
39 54 17
39 55 12
39 55 13
39 55 14
39 55 15
39 55 16
39 55 17
39 55 18
39 56 13
39 56 14
39 56 15
39 56 16
39 56 17
39 56 18
39 56 19
39 56 20
39 57 16
39 57 17
39 57 18
39 57 19
39 57 20
39 57 21
39 58 17
39 58 18
39 58 19
39 58 20
39 58 21
39 59 18
39 59 19
39 59 20
39 59 21
39 59 22
39 60 19
39 60 20
39 60 21
39 60 22
39 60 23
40 53 9
40 54 9
40 54 10
40 55 9
40 55 10
40 55 11
40 55 12
40 55 13
40 56 10
40 56 11
40 56 12
40 56 13
40 56 14
40 56 15
40 57 11
40 57 12
40 57 13
40 57 14
40 57 15
40 57 16
40 58 13
40 58 14
40 58 15
40 58 16
40 58 17
40 58 18
40 59 15
40 59 16
40 59 17
40 59 18
40 59 19
40 60 16
40 60 17
40 60 18
40 60 19
40 60 20
41 55 10
41 56 10
41 57 10
41 57 11
41 57 12
41 58 11
41 58 12
41 58 13
41 58 14
41 59 12
41 59 13
41 59 14
41 59 15
41 60 13
41 60 14
41 60 15
41 60 16
41 60 17
42 57 11
42 58 11
42 58 12
42 59 12
42 59 13
42 59 14
