2 38 22
2 38 23
2 39 22
2 39 23
3 38 22
3 38 23
3 39 22
3 39 23
4 38 23
4 39 22
4 39 23
4 40 23
5 39 23
5 40 23
6 39 23
6 39 24
6 40 23
7 24 43
7 24 44
7 25 43
7 25 44
7 39 23
7 39 24
7 40 23
7 40 24
8 24 43
8 24 44
8 25 43
8 26 43
8 39 23
8 39 24
8 40 23
8 40 24
9 15 5
9 16 5
9 24 43
9 25 42
9 25 43
9 26 42
9 39 24
9 40 23
9 40 24
10 15 5
10 16 5
10 25 43
10 26 42
10 27 42
10 37 21
10 37 22
10 38 22
10 38 23
10 39 23
10 39 24
10 40 24
10 41 24
11 15 5
11 15 6
11 16 5
11 17 6
11 26 42
11 27 41
11 27 42
11 28 41
11 28 42
11 33 19
11 34 19
11 34 20
11 35 20
11 36 21
11 37 21
11 37 22
11 38 22
11 40 24
11 40 25
11 41 24
11 41 25
12 15 5
12 15 6
12 16 5
12 16 6
12 17 6
12 27 41
12 28 40
12 28 41
12 29 41
12 30 16
12 30 17
12 31 17
12 31 18
12 32 18
12 33 18
12 33 19
12 34 19
12 34 20
12 35 20
12 40 24
12 40 25
12 41 24
12 41 25
13 16 5
13 16 6
13 17 6
13 25 38
13 26 14
13 26 38
13 26 39
13 27 14
13 27 15
13 27 39
13 27 40
13 28 14
13 28 15
13 28 40
13 29 15
13 29 16
13 29 40
13 29 41
13 30 16
13 30 17
13 30 40
13 31 17
13 31 18
13 40 24
13 40 25
13 41 25
14 0 26
14 1 26
14 2 26
14 16 5
14 16 6
14 17 6
14 21 35
14 22 35
14 22 36
14 23 11
14 23 12
14 23 36
14 23 37
14 24 11
14 24 12
14 24 36
14 24 37
14 24 38
14 25 12
14 25 13
14 25 14
14 25 37
14 25 38
14 26 13
14 26 14
14 26 38
14 26 39
14 27 14
14 27 39
14 28 14
14 28 15
14 28 40
14 29 15
14 29 39
14 29 40
14 30 39
14 30 40
14 40 25
14 41 25
15 1 25
15 1 26
15 2 25
15 2 26
15 3 25
15 16 6
15 17 6
15 18 33
15 19 33
15 19 34
15 20 9
15 20 34
15 20 35
15 21 9
15 21 10
15 21 34
15 21 35
15 22 10
15 22 11
15 22 35
15 22 36
15 23 11
15 23 36
15 23 37
15 24 11
15 24 12
15 24 37
15 25 12
15 25 13
15 29 40
15 30 39
15 30 40
15 31 39
15 40 25
15 40 26
15 41 25
16 1 25
16 1 26
16 2 25
16 3 25
16 15 30
16 15 31
16 16 6
16 16 7
16 16 31
16 17 6
16 17 7
16 17 31
16 17 32
16 18 7
16 18 8
16 18 32
16 18 33
16 19 8
16 19 33
16 19 34
16 20 8
16 20 9
16 20 34
16 20 35
16 21 9
16 21 10
16 22 10
16 30 39
16 31 38
16 31 39
16 32 38
16 32 39
16 40 26
16 41 25
16 41 26
16 42 26
17 2 25
17 3 24
17 3 25
17 4 24
17 4 25
17 12 28
17 13 28
17 13 29
17 14 29
17 15 30
17 15 31
17 16 7
17 16 30
17 16 31
17 17 6
17 17 7
17 17 31
17 17 32
17 18 7
17 18 8
17 19 8
17 31 38
17 31 39
17 32 38
17 33 38
17 41 25
17 41 26
17 42 26
18 3 24
18 4 23
18 4 24
18 5 24
18 8 25
18 9 25
18 9 26
18 10 26
18 10 27
18 11 27
18 11 28
18 12 27
18 12 28
18 13 28
18 13 29
18 14 29
18 14 30
18 16 7
18 17 6
18 17 7
18 18 7
18 31 38
18 32 37
18 32 38
18 33 37
18 33 38
18 41 25
18 41 26
18 42 26
19 4 23
19 4 24
19 5 23
19 5 24
19 6 23
19 6 24
19 7 24
19 7 25
19 8 24
19 8 25
19 9 25
19 9 26
19 10 26
19 10 27
19 17 7
19 18 7
19 32 37
19 32 38
19 33 36
19 33 37
19 34 36
19 34 37
19 41 26
19 41 27
19 42 26
20 5 22
20 5 23
20 6 22
20 6 23
20 6 24
20 7 24
20 7 25
20 17 7
20 17 8
20 18 7
20 18 8
20 33 36
20 33 37
20 34 36
20 34 37
20 35 36
20 41 26
20 41 27
20 42 26
20 42 27
21 5 23
21 6 22
21 6 23
21 7 22
21 17 7
21 17 8
21 18 7
21 18 8
21 34 36
21 35 35
21 35 36
21 36 35
21 36 36
21 41 27
21 42 26
21 42 27
22 6 22
22 7 21
22 7 22
22 8 21
22 8 22
22 17 8
22 18 7
22 18 8
22 35 35
22 35 36
22 36 35
22 37 35
22 41 27
22 42 26
22 42 27
22 43 27
23 7 21
23 7 22
23 8 21
23 9 21
23 17 8
23 18 7
23 18 8
23 19 8
23 35 35
23 36 34
23 36 35
23 37 34
23 37 35
23 42 27
23 43 27
24 8 20
24 8 21
24 9 20
24 9 21
24 10 20
24 18 8
24 18 9
24 19 8
24 36 34
24 36 35
24 37 33
24 37 34
24 38 34
24 42 27
24 42 28
24 43 27
24 43 28
25 8 20
25 8 21
25 9 20
25 10 19
25 10 20
25 18 8
25 18 9
25 19 8
25 19 9
25 37 34
25 38 33
25 38 34
25 39 33
25 39 34
25 42 27
25 42 28
25 43 27
25 43 28
26 9 20
26 10 19
26 10 20
26 11 19
26 11 20
26 18 8
26 18 9
26 19 8
26 19 9
26 38 33
26 38 34
26 39 32
26 39 33
26 40 33
26 42 28
26 43 27
26 43 28
27 10 19
27 11 18
27 11 19
27 12 18
27 12 19
27 18 8
27 18 9
27 19 8
27 19 9
27 39 32
27 39 33
27 40 32
27 40 33
27 41 32
27 41 33
27 42 28
27 42 32
27 43 28
27 44 28
28 11 18
28 11 19
28 12 18
28 12 19
28 13 18
28 18 9
28 19 9
28 39 32
28 40 31
28 40 32
28 41 31
28 41 32
28 42 25
28 42 28
28 42 29
28 42 31
28 42 32
28 43 25
28 43 26
28 43 28
28 43 31
28 44 28
29 11 18
29 12 17
29 12 18
29 13 17
29 13 18
29 14 17
29 18 9
29 18 10
29 19 9
29 19 10
29 20 9
29 39 21
29 39 22
29 39 34
29 40 22
29 40 23
29 40 31
29 40 32
29 40 33
29 41 23
29 41 24
29 41 31
29 41 32
29 42 24
29 42 25
29 42 30
29 43 25
29 43 26
29 43 27
29 43 28
29 43 29
29 44 28
29 44 29
29 44 30
29 45 29
30 12 18
30 13 17
30 13 18
30 14 17
30 19 9
30 19 10
30 20 9
30 20 10
30 35 19
30 36 19
30 36 20
30 36 38
30 36 39
30 37 20
30 37 21
30 37 36
30 37 37
30 38 20
30 38 21
30 38 35
30 39 21
30 39 22
30 40 22
30 40 23
30 41 23
30 41 24
30 42 24
30 42 25
30 42 30
30 43 25
30 43 26
30 43 28
30 43 29
30 43 30
30 44 28
30 44 29
30 44 30
30 45 29
31 13 17
31 14 16
31 14 17
31 15 16
31 15 17
31 19 9
31 19 10
31 20 10
31 32 16
31 32 17
31 32 43
31 33 17
31 33 42
31 33 43
31 34 17
31 34 18
31 34 40
31 34 41
31 35 18
31 35 19
31 35 39
31 36 19
31 36 20
31 37 20
31 37 21
31 38 21
31 38 22
31 39 22
31 39 23
31 40 22
31 40 23
31 41 23
31 41 24
31 42 24
31 42 30
31 42 31
31 43 29
31 43 30
31 44 28
31 44 29
32 14 16
32 14 17
32 15 15
32 15 16
32 16 16
32 19 10
32 20 10
32 29 14
32 30 14
32 30 15
32 30 45
32 31 15
32 31 16
32 31 44
32 31 45
32 32 16
32 32 17
32 32 44
32 33 17
32 33 18
32 34 18
32 34 19
32 35 19
32 35 20
32 36 19
32 36 20
32 37 20
32 37 21
32 38 21
32 38 22
32 42 30
32 43 29
32 43 30
32 44 29
32 44 30
33 15 15
33 15 16
33 16 15
33 16 16
33 17 15
33 19 10
33 19 11
33 20 10
33 25 11
33 25 44
33 26 11
33 26 12
33 26 44
33 26 45
33 27 12
33 27 13
33 27 45
33 28 13
33 28 14
33 29 14
33 29 15
33 30 14
33 30 15
33 30 16
33 31 15
33 31 16
33 31 17
33 32 16
33 32 17
33 33 17
33 33 18
33 34 18
33 34 19
33 35 19
33 43 29
33 43 30
33 44 28
33 44 29
33 45 28
33 45 29
34 16 14
34 16 15
34 17 13
34 17 14
34 17 15
34 18 12
34 18 15
34 19 10
34 19 11
34 20 10
34 20 11
34 21 11
34 22 10
34 22 42
34 23 10
34 23 42
34 23 43
34 24 10
34 24 11
34 24 43
34 25 11
34 25 12
34 25 44
34 26 11
34 26 12
34 26 13
34 27 12
34 27 13
34 28 13
34 28 14
34 29 14
34 29 15
34 30 15
34 30 16
34 31 16
34 31 17
34 32 17
34 44 29
34 45 28
34 45 29
34 46 28
34 46 29
35 16 15
35 17 13
35 17 14
35 17 15
35 18 11
35 18 12
35 18 13
35 19 10
35 19 11
35 19 39
35 20 10
35 20 11
35 20 40
35 21 11
35 21 12
35 21 40
35 21 41
35 22 10
35 22 11
35 22 41
35 23 10
35 23 11
35 24 10
35 24 11
35 25 11
35 25 12
35 26 12
35 26 13
35 27 13
35 28 14
35 45 28
35 46 27
35 46 28
35 47 27
35 47 28
36 15 18
36 16 17
36 16 18
36 17 14
36 17 16
36 17 17
36 18 12
36 18 13
36 18 14
36 19 11
36 19 12
36 19 13
36 19 14
36 19 15
36 20 10
36 20 11
36 21 11
36 21 12
36 21 13
36 22 11
36 22 12
36 23 11
36 24 11
36 25 11
36 25 12
36 46 27
36 46 28
36 47 27
36 48 27
37 12 23
37 12 34
37 13 21
37 13 22
37 13 23
37 13 35
37 14 20
37 14 21
37 14 22
37 14 35
37 14 36
37 15 19
37 15 20
37 15 21
37 16 18
37 16 19
37 16 20
37 17 17
37 17 18
37 17 19
37 18 13
37 18 14
37 18 17
37 18 18
37 19 13
37 19 15
37 20 11
37 20 13
37 21 11
37 21 13
37 47 26
37 47 27
37 48 26
37 48 27
37 49 26
38 9 27
38 9 28
38 9 29
38 10 26
38 10 27
38 11 24
38 11 25
38 11 26
38 11 33
38 12 23
38 12 24
38 12 25
38 13 22
38 13 23
38 13 24
38 14 21
38 14 22
38 14 23
38 15 20
38 15 21
38 15 22
38 16 19
38 16 20
38 16 21
38 17 18
38 17 19
38 18 18
38 19 12
38 19 13
38 20 11
38 20 12
38 20 13
38 21 11
38 21 12
38 47 27
38 48 26
38 49 26
39 9 28
39 9 29
39 10 27
39 10 28
39 10 29
39 11 26
39 11 27
39 12 24
39 12 25
39 12 26
39 13 23
39 13 24
39 13 25
39 14 22
39 14 23
39 15 22
39 19 13
39 20 12
39 21 11
39 21 12
39 48 26
39 49 25
39 49 26
39 50 25
39 50 26
40 10 28
40 10 29
40 11 27
40 11 28
40 12 26
40 12 27
40 20 12
40 21 11
40 21 12
40 22 11
40 22 12
40 49 25
40 50 24
40 50 25
40 51 25
41 21 11
41 22 10
41 22 11
41 23 10
41 23 11
41 50 24
41 50 25
41 51 24
41 51 25
41 52 24
42 22 10
42 22 11
42 23 10
42 23 11
42 24 10
42 50 24
42 51 23
42 51 24
42 52 23
42 52 24
43 23 9
43 23 10
43 24 9
43 24 10
43 25 9
43 25 10
43 51 24
43 52 23
43 52 24
43 53 23
44 23 10
44 24 9
44 24 10
44 25 9
44 26 9
44 52 23
44 53 22
44 53 23
44 54 22
44 54 23
45 24 9
45 25 8
45 25 9
45 26 8
45 26 9
45 49 19
45 50 19
45 50 20
45 51 19
45 51 20
45 51 21
45 52 20
45 52 21
45 52 22
45 53 21
45 53 22
45 53 23
45 54 22
45 55 22
46 25 8
46 25 9
46 26 7
46 26 8
46 27 7
46 27 8
46 45 16
46 46 16
46 46 17
46 47 17
46 47 18
46 48 17
46 48 18
46 49 18
46 49 19
46 50 18
46 50 19
46 51 18
46 51 19
46 51 20
46 52 19
46 52 20
46 52 21
46 53 20
46 53 21
46 53 22
46 54 21
46 54 22
46 55 21
46 55 22
46 56 21
47 26 7
47 26 8
47 27 7
47 27 8
47 28 7
47 42 14
47 43 14
47 43 15
47 44 14
47 44 15
47 45 15
47 45 16
47 46 15
47 46 16
47 47 16
47 47 17
47 48 16
47 48 17
47 49 17
47 49 18
47 50 17
47 50 18
47 51 17
47 51 18
47 51 19
47 52 18
47 52 19
47 53 19
47 53 20
47 54 20
47 54 21
47 55 20
47 55 21
47 56 20
47 56 21
48 27 7
48 28 6
48 28 7
48 29 7
48 39 11
48 39 12
48 40 12
48 40 13
48 41 12
48 41 13
48 42 13
48 42 14
48 43 13
48 43 14
48 44 14
48 44 15
48 45 14
48 45 15
48 46 14
48 46 15
48 46 16
48 47 15
48 47 16
48 48 15
48 48 16
48 49 16
48 49 17
48 50 16
48 50 17
48 51 17
48 51 18
48 52 17
48 52 18
48 52 19
48 53 18
48 53 19
48 54 19
48 54 20
48 55 19
48 55 20
48 55 21
48 56 20
48 56 21
48 57 20
48 57 21
49 27 7
49 28 6
49 28 7
49 29 6
49 29 7
49 35 9
49 36 9
49 36 10
49 37 10
49 38 10
49 38 11
49 39 10
49 39 11
49 39 12
49 40 11
49 40 12
49 41 11
49 41 12
49 42 12
49 42 13
49 43 12
49 43 13
49 44 13
49 44 14
49 45 13
49 45 14
49 46 13
49 46 14
49 46 15
49 47 14
49 47 15
49 48 14
49 48 15
49 49 15
49 49 16
49 50 15
49 50 16
49 51 16
49 51 17
49 52 16
49 52 17
49 52 18
49 53 17
49 53 18
49 54 18
49 54 19
49 55 19
49 55 20
49 56 19
49 56 20
49 57 19
49 57 20
49 58 19
49 58 20
50 28 6
50 29 5
50 29 6
50 30 5
50 30 6
50 32 7
50 33 7
50 34 7
50 34 8
50 35 8
50 35 9
50 36 8
50 36 9
50 37 9
50 37 10
50 38 9
50 38 10
50 39 9
50 39 10
50 39 11
50 40 10
50 40 11
50 41 10
50 41 11
50 42 11
50 42 12
50 43 11
50 43 12
50 44 12
50 44 13
50 45 12
50 45 13
50 46 13
50 46 14
50 47 13
50 47 14
50 48 13
50 48 14
50 48 15
50 49 14
50 49 15
50 50 14
50 50 15
50 50 16
50 51 15
50 51 16
50 52 16
50 52 17
50 53 16
50 53 17
50 53 18
50 54 17
50 54 18
50 55 18
50 55 19
50 56 18
50 56 19
50 56 20
50 57 18
50 57 19
50 57 20
50 58 18
50 58 19
51 29 5
51 29 6
51 30 5
51 31 5
51 31 6
51 32 6
51 32 7
51 33 6
51 33 7
51 34 7
51 34 8
51 35 7
51 35 8
51 36 7
51 36 8
51 37 8
51 37 9
51 38 8
51 38 9
51 39 9
51 39 10
51 40 9
51 40 10
51 41 9
51 41 10
51 41 11
51 42 10
51 42 11
51 43 10
51 43 11
51 43 12
51 44 11
51 44 12
51 45 11
51 45 12
51 46 12
51 46 13
51 47 12
51 47 13
51 48 13
51 48 14
51 49 13
51 49 14
51 50 13
51 50 14
51 50 15
51 51 14
51 51 15
51 52 15
51 52 16
51 53 16
51 53 17
51 54 16
51 54 17
51 55 17
51 55 18
51 56 17
51 56 18
51 56 19
51 57 17
51 57 18
51 57 19
51 58 18
52 30 4
52 30 5
52 31 4
52 31 5
52 31 6
52 32 4
52 32 5
52 32 6
52 33 6
52 34 6
52 34 7
52 35 6
52 35 7
52 36 6
52 36 7
52 37 7
52 37 8
52 38 7
52 38 8
52 39 8
52 39 9
52 40 8
52 40 9
52 41 9
52 41 10
52 42 9
52 42 10
52 43 9
52 43 10
52 43 11
52 44 10
52 44 11
52 45 10
52 45 11
52 46 11
52 46 12
52 47 11
52 47 12
52 48 12
52 48 13
52 49 12
52 49 13
52 50 13
52 50 14
52 51 14
52 51 15
52 52 14
52 52 15
52 53 15
52 53 16
52 54 15
52 54 16
52 54 17
52 55 16
52 55 17
52 56 16
52 56 17
52 56 18
52 57 16
52 57 17
52 57 18
52 58 17
53 31 4
53 31 5
53 32 3
53 32 4
53 32 5
53 33 5
53 33 6
53 34 5
53 34 6
53 35 5
53 35 6
53 36 6
53 36 7
53 37 6
53 37 7
53 38 6
53 38 7
53 39 7
53 39 8
53 40 7
53 40 8
53 41 8
53 41 9
53 42 8
53 42 9
53 43 8
53 43 9
53 43 10
53 44 9
53 44 10
53 45 9
53 45 10
53 45 11
53 46 10
53 46 11
53 47 10
53 47 11
53 48 11
53 48 12
53 49 12
53 49 13
53 50 12
53 50 13
53 51 13
53 51 14
53 52 14
53 52 15
53 53 13
53 53 14
53 53 15
53 54 14
53 54 15
53 54 16
53 55 14
53 55 15
53 55 16
53 55 17
53 56 15
53 56 16
53 56 17
53 57 16
54 31 4
54 32 3
54 32 4
54 33 3
54 33 4
54 33 5
54 34 4
54 34 5
54 35 5
54 35 6
54 36 5
54 36 6
54 37 5
54 37 6
54 38 6
54 38 7
54 39 6
54 39 7
54 40 6
54 40 7
54 41 7
54 41 8
54 42 7
54 42 8
54 43 8
54 43 9
54 44 8
54 44 9
54 45 9
54 45 10
54 46 10
54 47 10
54 47 11
54 48 11
54 48 12
54 49 11
54 49 12
54 50 11
54 50 12
54 50 13
54 51 11
54 51 12
54 51 13
54 51 14
54 52 12
54 52 13
54 52 14
54 53 13
54 53 14
54 54 13
54 54 14
54 55 15
55 32 3
55 33 2
55 33 3
55 33 4
55 34 2
55 34 3
55 34 4
55 35 4
55 35 5
55 36 4
55 36 5
55 37 5
55 37 6
55 38 5
55 38 6
55 39 5
55 39 6
55 40 6
55 40 7
55 41 6
55 41 7
55 42 7
55 42 8
55 43 7
55 43 8
55 44 8
55 44 9
55 45 9
55 46 8
55 46 9
55 46 10
55 47 9
55 47 10
55 47 11
55 48 9
55 48 10
55 48 11
55 49 10
55 49 11
55 49 12
55 50 10
55 50 11
55 50 12
55 51 11
55 51 12
55 52 12
55 52 13
56 33 2
56 33 3
56 34 2
56 34 3
56 34 4
56 35 2
56 35 3
56 35 4
56 36 3
56 36 4
56 37 4
56 37 5
56 38 4
56 38 5
56 39 5
56 39 6
56 40 5
56 40 6
56 41 6
56 42 6
56 42 7
56 43 6
56 43 7
56 43 8
56 44 6
56 44 7
56 44 8
56 45 7
56 45 8
56 45 9
56 46 7
56 46 8
56 46 9
56 47 8
56 47 9
56 48 9
56 48 10
56 49 10
57 34 2
57 35 2
57 36 2
57 36 3
57 36 4
57 37 2
57 37 3
57 37 4
57 38 2
57 38 3
57 38 4
57 39 3
57 39 4
57 39 5
57 40 3
57 40 4
57 40 5
57 40 6
57 41 4
57 41 5
57 41 6
57 42 4
57 42 5
57 42 6
57 42 7
57 43 5
57 43 6
57 43 7
57 44 6
57 44 7
57 45 7
57 45 8
57 46 8
58 35 2
58 36 2
58 37 2
58 38 2
58 38 3
58 38 4
58 39 2
58 39 3
58 39 4
58 40 3
58 40 4
58 41 4
58 41 5
58 42 5
