1 14 1
1 14 2
1 15 1
1 15 2
1 16 2
2 11 2
2 12 1
2 12 2
2 13 1
2 13 2
2 14 1
2 14 2
2 14 3
2 15 1
2 15 2
2 15 3
2 16 1
2 16 2
2 16 3
2 17 2
2 18 2
2 18 3
2 19 3
2 40 23
2 41 23
2 41 24
2 42 24
2 42 25
2 43 24
3 10 2
3 10 3
3 11 2
3 11 3
3 12 2
3 12 3
3 13 2
3 13 3
3 14 3
3 15 3
3 15 4
3 16 2
3 16 3
3 16 4
3 17 2
3 17 3
3 17 4
3 18 2
3 18 3
3 18 4
3 19 3
3 19 4
3 20 3
3 20 4
3 21 3
3 21 4
3 22 4
3 22 5
3 23 5
3 40 21
3 40 22
3 40 23
3 41 22
3 41 23
3 42 22
3 42 23
3 42 28
4 9 3
4 9 4
4 10 2
4 10 3
4 10 4
4 11 2
4 11 3
4 11 4
4 12 3
4 12 4
4 13 3
4 13 4
4 14 3
4 14 4
4 15 4
4 16 4
4 17 4
4 17 5
4 18 4
4 18 5
4 19 4
4 19 5
4 20 4
4 20 5
4 21 4
4 22 4
4 22 5
4 23 4
4 23 5
4 24 5
4 24 6
4 25 5
4 25 6
4 26 6
4 39 20
4 39 21
4 40 20
4 40 21
4 41 20
4 41 21
4 41 28
4 41 29
4 42 21
5 8 5
5 9 3
5 9 4
5 9 5
5 10 3
5 10 4
5 10 5
5 11 4
5 11 5
5 12 4
5 12 5
5 13 4
5 13 5
5 14 4
5 14 5
5 15 4
5 15 5
5 16 4
5 16 5
5 17 5
5 17 6
5 18 5
5 18 6
5 19 5
5 19 6
5 20 5
5 20 6
5 23 5
5 24 5
5 24 6
5 25 5
5 25 6
5 26 6
5 26 7
5 27 6
5 27 7
5 28 7
5 29 7
5 29 8
5 38 18
5 39 18
5 39 19
5 40 18
5 40 19
5 40 20
5 40 29
5 40 30
5 41 19
5 41 20
5 41 29
6 8 4
6 8 5
6 8 6
6 9 4
6 9 5
6 9 6
6 10 5
6 10 6
6 11 5
6 11 6
6 12 5
6 12 6
6 13 5
6 13 6
6 14 5
6 14 6
6 15 5
6 15 6
6 16 5
6 16 6
6 17 5
6 17 6
6 18 6
6 18 7
6 19 6
6 19 7
6 27 7
6 28 7
6 29 7
6 29 8
6 30 7
6 30 8
6 31 8
6 31 9
6 32 8
6 32 9
6 37 16
6 38 16
6 38 17
6 39 16
6 39 17
6 39 18
6 40 17
6 40 18
6 40 30
7 7 6
7 7 7
7 8 5
7 8 6
7 8 7
7 9 6
7 9 7
7 10 6
7 10 7
7 11 6
7 11 7
7 12 6
7 12 7
7 13 6
7 13 7
7 14 6
7 14 7
7 15 6
7 15 7
7 16 6
7 16 7
7 17 6
7 17 7
7 17 8
7 18 7
7 18 8
7 19 7
7 30 8
7 31 8
7 31 9
7 32 8
7 32 9
7 33 9
7 33 10
7 34 9
7 34 10
7 35 10
7 36 11
7 37 14
7 37 15
7 37 16
7 38 14
7 38 15
7 38 16
7 39 14
7 39 15
7 39 16
8 6 7
8 6 8
8 7 6
8 7 7
8 7 8
8 8 6
8 8 7
8 8 8
8 9 7
8 9 8
8 10 7
8 11 7
8 11 8
8 12 7
8 12 8
8 13 7
8 13 8
8 14 7
8 14 8
8 15 7
8 15 8
8 16 7
8 16 8
8 17 7
8 17 8
8 18 8
8 33 10
8 34 9
8 34 10
8 35 9
8 35 10
8 36 9
8 36 10
8 36 11
8 36 12
8 37 11
8 38 11
8 38 12
8 38 13
8 38 14
8 39 12
8 39 14
9 5 8
9 6 7
9 6 8
9 6 9
9 7 7
9 7 8
9 7 9
9 8 8
9 8 9
9 9 7
9 9 8
9 10 7
9 10 8
9 11 8
9 11 9
9 12 8
9 12 9
9 13 8
9 13 9
9 14 8
9 14 9
9 15 8
9 15 9
9 16 8
9 16 9
9 17 8
9 17 9
9 34 9
9 35 9
9 35 11
9 36 9
9 36 11
9 36 12
9 37 8
9 37 9
9 37 10
9 37 11
9 37 12
9 37 33
9 37 34
9 38 9
9 38 10
9 38 11
9 38 33
9 39 10
9 39 11
9 39 12
9 40 11
9 40 12
9 40 13
9 41 12
9 41 13
9 42 13
9 42 14
10 4 10
10 5 8
10 5 9
10 5 10
10 6 8
10 6 9
10 6 10
10 7 9
10 7 10
10 8 8
10 8 9
10 9 8
10 9 9
10 10 9
10 11 9
10 11 10
10 12 9
10 12 10
10 13 9
10 13 10
10 14 9
10 14 10
10 15 9
10 15 10
10 16 9
10 16 10
10 34 9
10 34 10
10 35 9
10 35 10
10 36 9
10 36 10
10 36 34
10 36 35
10 37 8
10 37 9
10 37 34
10 38 9
10 40 13
10 41 13
10 42 13
10 42 14
10 43 13
10 43 14
10 44 14
10 44 15
10 45 14
10 45 15
10 46 15
11 3 11
11 4 9
11 4 10
11 4 11
11 5 9
11 5 10
11 5 11
11 6 10
11 6 11
11 7 9
11 7 10
11 8 9
11 8 10
11 9 9
11 9 10
11 10 9
11 10 10
11 10 11
11 11 10
11 11 11
11 12 10
11 12 11
11 13 10
11 13 11
11 14 10
11 14 11
11 15 10
11 15 11
11 33 9
11 34 9
11 35 8
11 35 9
11 36 8
11 36 9
11 36 35
11 36 36
11 37 8
11 37 9
11 38 8
11 38 9
11 39 8
11 39 9
11 43 14
11 44 14
11 44 15
11 45 14
11 45 15
11 46 15
11 46 16
11 47 15
11 47 16
11 48 16
11 49 16
11 49 17
12 3 11
12 3 12
12 4 10
12 4 11
12 4 12
12 5 10
12 5 11
12 5 12
12 6 11
12 6 12
12 7 10
12 7 11
12 8 10
12 8 11
12 9 10
12 9 11
12 10 11
12 10 12
12 11 11
12 11 12
12 12 11
12 12 12
12 13 11
12 13 12
12 14 11
12 14 12
12 15 11
12 33 9
12 33 10
12 34 9
12 35 8
12 35 9
12 35 36
12 35 37
12 38 8
12 39 8
12 40 8
12 47 16
12 48 16
12 49 16
12 49 17
12 50 16
12 50 17
12 51 17
12 51 18
12 52 17
12 52 18
13 2 12
13 3 11
13 3 12
13 3 13
13 4 11
13 4 12
13 4 13
13 5 12
13 5 13
13 6 11
13 6 12
13 7 11
13 7 12
13 8 11
13 8 12
13 9 11
13 9 12
13 10 12
13 10 13
13 11 12
13 11 13
13 12 12
13 12 13
13 13 12
13 13 13
13 14 12
13 32 10
13 32 11
13 33 9
13 33 10
13 34 9
13 34 37
13 34 38
13 35 8
13 35 9
13 35 37
13 39 8
13 40 7
13 40 8
13 41 7
13 41 8
13 50 17
13 51 17
13 51 18
13 52 17
13 52 18
13 53 18
13 53 19
13 54 18
13 54 19
13 55 19
13 56 19
13 56 20
14 2 12
14 2 13
14 2 14
14 3 12
14 3 13
14 3 14
14 4 13
14 4 14
14 5 13
14 5 14
14 6 12
14 6 13
14 7 12
14 7 13
14 8 12
14 8 13
14 9 12
14 9 13
14 10 13
14 10 14
14 11 13
14 11 14
14 12 13
14 12 14
14 13 13
14 13 14
14 31 12
14 32 10
14 32 11
14 32 12
14 33 10
14 33 38
14 33 39
14 34 9
14 34 38
14 40 7
14 40 8
14 41 7
14 41 8
14 42 7
14 42 8
14 53 19
14 54 19
14 54 21
14 55 19
14 55 20
14 56 19
14 56 20
14 57 20
14 58 20
14 58 21
14 59 21
15 1 13
15 1 14
15 2 13
15 2 14
15 2 15
15 3 14
15 3 15
15 4 14
15 4 15
15 5 14
15 5 15
15 6 13
15 6 14
15 6 15
15 7 13
15 7 14
15 8 13
15 8 14
15 9 13
15 9 14
15 9 15
15 10 14
15 10 15
15 11 14
15 11 15
15 12 14
15 12 15
15 30 13
15 31 12
15 31 13
15 32 11
15 32 12
15 32 39
15 33 10
15 33 11
15 33 39
15 41 7
15 41 8
15 42 7
15 43 7
15 54 20
15 54 21
15 54 22
15 55 20
15 55 21
15 57 20
15 58 20
15 58 21
15 59 20
15 59 21
15 60 21
15 60 22
15 61 21
15 61 22
16 1 14
16 1 15
16 2 14
16 2 15
16 2 16
16 3 15
16 3 16
16 4 15
16 4 16
16 5 15
16 5 16
16 6 15
16 6 16
16 7 14
16 7 15
16 7 16
16 8 14
16 8 15
16 9 15
16 9 16
16 10 15
16 10 16
16 11 15
16 11 16
16 30 13
16 30 14
16 31 12
16 31 13
16 32 11
16 32 12
16 32 39
16 42 7
16 43 7
16 44 6
16 44 7
16 53 22
16 53 23
16 54 21
16 54 22
16 60 22
16 61 22
17 1 15
17 2 15
17 2 16
17 3 16
17 3 17
17 4 16
17 4 17
17 5 16
17 5 17
17 6 16
17 6 17
17 7 16
17 7 17
17 8 16
17 8 17
17 9 16
17 9 17
17 10 16
17 10 17
17 11 16
17 29 14
17 29 15
17 30 13
17 30 14
17 31 12
17 31 13
17 31 39
17 32 12
17 32 39
17 43 7
17 44 6
17 44 7
17 45 6
17 45 7
17 52 23
17 53 22
17 53 23
17 54 22
18 2 16
18 3 16
18 3 17
18 4 17
18 4 18
18 5 17
18 5 18
18 6 17
18 6 18
18 7 17
18 7 18
18 7 19
18 8 17
18 8 18
18 8 19
18 9 17
18 9 18
18 10 17
18 28 15
18 28 16
18 29 14
18 29 15
18 30 13
18 30 14
18 30 37
18 30 38
18 31 13
18 31 38
18 44 6
18 44 7
18 45 6
18 46 6
18 46 7
18 47 6
18 51 24
18 52 23
18 52 24
18 53 23
19 5 18
19 6 18
19 7 18
19 7 19
19 8 18
19 8 19
19 9 19
19 9 20
19 10 19
19 10 20
19 11 20
19 27 16
19 27 17
19 28 15
19 28 16
19 29 14
19 29 15
19 29 16
19 29 35
19 30 14
19 30 36
19 45 6
19 46 6
19 47 5
19 47 6
19 48 6
19 51 24
19 51 25
19 52 24
19 52 25
20 8 19
20 9 19
20 9 20
20 10 19
20 10 20
20 11 20
20 11 21
20 12 20
20 12 21
20 13 21
20 14 21
20 14 22
20 26 18
20 27 17
20 27 18
20 28 16
20 28 17
20 29 15
20 29 16
20 29 33
20 29 34
20 46 6
20 47 5
20 47 6
20 48 5
20 48 6
20 49 5
20 49 6
20 50 26
20 51 25
21 11 21
21 12 21
21 13 21
21 13 22
21 14 21
21 14 22
21 15 22
21 16 22
21 16 23
21 17 22
21 17 23
21 26 18
21 26 19
21 27 17
21 27 18
21 28 16
21 28 17
21 28 32
21 28 33
21 48 5
21 48 6
21 49 5
21 49 6
21 49 27
21 50 5
21 50 26
21 50 27
22 15 22
22 16 22
22 16 23
22 17 22
22 17 23
22 18 23
22 18 24
22 19 23
22 19 24
22 20 24
22 20 25
22 21 25
22 25 19
22 25 20
22 26 18
22 26 19
22 27 17
22 27 18
22 27 30
22 27 31
22 28 17
22 28 31
22 48 6
22 48 28
22 49 5
22 49 6
22 49 27
22 49 28
22 50 5
22 50 27
22 51 5
23 18 24
23 19 24
23 20 24
23 20 25
23 21 24
23 21 25
23 22 25
23 23 25
23 23 26
23 24 20
23 24 21
23 24 26
23 25 19
23 25 20
23 26 18
23 26 19
23 26 28
23 27 18
23 27 29
23 47 7
23 47 29
23 48 6
23 48 7
23 48 28
23 48 29
23 49 28
23 50 4
23 50 5
23 51 4
23 51 5
23 52 4
23 52 5
24 22 24
24 22 25
24 23 24
24 23 25
24 23 26
24 24 20
24 24 21
24 24 22
24 24 26
24 25 19
24 25 20
24 26 19
24 26 26
24 26 27
24 27 27
24 27 28
24 28 28
24 46 8
24 47 7
24 47 8
24 47 29
24 47 30
24 48 7
24 48 29
24 48 30
24 51 4
24 51 5
24 52 4
24 52 5
24 53 4
25 22 24
25 22 25
25 23 24
25 23 25
25 24 21
25 24 23
25 24 24
25 25 20
25 25 21
25 25 24
25 25 25
25 25 27
25 26 27
25 26 28
25 27 27
25 27 28
25 28 27
25 28 28
25 29 28
25 29 29
25 30 28
25 30 29
25 31 29
25 46 8
25 46 9
25 46 30
25 46 31
25 47 8
25 47 30
25 47 31
25 52 4
25 53 4
25 54 4
26 22 25
26 23 24
26 23 25
26 24 22
26 24 24
26 25 23
26 25 24
26 25 26
26 25 27
26 26 24
26 26 27
26 28 28
26 29 28
26 29 29
26 30 28
26 30 29
26 31 29
26 32 29
26 32 30
26 33 30
26 34 30
26 34 31
26 45 9
26 45 10
26 45 32
26 46 9
26 46 10
26 46 31
26 46 32
26 47 31
26 53 4
26 54 4
27 25 23
27 25 24
27 26 23
27 26 24
27 27 23
27 27 24
27 31 30
27 32 30
27 33 30
27 34 30
27 34 31
27 35 31
27 36 31
27 36 32
27 37 32
27 44 10
27 44 11
27 44 33
27 45 10
27 45 11
27 45 31
27 45 32
27 45 33
27 46 32
28 26 23
28 26 24
28 27 23
28 27 24
28 28 23
28 35 31
28 36 31
28 36 32
28 37 32
28 38 32
28 38 33
28 39 32
28 39 33
28 40 33
28 40 34
28 41 34
28 43 12
28 44 11
28 44 12
28 44 33
28 44 34
28 45 33
29 27 23
29 28 23
29 29 23
29 38 33
29 39 33
29 40 33
29 40 34
29 41 33
29 41 34
29 42 13
29 42 34
29 43 12
29 43 13
29 43 34
29 43 35
29 44 12
29 44 34
29 44 35
30 28 22
30 28 23
30 29 22
30 29 23
30 30 22
30 30 23
30 41 34
30 42 13
30 42 14
30 42 34
30 43 13
30 43 34
30 43 35
30 44 35
30 45 35
30 45 36
30 46 36
30 47 36
30 47 37
31 29 22
31 29 23
31 30 22
31 30 23
31 31 22
31 41 14
31 41 15
31 42 14
31 45 36
31 46 36
31 47 36
31 47 37
31 48 36
31 48 37
31 49 37
31 49 38
31 50 37
32 30 22
32 31 22
32 32 22
32 40 15
32 40 16
32 41 15
32 41 16
32 48 37
32 49 37
32 49 38
32 50 38
33 31 22
33 32 21
33 32 22
33 33 21
33 33 22
33 39 17
33 40 16
33 40 17
33 41 16
34 32 21
34 32 22
34 33 21
34 33 22
34 34 21
34 34 22
34 38 18
34 39 17
34 39 18
34 40 17
35 33 21
35 34 21
35 35 21
35 36 21
35 38 18
35 38 19
35 39 18
36 34 21
36 35 20
36 35 21
36 36 20
36 36 21
36 37 19
36 37 20
36 38 19
36 38 20
37 35 21
37 36 20
37 36 21
37 37 20
37 37 21
37 38 20
38 36 20
38 37 20
38 38 20
38 39 20
39 37 20
39 38 20
39 39 19
39 39 20
39 40 20
40 39 19
40 39 20
40 40 19
40 40 20
40 41 19
40 41 20
41 40 19
41 40 20
41 41 19
41 42 19
42 41 19
42 42 19
