2 55 20
2 55 21
2 56 20
2 57 19
2 57 20
2 58 19
3 52 22
3 53 21
3 53 22
3 54 21
3 55 20
3 55 21
3 56 19
3 56 20
3 56 21
3 57 19
3 57 20
3 58 18
3 58 19
3 59 17
3 59 18
4 0 23
4 1 23
4 2 23
4 2 24
4 3 24
4 4 24
4 48 24
4 49 23
4 49 24
4 50 22
4 50 23
4 51 22
4 51 23
4 52 22
4 53 21
4 53 22
4 54 20
4 54 21
4 55 20
4 55 21
4 56 19
4 56 20
4 56 21
4 57 18
4 57 19
4 57 20
4 58 17
4 58 18
4 58 19
4 59 16
4 59 17
4 59 18
4 60 16
5 0 23
5 1 23
5 1 24
5 2 23
5 2 24
5 3 23
5 3 24
5 4 23
5 4 24
5 5 24
5 6 24
5 6 25
5 7 24
5 7 25
5 8 24
5 8 25
5 9 25
5 10 25
5 11 25
5 45 25
5 46 24
5 46 25
5 47 24
5 48 23
5 48 24
5 49 23
5 49 24
5 50 22
5 50 23
5 51 21
5 51 22
5 51 23
5 52 20
5 52 21
5 52 22
5 53 20
5 53 21
5 54 19
5 54 20
5 55 19
5 55 20
5 56 18
5 56 19
5 57 18
5 57 19
5 58 17
5 58 18
5 59 15
5 59 16
5 59 17
5 59 18
5 60 15
5 60 16
6 3 24
6 4 24
6 5 24
6 5 25
6 6 24
6 6 25
6 7 24
6 7 25
6 8 24
6 8 25
6 9 24
6 9 25
6 10 25
6 11 25
6 11 26
6 12 25
6 12 26
6 13 25
6 13 26
6 14 26
6 15 26
6 16 26
6 17 26
6 17 27
6 18 27
6 41 27
6 42 26
6 42 27
6 43 26
6 44 25
6 44 26
6 45 25
6 45 26
6 46 24
6 46 25
6 47 24
6 47 25
6 48 24
6 49 21
6 49 22
6 50 21
6 50 22
6 51 20
6 51 21
6 51 22
6 52 19
6 52 20
6 52 21
6 53 19
6 53 20
6 54 18
6 54 19
6 54 20
6 55 18
6 55 19
6 56 17
6 56 18
6 57 17
6 57 18
6 58 16
6 58 17
6 59 15
6 59 16
6 59 17
6 60 14
6 60 15
7 8 23
7 8 24
7 9 23
7 9 24
7 11 26
7 12 26
7 13 26
7 14 26
7 15 26
7 16 26
7 16 27
7 17 26
7 17 27
7 18 26
7 18 27
7 19 27
7 20 27
7 21 27
7 21 28
7 22 27
7 22 28
7 23 28
7 24 28
7 38 28
7 39 28
7 40 27
7 40 28
7 41 26
7 41 27
7 42 26
7 42 27
7 43 26
7 44 26
7 45 26
7 49 20
7 49 21
7 50 20
7 50 21
7 51 19
7 51 20
7 52 18
7 52 19
7 53 18
7 53 19
7 54 17
7 54 18
7 55 17
7 55 18
7 56 16
7 56 17
7 56 18
7 57 16
7 57 17
7 58 16
7 59 14
7 59 15
7 59 16
7 60 14
7 60 15
8 8 22
8 8 23
8 8 24
8 9 22
8 9 23
8 17 27
8 18 27
8 19 27
8 20 27
8 20 28
8 21 27
8 21 28
8 22 27
8 22 28
8 23 27
8 23 28
8 24 28
8 25 28
8 26 28
8 26 29
8 27 28
8 27 29
8 28 28
8 28 29
8 29 29
8 30 29
8 30 30
8 30 31
8 31 29
8 31 30
8 31 31
8 32 30
8 35 30
8 36 29
8 36 30
8 37 28
8 37 29
8 38 28
8 38 29
8 39 27
8 39 28
8 40 27
8 40 28
8 41 27
8 42 27
8 49 19
8 49 20
8 50 19
8 50 20
8 51 18
8 51 19
8 52 17
8 52 18
8 52 19
8 53 17
8 53 18
8 54 16
8 54 17
8 55 16
8 55 17
8 56 15
8 56 16
8 56 17
8 57 15
8 57 16
8 58 15
8 59 13
8 59 14
8 59 15
8 60 13
8 60 14
9 8 22
9 9 22
9 25 29
9 26 29
9 27 29
9 28 29
9 28 32
9 28 33
9 29 25
9 29 26
9 29 27
9 29 29
9 29 32
9 29 33
9 30 26
9 30 29
9 31 29
9 31 30
9 32 29
9 32 30
9 33 29
9 33 30
9 34 30
9 35 29
9 35 30
9 36 29
9 36 30
9 37 29
9 38 29
9 49 19
9 50 18
9 50 19
9 51 17
9 51 18
9 52 17
9 52 18
9 53 16
9 53 17
9 54 15
9 54 16
9 55 15
9 55 16
9 56 14
9 56 15
9 57 14
9 57 15
9 58 14
9 58 15
9 59 12
9 59 13
9 59 14
9 59 15
9 60 12
9 60 13
10 8 21
10 8 22
10 9 21
10 9 22
10 27 33
10 27 34
10 28 33
10 28 34
10 29 24
10 29 25
10 29 32
10 29 33
10 30 24
10 30 25
10 30 26
10 31 25
10 31 26
10 31 27
10 31 30
10 31 31
10 31 32
10 32 30
10 32 31
10 33 30
10 33 31
10 34 30
10 34 31
10 35 30
10 49 18
10 49 19
10 50 17
10 50 18
10 51 17
10 51 18
10 52 16
10 52 17
10 53 15
10 53 16
10 54 14
10 54 15
10 54 16
10 55 14
10 55 15
10 56 13
10 56 14
10 56 15
10 57 13
10 57 14
10 58 13
10 58 14
10 59 11
10 59 12
10 59 13
10 59 14
10 60 11
10 60 12
11 8 20
11 8 21
11 9 20
11 9 21
11 25 34
11 26 33
11 26 34
11 27 33
11 27 34
11 28 32
11 28 33
11 29 23
11 29 24
11 29 32
11 29 33
11 30 24
11 30 25
11 31 24
11 31 25
11 31 32
11 49 17
11 49 18
11 50 17
11 50 18
11 51 16
11 51 17
11 52 15
11 52 16
11 53 14
11 53 15
11 53 16
11 54 14
11 54 15
11 55 13
11 55 14
11 56 12
11 56 13
11 56 14
11 57 12
11 57 13
11 58 12
11 58 13
11 59 11
11 59 12
11 59 13
11 60 11
11 60 12
12 8 19
12 8 20
12 9 19
12 9 20
12 22 35
12 22 36
12 23 35
12 24 34
12 24 35
12 25 34
12 26 33
12 26 34
12 27 33
12 27 34
12 28 33
12 29 22
12 29 23
12 30 23
12 30 24
12 31 24
12 49 16
12 49 17
12 50 16
12 50 17
12 51 15
12 51 16
12 52 14
12 52 15
12 52 16
12 53 14
12 53 15
12 54 13
12 54 14
12 55 12
12 55 13
12 55 14
12 56 12
12 56 13
12 57 12
12 58 12
12 59 10
12 59 11
12 59 12
12 60 10
12 60 11
13 8 19
13 9 19
13 19 37
13 20 36
13 20 37
13 21 36
13 22 35
13 22 36
13 23 35
13 23 36
13 24 35
13 25 35
13 29 22
13 29 23
13 30 22
13 30 23
13 31 23
13 31 24
13 49 16
13 50 15
13 50 16
13 51 14
13 51 15
13 51 16
13 52 14
13 52 15
13 53 13
13 53 14
13 54 12
13 54 13
13 54 14
13 55 12
13 55 13
13 56 11
13 56 12
13 57 11
13 57 12
13 58 11
13 59 9
13 59 10
13 59 11
13 60 9
13 60 10
14 8 18
14 9 18
14 9 19
14 15 39
14 16 38
14 16 39
14 17 37
14 17 38
14 18 37
14 18 38
14 19 36
14 19 37
14 20 36
14 20 37
14 21 36
14 22 36
14 29 21
14 29 22
14 29 37
14 30 21
14 30 22
14 31 22
14 31 23
14 49 15
14 49 16
14 50 14
14 50 15
14 50 16
14 51 14
14 51 15
14 52 13
14 52 14
14 53 12
14 53 13
14 54 12
14 54 13
14 55 11
14 55 12
14 56 10
14 56 11
14 57 10
14 57 11
14 58 10
14 58 11
14 59 8
14 59 9
14 59 10
14 59 11
14 60 8
14 60 9
15 8 17
15 8 18
15 9 17
15 9 18
15 12 40
15 13 39
15 13 40
15 14 39
15 15 38
15 15 39
15 16 38
15 17 37
15 17 38
15 18 37
15 18 38
15 19 37
15 29 20
15 29 21
15 29 37
15 29 38
15 30 20
15 30 21
15 30 22
15 31 21
15 31 22
15 49 14
15 49 15
15 50 14
15 50 15
15 51 13
15 51 14
15 52 12
15 52 13
15 52 14
15 53 12
15 53 13
15 54 11
15 54 12
15 55 10
15 55 11
15 56 10
15 56 11
15 57 9
15 57 10
15 58 9
15 58 10
15 59 8
15 59 9
15 59 10
15 60 7
15 60 8
16 8 16
16 8 17
16 9 16
16 9 17
16 9 41
16 10 41
16 11 40
16 11 41
16 12 40
16 13 39
16 13 40
16 14 39
16 14 40
16 15 39
16 16 39
16 29 19
16 29 20
16 29 39
16 29 40
16 30 20
16 30 21
16 31 20
16 31 21
16 49 13
16 49 14
16 50 13
16 50 14
16 51 12
16 51 13
16 52 12
16 52 13
16 53 11
16 53 12
16 54 10
16 54 11
16 55 9
16 55 10
16 55 11
16 56 9
16 56 10
16 57 8
16 57 9
16 58 8
16 58 9
16 59 7
16 59 8
16 59 9
16 60 7
16 60 8
17 6 43
17 7 42
17 7 43
17 8 15
17 8 16
17 8 41
17 8 42
17 9 16
17 9 41
17 9 42
17 10 40
17 10 41
17 11 40
17 11 41
17 12 40
17 29 19
17 29 40
17 29 41
17 30 19
17 30 20
17 31 20
17 31 21
17 49 13
17 50 12
17 50 13
17 51 11
17 51 12
17 51 13
17 52 11
17 52 12
17 53 10
17 53 11
17 54 9
17 54 10
17 54 11
17 55 9
17 55 10
17 56 8
17 56 9
17 57 8
17 57 9
17 58 8
17 59 6
17 59 7
17 59 8
17 60 6
17 60 7
18 2 44
18 2 45
18 4 43
18 4 44
18 5 43
18 6 42
18 6 43
18 7 41
18 7 42
18 7 43
18 8 15
18 8 41
18 8 42
18 9 15
18 9 16
18 9 42
18 29 18
18 29 19
18 29 42
18 29 43
18 30 18
18 30 19
18 31 19
18 31 20
18 49 12
18 49 13
18 50 11
18 50 12
18 50 13
18 51 11
18 51 12
18 52 10
18 52 11
18 53 9
18 53 10
18 53 11
18 54 9
18 54 10
18 55 8
18 55 9
18 56 8
18 56 9
18 57 7
18 57 8
18 58 7
18 58 8
18 59 5
18 59 6
18 59 7
18 59 8
18 60 5
18 60 6
18 60 7
19 0 45
19 1 44
19 1 45
19 2 44
19 2 45
19 4 43
19 4 44
19 5 43
19 7 40
19 7 41
19 8 14
19 8 15
19 8 40
19 8 41
19 9 14
19 9 15
19 29 17
19 29 18
19 29 43
19 29 44
19 30 17
19 30 18
19 30 19
19 31 18
19 31 19
19 49 11
19 49 12
19 50 11
19 50 12
19 51 10
19 51 11
19 52 9
19 52 10
19 53 9
19 53 10
19 54 8
19 54 9
19 55 7
19 55 8
19 56 7
19 56 8
19 57 6
19 57 7
19 58 6
19 58 7
19 59 5
19 59 6
19 59 7
19 60 4
19 60 5
19 60 6
20 0 45
20 1 45
20 2 45
20 7 40
20 8 13
20 8 14
20 8 39
20 8 40
20 9 13
20 9 14
20 29 16
20 29 17
20 29 45
20 29 46
20 30 17
20 30 18
20 31 17
20 31 18
20 49 11
20 50 10
20 50 11
20 51 9
20 51 10
20 52 8
20 52 9
20 52 10
20 53 8
20 53 9
20 54 7
20 54 8
20 55 7
20 55 8
20 56 6
20 56 7
20 57 6
20 57 7
20 58 5
20 58 6
20 59 4
20 59 5
20 59 6
20 60 4
20 60 5
21 7 39
21 8 12
21 8 13
21 8 38
21 8 39
21 8 40
21 9 12
21 9 13
21 29 16
21 29 46
21 29 47
21 30 16
21 30 17
21 31 17
21 49 10
21 49 11
21 50 9
21 50 10
21 51 8
21 51 9
21 51 10
21 52 8
21 52 9
21 53 7
21 53 8
21 54 7
21 54 8
21 55 6
21 55 7
21 56 6
21 56 7
21 57 5
21 57 6
21 58 5
21 59 3
21 59 4
21 59 5
21 60 3
21 60 4
22 7 38
22 7 39
22 8 11
22 8 12
22 8 13
22 8 38
22 8 39
22 9 12
22 29 15
22 29 16
22 29 47
22 30 15
22 30 16
22 31 16
22 31 17
22 49 9
22 49 10
22 50 8
22 50 9
22 50 10
22 51 8
22 51 9
22 52 7
22 52 8
22 53 7
22 53 8
22 54 6
22 54 7
22 55 6
22 56 5
22 56 6
22 57 4
22 57 5
22 58 4
22 58 5
22 59 2
22 59 3
22 59 4
22 60 3
23 7 37
23 7 38
23 8 11
23 8 12
23 8 37
23 8 38
23 9 11
23 9 12
23 29 14
23 29 15
23 29 47
23 30 14
23 30 15
23 31 15
23 31 16
23 49 8
23 49 9
23 50 8
23 50 9
23 51 7
23 51 8
23 52 6
23 52 7
23 52 8
23 53 6
23 53 7
23 54 5
23 54 6
23 55 5
23 55 6
23 56 4
23 56 5
23 57 4
23 57 5
23 58 2
23 58 3
23 58 4
23 59 2
23 59 3
23 59 4
23 60 2
23 60 3
24 7 37
24 8 10
24 8 11
24 8 36
24 8 37
24 9 10
24 9 11
24 29 13
24 29 14
24 29 47
24 30 14
24 30 15
24 31 14
24 31 15
24 49 8
24 50 7
24 50 8
24 51 6
24 51 7
24 52 6
24 52 7
24 53 5
24 53 6
24 54 5
24 54 6
24 55 4
24 55 5
24 56 4
24 56 5
24 57 2
24 57 3
24 57 4
24 58 2
24 58 3
24 58 4
24 59 2
25 7 36
25 8 9
25 8 10
25 8 35
25 8 36
25 9 9
25 9 10
25 29 12
25 29 13
25 29 47
25 30 13
25 30 14
25 31 13
25 31 14
25 49 7
25 49 8
25 50 6
25 50 7
25 51 6
25 51 7
25 52 5
25 52 6
25 53 5
25 53 6
25 54 4
25 54 5
25 55 4
25 55 5
25 56 2
25 56 3
25 56 4
25 57 2
25 57 3
25 58 2
25 59 2
26 7 35
26 8 8
26 8 9
26 8 35
26 8 36
26 9 8
26 9 9
26 29 12
26 29 46
26 30 12
26 30 13
26 31 13
26 31 14
26 49 7
26 50 6
26 50 7
26 51 5
26 51 6
26 52 5
26 52 6
26 53 3
26 53 4
26 53 5
26 54 2
26 54 3
26 54 4
26 54 5
26 55 2
26 55 3
26 55 4
26 56 2
26 57 2
27 0 5
27 1 5
27 7 34
27 7 35
27 8 8
27 8 9
27 8 34
27 8 35
27 9 8
27 29 11
27 29 12
27 29 45
27 29 46
27 30 11
27 30 12
27 31 12
27 31 13
27 49 5
27 49 6
27 50 4
27 50 5
27 50 6
27 51 4
27 51 5
27 51 6
27 52 3
27 52 4
27 52 5
27 53 3
27 53 4
27 53 5
27 54 2
27 54 3
27 55 2
27 55 3
27 56 2
28 0 5
28 1 5
28 2 5
28 3 5
28 3 6
28 4 5
28 4 6
28 5 6
28 6 6
28 7 6
28 7 33
28 7 34
28 8 7
28 8 8
28 8 33
28 8 34
28 9 7
28 9 8
28 29 10
28 29 11
28 29 44
28 29 45
28 30 11
28 30 12
28 31 11
28 31 12
28 46 6
28 46 7
28 47 6
28 48 5
28 48 6
28 49 5
28 50 4
28 50 5
28 51 4
28 51 5
28 52 4
28 53 4
29 0 5
29 1 5
29 2 5
29 2 6
29 3 5
29 3 6
29 4 5
29 4 6
29 5 5
29 5 6
29 6 6
29 7 6
29 7 32
29 7 33
29 8 6
29 8 7
29 8 32
29 8 33
29 9 6
29 9 7
29 10 6
29 10 7
29 11 7
29 12 7
29 12 8
29 13 7
29 13 8
29 14 8
29 15 8
29 29 10
29 29 11
29 29 44
29 30 11
29 31 11
29 31 12
29 43 8
29 44 7
29 44 8
29 45 6
29 45 7
29 46 6
29 46 7
29 47 6
29 48 5
29 48 6
29 49 5
29 49 6
29 50 5
30 7 32
30 8 7
30 8 31
30 8 32
30 8 33
30 9 7
30 10 7
30 11 7
30 11 8
30 12 7
30 12 8
30 13 7
30 13 8
30 14 7
30 14 8
30 15 8
30 16 8
30 17 8
30 18 8
30 18 9
30 19 8
30 19 9
30 20 9
30 21 9
30 29 10
30 29 11
30 29 43
30 30 11
30 31 11
30 31 12
30 40 9
30 41 8
30 41 9
30 42 8
30 42 9
30 43 7
30 43 8
30 44 7
30 44 8
30 45 7
30 46 7
31 7 32
31 8 31
31 8 32
31 14 8
31 15 8
31 16 8
31 17 8
31 17 9
31 18 8
31 18 9
31 19 8
31 19 9
31 20 8
31 20 9
31 21 9
31 22 9
31 22 10
31 23 9
31 23 10
31 24 9
31 24 10
31 25 10
31 26 10
31 27 10
31 27 11
31 28 10
31 28 11
31 29 11
31 29 12
31 29 42
31 29 43
31 30 11
31 30 12
31 31 12
31 31 13
31 37 10
31 37 11
31 38 10
31 39 9
31 39 10
31 40 9
31 40 10
31 41 8
31 41 9
31 42 8
31 42 9
31 43 8
32 8 30
32 8 31
32 21 10
32 22 10
32 23 10
32 24 10
32 25 10
32 26 10
32 26 11
32 27 10
32 27 11
32 28 10
32 28 11
32 29 10
32 29 11
32 29 41
32 29 42
32 30 11
32 30 12
32 30 13
32 31 11
32 31 13
32 31 14
32 32 11
32 32 12
32 33 11
32 33 12
32 34 12
32 35 11
32 35 12
32 36 10
32 36 11
32 37 10
32 37 11
32 38 10
32 38 11
32 39 10
32 40 10
33 7 29
33 7 30
33 8 29
33 8 30
33 28 11
33 28 12
33 29 10
33 29 11
33 29 12
33 29 40
33 29 41
33 30 10
33 30 11
33 30 14
33 30 15
33 31 11
33 31 12
33 31 13
33 31 14
33 31 15
33 32 11
33 32 12
33 32 13
33 33 11
33 33 12
33 34 11
33 34 12
33 35 11
33 35 12
33 36 11
34 7 29
34 8 28
34 8 29
34 27 12
34 27 13
34 27 15
34 28 12
34 28 13
34 29 12
34 29 13
34 29 14
34 29 40
34 30 13
34 30 14
34 31 13
34 31 14
34 32 12
34 32 13
34 33 12
34 33 13
35 7 28
35 8 28
35 8 29
35 23 17
35 24 16
35 24 17
35 25 15
35 25 16
35 26 14
35 26 15
35 26 16
35 27 13
35 27 14
35 27 15
35 28 13
35 28 14
35 28 15
35 29 14
35 29 17
35 30 14
35 30 17
35 30 18
35 31 18
35 31 19
36 7 27
36 7 28
36 8 27
36 8 28
36 21 17
36 21 18
36 22 17
36 22 18
36 23 16
36 23 17
36 24 16
36 25 16
36 26 16
36 29 17
36 29 18
36 29 19
36 30 18
36 30 19
36 30 20
36 31 19
36 31 20
37 7 26
37 7 27
37 8 26
37 8 27
37 17 19
37 17 20
37 18 19
37 19 18
37 19 19
37 20 18
37 21 17
37 21 18
37 22 17
37 22 18
37 23 17
37 24 17
37 29 19
37 29 20
37 30 19
37 30 20
37 30 21
37 31 20
37 31 21
37 31 22
38 7 26
38 8 25
38 8 26
38 8 27
38 14 21
38 15 20
38 15 21
38 16 20
38 17 19
38 17 20
38 18 19
38 18 20
38 19 18
38 19 19
38 20 19
38 29 20
38 29 21
38 29 22
38 30 21
38 30 22
38 30 23
38 31 22
38 31 23
39 7 25
39 7 26
39 8 24
39 8 25
39 8 26
39 10 23
39 11 22
39 12 21
39 12 22
39 13 21
39 13 22
39 14 20
39 14 21
39 15 20
39 15 21
39 16 20
39 17 20
39 29 22
39 29 23
39 30 22
39 30 23
39 30 24
39 31 23
39 31 24
40 7 24
40 7 25
40 8 23
40 8 24
40 8 25
40 9 23
40 10 22
40 10 23
40 11 22
40 12 21
40 12 22
40 13 21
40 13 22
40 29 23
40 29 24
40 30 24
40 30 25
40 30 26
40 31 24
40 31 25
40 31 26
41 4 25
41 4 26
41 5 24
41 5 25
41 6 24
41 6 25
41 7 24
41 8 23
41 8 24
41 9 23
41 10 23
41 11 23
41 29 25
41 29 26
41 30 25
41 30 26
41 30 27
41 31 26
41 31 27
41 31 28
42 0 27
42 1 26
42 1 27
42 2 26
42 3 25
42 3 26
42 4 25
42 4 26
42 5 24
42 5 25
42 6 24
42 6 25
42 7 24
42 29 26
42 29 27
42 30 27
42 30 28
42 31 27
42 31 28
42 31 29
43 0 27
43 1 26
43 1 27
43 2 26
43 3 26
43 4 26
43 29 27
43 29 28
43 29 29
43 29 30
43 30 28
43 30 29
43 30 30
43 31 30
44 1 27
