2 41 19
3 40 19
3 40 20
3 41 19
3 41 20
3 42 19
3 42 20
4 39 20
4 40 19
4 40 20
4 41 19
4 41 20
5 38 20
5 39 20
5 40 20
6 37 20
6 37 21
6 38 20
6 38 21
6 39 20
7 35 21
7 36 20
7 36 21
7 37 20
7 37 21
7 38 20
7 38 21
8 34 21
8 35 21
8 36 20
8 36 21
8 37 19
8 37 20
8 38 20
9 33 22
9 34 21
9 34 22
9 35 21
9 35 22
9 36 21
9 37 19
9 37 20
9 38 18
9 38 19
9 38 20
10 32 22
10 33 21
10 33 22
10 34 21
10 34 22
10 38 18
10 38 19
10 39 17
10 39 18
11 31 22
11 32 22
11 33 22
11 34 22
11 38 18
11 39 17
11 39 18
11 40 16
11 40 17
12 30 22
12 30 23
12 31 22
12 32 22
12 32 23
12 39 17
12 40 16
12 40 17
12 41 16
13 29 23
13 30 22
13 30 23
13 31 22
13 31 23
13 40 15
13 40 16
13 41 15
13 47 37
13 48 37
13 48 38
13 49 37
13 49 38
14 28 23
14 29 22
14 29 23
14 30 22
14 30 23
14 41 14
14 41 15
14 42 14
14 43 35
14 44 35
14 44 36
14 45 36
14 46 36
14 46 37
14 47 37
14 48 37
14 48 38
14 49 38
15 27 23
15 27 24
15 28 23
15 28 24
15 29 23
15 40 34
15 41 34
15 41 35
15 42 13
15 42 14
15 42 34
15 42 35
15 43 13
15 43 34
15 43 35
15 44 34
15 44 35
15 44 36
15 45 36
16 26 23
16 26 24
16 27 23
16 27 24
16 28 23
16 28 24
16 36 32
16 37 32
16 37 33
16 38 32
16 38 33
16 39 33
16 39 34
16 40 33
16 40 34
16 41 34
16 41 35
16 42 13
16 42 35
16 43 12
16 43 13
16 43 34
16 43 35
16 44 12
16 44 33
16 44 34
17 25 24
17 26 23
17 26 24
17 27 24
17 33 31
17 34 31
17 35 31
17 35 32
17 36 32
17 37 32
17 37 33
17 38 32
17 38 33
17 39 33
17 43 12
17 44 11
17 44 12
17 44 33
17 44 34
17 45 32
17 45 33
18 23 25
18 24 24
18 24 25
18 25 24
18 25 26
18 25 27
18 26 24
18 26 27
18 30 29
18 30 30
18 31 29
18 31 30
18 32 30
18 32 31
18 33 30
18 33 31
18 34 31
18 35 31
18 35 32
18 44 10
18 44 11
18 44 33
18 45 10
18 45 11
18 45 31
18 45 32
18 45 33
18 46 32
18 53 4
18 54 4
19 22 25
19 23 24
19 23 25
19 24 21
19 24 22
19 24 24
19 24 25
19 24 26
19 24 27
19 25 24
19 25 25
19 25 26
19 25 27
19 25 28
19 26 27
19 26 28
19 27 28
19 28 28
19 28 29
19 29 28
19 29 29
19 30 29
19 31 29
19 31 30
19 32 30
19 45 9
19 45 10
19 45 32
19 46 9
19 46 10
19 46 31
19 46 32
19 47 31
19 52 4
19 52 5
19 53 4
19 54 4
19 54 5
20 21 25
20 22 25
20 23 22
20 23 24
20 23 25
20 23 26
20 24 20
20 24 21
20 24 22
20 25 20
20 25 26
20 25 27
20 26 27
20 26 28
20 27 27
20 27 28
20 28 28
20 28 29
20 29 29
20 46 8
20 46 9
20 46 30
20 46 31
20 47 8
20 47 30
20 48 30
20 51 5
20 52 4
20 52 5
20 53 4
20 53 5
21 19 25
21 20 25
21 21 25
21 21 26
21 22 25
21 22 26
21 23 22
21 23 25
21 23 26
21 24 20
21 24 21
21 25 19
21 25 20
21 26 19
21 26 27
21 26 28
21 46 8
21 47 7
21 47 8
21 47 29
21 47 30
21 48 7
21 48 29
21 50 5
21 51 4
21 51 5
21 52 4
21 52 5
22 16 23
22 17 23
22 17 24
22 18 23
22 18 24
22 19 24
22 19 25
22 20 24
22 20 25
22 21 25
22 22 25
22 22 26
22 24 20
22 24 21
22 25 19
22 25 20
22 26 18
22 26 19
22 26 29
22 27 18
22 27 30
22 47 7
22 47 29
22 48 6
22 48 7
22 48 28
22 48 29
22 49 5
22 49 6
22 49 28
22 50 5
22 51 5
23 13 22
23 14 22
23 14 23
23 15 22
23 15 23
23 16 23
23 17 23
23 17 24
23 18 23
23 18 24
23 19 24
23 25 19
23 26 18
23 26 19
23 27 17
23 27 18
23 27 31
23 27 32
23 28 17
23 28 32
23 48 5
23 48 6
23 48 28
23 49 5
23 49 6
23 49 27
23 49 28
23 50 5
23 50 6
23 50 27
24 9 20
24 10 20
24 10 21
24 11 20
24 11 21
24 12 21
24 12 22
24 13 21
24 13 22
24 14 22
24 15 22
24 15 23
24 16 23
24 26 18
24 26 19
24 27 17
24 27 18
24 28 16
24 28 17
24 28 33
24 28 34
24 29 16
24 29 34
24 47 6
24 48 5
24 48 6
24 49 5
24 49 6
24 49 27
24 50 26
24 50 27
25 6 19
25 7 19
25 8 19
25 8 20
25 9 19
25 9 20
25 10 20
25 10 21
25 11 20
25 11 21
25 12 21
25 27 17
25 27 18
25 28 16
25 28 17
25 29 15
25 29 16
25 29 35
25 29 36
25 46 6
25 46 7
25 47 6
25 48 6
25 50 25
25 50 26
25 51 25
25 51 26
26 3 17
26 3 18
26 4 17
26 4 18
26 5 18
26 6 18
26 6 19
26 7 18
26 7 19
26 8 19
26 8 20
26 9 19
26 9 20
26 27 16
26 27 17
26 28 15
26 28 16
26 29 14
26 29 15
26 29 36
26 30 14
26 30 37
26 30 38
26 44 7
26 45 6
26 45 7
26 46 6
26 46 7
26 47 6
26 47 7
26 51 24
26 51 25
26 52 24
26 52 25
27 2 16
27 2 17
27 3 16
27 3 17
27 4 17
27 4 18
27 5 17
27 5 18
27 6 17
27 6 18
27 7 17
27 7 18
27 8 17
27 8 18
27 9 17
27 9 18
27 10 17
27 10 18
27 28 15
27 28 16
27 29 14
27 29 15
27 30 13
27 30 14
27 30 38
27 30 39
27 31 13
27 31 39
27 43 7
27 44 7
27 45 6
27 45 7
27 46 7
27 51 24
27 52 23
27 52 24
27 53 23
28 1 15
28 1 16
28 2 15
28 2 16
28 2 17
28 3 16
28 3 17
28 4 16
28 4 17
28 5 16
28 5 17
28 6 16
28 6 17
28 7 16
28 7 17
28 8 16
28 8 17
28 9 16
28 9 17
28 10 16
28 10 17
28 11 16
28 29 14
28 29 15
28 30 13
28 30 14
28 31 12
28 31 13
28 31 39
28 32 12
28 32 39
28 42 7
28 43 7
28 44 7
28 45 7
28 52 23
28 53 22
28 53 23
28 54 22
29 1 14
29 1 15
29 2 14
29 2 15
29 2 16
29 3 15
29 3 16
29 4 15
29 4 16
29 5 15
29 5 16
29 6 15
29 6 16
29 7 15
29 7 16
29 8 15
29 8 16
29 9 15
29 9 16
29 10 15
29 10 16
29 11 15
29 11 16
29 12 15
29 30 13
29 30 14
29 31 12
29 31 13
29 32 11
29 32 12
29 32 39
29 41 8
29 42 7
29 42 8
29 43 7
29 43 8
29 53 22
29 54 21
29 54 22
29 55 21
29 58 21
29 59 21
29 59 22
29 60 22
29 61 22
29 61 23
30 1 13
30 1 14
30 2 13
30 2 14
30 2 15
30 3 14
30 3 15
30 4 14
30 4 15
30 5 14
30 5 15
30 6 14
30 6 15
30 7 13
30 7 14
30 7 15
30 8 14
30 8 15
30 9 14
30 9 15
30 10 14
30 10 15
30 11 14
30 11 15
30 12 14
30 12 15
30 31 12
30 31 13
30 32 11
30 32 12
30 32 39
30 33 10
30 33 11
30 33 38
30 33 39
30 40 8
30 41 7
30 41 8
30 42 7
30 42 8
30 54 20
30 54 21
30 55 20
30 55 21
30 56 20
30 56 21
30 57 20
30 57 21
30 58 21
30 59 21
30 59 22
30 60 22
30 61 22
31 2 12
31 2 13
31 2 14
31 3 12
31 3 13
31 3 14
31 4 12
31 4 13
31 5 12
31 5 13
31 6 12
31 6 13
31 7 12
31 7 13
31 8 12
31 8 13
31 8 14
31 9 13
31 9 14
31 10 13
31 10 14
31 11 13
31 11 14
31 12 13
31 12 14
31 13 13
31 13 14
31 31 12
31 32 10
31 32 11
31 32 12
31 33 10
31 33 38
31 34 9
31 34 37
31 34 38
31 39 8
31 40 8
31 41 8
31 51 18
31 52 18
31 52 19
31 53 18
31 53 19
31 54 19
31 54 20
31 55 19
31 55 20
31 56 20
31 57 20
31 57 21
32 2 12
32 3 11
32 3 12
32 3 13
32 4 11
32 4 12
32 4 13
32 5 11
32 5 12
32 6 11
32 6 12
32 7 11
32 7 12
32 8 11
32 8 12
32 9 12
32 10 12
32 10 13
32 11 12
32 11 13
32 12 12
32 12 13
32 13 12
32 13 13
32 14 12
32 14 13
32 32 10
32 32 11
32 33 10
32 34 9
32 34 37
32 35 9
32 35 37
32 38 8
32 38 9
32 39 8
32 39 9
32 40 8
32 40 9
32 48 17
32 49 17
32 50 17
32 50 18
32 51 17
32 51 18
32 52 18
32 52 19
32 53 18
32 53 19
32 54 19
33 3 11
33 3 12
33 4 10
33 4 11
33 4 12
33 5 10
33 5 11
33 5 12
33 6 10
33 6 11
33 7 10
33 7 11
33 8 10
33 8 11
33 9 10
33 9 11
33 10 11
33 10 12
33 11 11
33 11 12
33 12 11
33 12 12
33 13 11
33 13 12
33 14 11
33 14 12
33 15 11
33 33 10
33 34 9
33 34 10
33 35 9
33 35 36
33 36 35
33 37 9
33 38 8
33 38 9
33 39 8
33 39 9
33 45 15
33 45 16
33 46 15
33 46 16
33 47 16
33 47 17
33 48 16
33 48 17
33 49 17
33 50 17
33 50 18
33 51 18
34 4 9
34 4 10
34 5 9
34 5 10
34 5 11
34 6 10
34 6 11
34 7 9
34 7 10
34 8 9
34 8 10
34 9 9
34 9 10
34 10 9
34 10 10
34 10 11
34 11 9
34 11 10
34 11 11
34 12 10
34 12 11
34 13 10
34 13 11
34 14 10
34 14 11
34 15 10
34 15 11
34 34 9
34 34 10
34 35 9
34 35 10
34 36 9
34 36 10
34 36 35
34 37 9
34 38 9
34 41 14
34 42 14
34 43 14
34 43 15
34 44 14
34 44 15
34 45 15
34 45 16
34 46 15
34 46 16
34 47 16
35 5 8
35 5 9
35 5 10
35 6 8
35 6 9
35 6 10
35 7 9
35 7 10
35 8 8
35 8 9
35 9 8
35 9 9
35 10 8
35 10 9
35 11 8
35 11 9
35 12 9
35 12 10
35 13 9
35 13 10
35 14 9
35 14 10
35 15 9
35 15 10
35 16 9
35 16 10
35 34 10
35 35 9
35 35 10
35 35 11
35 36 9
35 36 10
35 36 12
35 36 34
35 37 9
35 37 11
35 37 12
35 37 34
35 38 12
35 38 13
35 39 12
35 39 13
35 40 13
35 41 13
35 41 14
35 42 13
35 42 14
35 43 14
35 43 15
35 44 15
36 5 8
36 6 7
36 6 8
36 6 9
36 7 7
36 7 8
36 7 9
36 8 8
36 8 9
36 9 7
36 9 8
36 10 7
36 10 8
36 11 7
36 11 8
36 12 7
36 12 8
36 12 9
36 13 8
36 13 9
36 14 8
36 14 9
36 15 8
36 15 9
36 16 8
36 16 9
36 17 8
36 17 9
36 34 9
36 34 10
36 35 9
36 35 10
36 35 11
36 36 8
36 36 9
36 36 10
36 36 12
36 37 9
36 37 10
36 37 11
36 37 12
36 37 33
36 37 34
36 38 10
36 38 11
36 38 12
36 39 11
36 39 12
36 39 13
36 40 13
37 6 7
37 6 8
37 7 6
37 7 7
37 7 8
37 8 6
37 8 7
37 8 8
37 9 7
37 10 6
37 10 7
37 11 6
37 11 7
37 12 6
37 12 7
37 13 7
37 13 8
37 14 7
37 14 8
37 15 7
37 15 8
37 16 7
37 16 8
37 17 7
37 17 8
37 18 7
37 31 9
37 32 9
37 32 10
37 33 9
37 33 10
37 34 9
37 34 10
37 34 11
37 35 10
37 35 11
37 36 11
37 36 12
37 36 15
37 37 12
37 37 14
37 37 15
37 38 14
37 38 15
37 38 32
37 39 15
38 7 6
38 7 7
38 8 5
38 8 6
38 8 7
38 9 5
38 9 6
38 9 7
38 10 6
38 10 7
38 11 6
38 12 6
38 13 6
38 14 6
38 14 7
38 15 6
38 15 7
38 16 6
38 16 7
38 17 6
38 17 7
38 18 6
38 18 7
38 19 6
38 28 8
38 29 8
38 30 8
38 30 9
38 31 8
38 31 9
38 32 9
38 32 10
38 33 9
38 33 10
38 34 10
38 37 16
38 37 17
38 38 16
38 38 17
38 39 16
38 39 17
38 39 31
38 40 17
39 8 4
39 8 5
39 8 6
39 9 4
39 9 5
39 9 6
39 10 5
39 10 6
39 11 5
39 11 6
39 12 5
39 12 6
39 13 5
39 13 6
39 14 5
39 14 6
39 15 5
39 15 6
39 16 5
39 16 6
39 17 5
39 17 6
39 18 5
39 18 6
39 19 5
39 19 6
39 24 6
39 25 6
39 25 7
39 26 6
39 26 7
39 27 7
39 27 8
39 28 7
39 28 8
39 29 8
39 30 8
39 30 9
39 31 9
39 38 18
39 38 19
39 39 18
39 39 19
39 40 18
39 40 19
39 40 30
40 8 5
40 9 3
40 9 4
40 9 5
40 10 3
40 10 4
40 10 5
40 11 4
40 11 5
40 12 4
40 12 5
40 13 4
40 13 5
40 14 4
40 14 5
40 15 4
40 15 5
40 16 4
40 16 5
40 17 4
40 17 5
40 18 4
40 18 5
40 19 5
40 20 5
40 21 5
40 22 5
40 23 5
40 23 6
40 24 5
40 24 6
40 25 6
40 25 7
40 26 6
40 26 7
40 27 7
40 38 19
40 38 20
40 39 19
40 39 20
40 39 21
40 40 19
40 40 20
40 40 21
40 41 20
40 41 21
40 41 29
41 9 3
41 9 4
41 10 2
41 10 3
41 10 4
41 11 2
41 11 3
41 11 4
41 12 3
41 12 4
41 13 3
41 13 4
41 14 3
41 14 4
41 15 3
41 15 4
41 16 3
41 16 4
41 17 3
41 17 4
41 18 3
41 18 4
41 18 5
41 19 3
41 19 4
41 19 5
41 20 3
41 20 4
41 20 5
41 21 4
41 21 5
41 22 4
41 22 5
41 23 5
41 23 6
41 24 6
41 39 21
41 39 22
41 40 21
41 40 22
41 40 23
41 41 21
41 41 22
41 41 23
41 41 28
41 41 29
41 42 22
41 42 23
42 10 2
42 10 3
42 11 2
42 11 3
42 12 2
42 12 3
42 13 2
42 13 3
42 14 2
42 14 3
42 15 2
42 15 3
42 16 2
42 16 3
42 17 2
42 17 3
42 17 4
42 18 3
42 19 3
42 19 4
42 20 4
42 40 23
42 40 24
42 41 23
42 41 24
42 41 25
42 42 23
42 42 24
42 42 25
42 42 28
43 11 2
43 12 1
43 12 2
43 13 1
43 13 2
43 14 1
43 14 2
43 15 2
43 16 2
43 16 3
43 17 2
43 17 3
43 40 25
