2 43 4
2 43 29
2 43 30
2 44 29
2 44 30
3 41 5
3 41 29
3 42 4
3 42 5
3 42 29
3 43 4
3 43 5
3 43 29
3 43 30
3 44 4
3 44 29
4 40 6
4 40 28
4 41 5
4 41 6
4 41 29
4 42 5
4 42 6
4 42 29
4 42 30
5 38 7
5 38 28
5 39 6
5 39 7
5 39 28
5 40 6
5 40 7
5 40 28
5 40 29
5 41 6
6 37 8
6 37 27
6 38 7
6 38 8
6 38 27
6 38 28
6 39 7
6 39 8
6 39 28
6 39 29
6 40 7
6 40 28
7 35 9
7 35 27
7 36 8
7 36 9
7 36 27
7 37 8
7 37 9
7 37 27
7 37 28
7 38 8
7 38 27
7 38 28
7 39 8
8 34 10
8 34 26
8 34 27
8 35 9
8 35 10
8 35 27
8 36 9
8 36 10
8 36 27
8 36 28
8 37 9
8 37 27
8 37 28
8 38 8
8 38 27
8 38 28
8 39 8
8 39 27
8 39 28
8 40 8
9 32 11
9 32 26
9 33 11
9 33 26
9 34 10
9 34 11
9 34 26
9 34 27
9 35 10
9 35 11
9 35 27
9 38 27
9 38 28
9 39 8
9 39 27
9 39 28
9 40 8
9 40 28
10 31 12
10 31 25
10 31 26
10 32 11
10 32 12
10 32 26
10 32 27
10 33 11
10 33 12
10 33 26
10 33 27
10 34 11
10 34 26
10 34 27
10 39 8
10 39 27
10 39 28
10 40 8
10 40 27
10 40 28
10 41 8
10 41 28
11 30 13
11 30 25
11 31 12
11 31 13
11 31 25
11 31 26
11 32 12
11 32 13
11 32 26
11 40 8
11 40 27
11 40 28
11 41 8
11 41 27
11 41 28
11 42 8
12 28 14
12 28 25
12 29 13
12 29 14
12 29 25
12 30 13
12 30 14
12 30 25
12 30 26
12 31 13
12 31 25
12 41 8
12 41 27
12 41 28
12 42 8
12 42 27
12 42 28
12 43 8
13 26 15
13 26 24
13 27 15
13 27 24
13 28 14
13 28 15
13 28 24
13 28 25
13 29 14
13 29 15
13 29 25
13 29 26
13 41 28
13 42 8
13 42 27
13 42 28
13 43 8
13 43 28
13 44 8
14 25 16
14 25 24
14 26 15
14 26 16
14 26 24
14 27 15
14 27 16
14 27 24
14 27 25
14 28 15
14 28 24
14 28 25
14 42 27
14 42 28
14 43 8
14 43 27
14 43 28
14 44 8
14 44 28
15 24 17
15 24 23
15 25 16
15 25 17
15 25 23
15 25 24
15 26 16
15 26 17
15 26 24
15 43 8
15 43 27
15 43 28
15 44 8
15 44 27
15 44 28
15 45 8
16 21 19
16 21 21
16 22 18
16 22 19
16 22 20
16 23 17
16 23 18
16 23 19
16 23 23
16 24 17
16 24 18
16 24 23
16 24 24
16 25 17
16 25 23
16 25 24
16 44 8
16 44 27
16 44 28
16 45 8
16 45 27
16 45 28
16 46 8
17 22 16
17 22 18
17 22 19
17 22 23
17 23 18
17 23 19
17 23 23
17 44 28
17 45 8
17 45 27
17 45 28
17 46 8
17 46 27
17 46 28
17 47 8
18 19 20
18 19 23
18 20 20
18 22 1
18 22 2
18 22 3
18 22 4
18 22 23
18 22 24
18 23 1
18 23 25
18 45 28
18 46 8
18 46 27
18 46 28
18 47 8
18 47 28
19 18 21
19 19 20
19 19 21
19 19 22
19 20 20
19 20 21
19 20 22
19 21 2
19 21 3
19 21 4
19 22 1
19 22 2
19 22 3
19 23 1
19 23 25
19 23 26
19 24 0
19 46 27
19 46 28
19 47 8
19 47 27
19 47 28
19 48 8
19 48 28
20 16 22
20 17 21
20 17 22
20 18 21
20 18 22
20 19 21
20 19 22
20 21 2
20 21 3
20 22 1
20 22 2
20 23 1
20 24 0
20 24 1
20 24 26
20 47 8
20 47 27
20 47 28
20 48 8
20 48 27
20 48 28
20 49 8
21 15 23
21 16 22
21 16 23
21 17 22
21 17 23
21 22 1
21 23 1
21 24 0
21 24 1
21 24 26
21 25 0
21 25 26
21 48 8
21 48 27
21 48 28
21 49 8
21 49 27
21 49 28
21 50 8
22 13 24
22 14 24
22 15 23
22 15 24
22 16 23
22 23 1
22 24 1
22 25 0
22 25 1
22 25 26
22 26 0
22 26 26
22 48 28
22 49 8
22 49 27
22 49 28
22 50 8
22 50 27
22 50 28
23 12 25
23 13 24
23 13 25
23 14 24
23 14 25
23 24 1
23 25 0
23 25 1
23 26 0
23 26 1
23 26 26
23 27 0
23 27 26
23 49 28
23 50 8
23 50 27
23 50 28
23 51 8
23 51 28
24 10 26
24 10 27
24 11 26
24 11 27
24 12 25
24 12 26
24 13 25
24 13 26
24 24 1
24 25 1
24 26 0
24 26 1
24 27 0
24 27 1
24 27 26
24 50 8
24 50 27
24 50 28
24 51 8
24 51 27
24 51 28
24 52 8
24 52 28
24 59 4
24 59 5
24 59 29
24 60 4
24 60 5
24 60 29
24 60 30
25 9 27
25 10 26
25 10 27
25 11 26
25 11 27
25 25 1
25 26 1
25 27 0
25 27 1
25 27 26
25 28 0
25 28 1
25 28 26
25 51 8
25 51 27
25 51 28
25 52 8
25 52 27
25 52 28
25 53 8
25 58 5
25 58 6
25 58 29
25 58 30
25 59 4
25 59 5
25 59 6
25 59 29
25 59 30
25 60 4
25 60 5
25 60 29
26 7 28
26 7 29
26 8 28
26 9 27
26 9 28
26 10 27
26 10 28
26 26 1
26 27 1
26 28 0
26 28 1
26 28 26
26 29 0
26 29 26
26 51 28
26 52 8
26 52 27
26 52 28
26 53 8
26 53 27
26 53 28
26 54 8
26 56 6
26 56 7
26 56 28
26 56 29
26 57 6
26 57 7
26 57 28
26 57 29
26 58 5
26 58 6
26 58 29
26 59 5
26 59 29
27 6 29
27 7 28
27 7 29
27 7 30
27 8 28
27 8 29
27 27 1
27 28 1
27 29 0
27 29 1
27 29 26
27 30 0
27 30 26
27 52 28
27 53 8
27 53 27
27 53 28
27 54 8
27 54 28
27 55 7
27 55 8
27 55 28
27 56 6
27 56 7
27 56 8
27 56 28
27 56 29
27 57 6
27 57 7
27 57 28
27 58 6
28 4 30
28 5 30
28 6 29
28 6 30
28 7 29
28 7 30
28 28 1
28 29 0
28 29 1
28 30 0
28 30 1
28 30 26
28 31 0
28 31 26
28 53 8
28 53 9
28 53 27
28 53 28
28 54 8
28 54 9
28 54 27
28 54 28
28 55 7
28 55 8
28 55 27
28 55 28
28 55 29
28 56 7
28 56 28
29 3 31
29 3 32
29 4 31
29 5 30
29 5 31
29 6 30
29 6 31
29 7 30
29 7 31
29 8 30
29 28 1
29 29 1
29 30 0
29 30 1
29 31 0
29 31 1
29 31 26
29 52 9
29 52 10
29 52 27
29 52 28
29 53 9
29 53 10
29 53 27
29 53 28
29 54 8
29 54 9
29 54 27
29 55 8
29 55 27
30 1 33
30 2 32
30 3 31
30 3 32
30 4 31
30 4 32
30 5 31
30 5 32
30 6 31
30 7 30
30 7 31
30 8 30
30 8 31
30 9 30
30 9 31
30 29 1
30 30 1
30 31 0
30 31 1
30 32 0
30 32 1
30 32 26
30 51 10
30 51 11
30 51 26
30 51 27
30 52 9
30 52 10
30 52 27
30 53 9
30 53 27
31 1 33
31 2 32
31 2 33
31 3 32
31 4 32
31 5 31
31 5 32
31 6 31
31 6 32
31 7 31
31 7 32
31 8 31
31 9 30
31 9 31
31 10 30
31 30 1
31 31 1
31 32 0
31 32 1
31 32 26
31 33 0
31 33 26
31 49 11
31 49 12
31 49 26
31 49 27
31 50 11
31 50 12
31 50 26
31 50 27
31 51 10
31 51 11
31 51 26
31 52 10
31 52 26
31 52 27
32 0 33
32 0 34
32 1 33
32 1 34
32 2 33
32 3 32
32 3 33
32 4 32
32 4 33
32 5 32
32 6 32
32 7 31
32 7 32
32 8 31
32 8 32
32 9 31
32 10 30
32 10 31
32 11 30
32 31 1
32 32 1
32 33 0
32 33 1
32 33 26
32 34 0
32 34 26
32 47 26
32 48 12
32 48 13
32 48 25
32 48 26
32 49 11
32 49 12
32 49 26
32 50 11
32 50 26
33 0 34
33 1 33
33 1 34
33 2 33
33 2 34
33 3 33
33 4 33
33 5 32
33 5 33
33 6 32
33 6 33
33 7 32
33 8 31
33 8 32
33 9 31
33 9 32
33 10 30
33 10 31
33 11 30
33 11 31
33 31 1
33 32 1
33 33 0
33 33 1
33 34 0
33 34 1
33 34 26
33 35 0
33 46 13
33 46 14
33 46 25
33 46 26
33 47 13
33 47 14
33 47 25
33 47 26
33 48 12
33 48 13
33 48 25
33 49 12
33 49 26
34 0 34
34 1 34
34 2 33
34 2 34
34 3 33
34 3 34
34 4 33
34 5 33
34 6 32
34 6 33
34 7 32
34 7 33
34 8 32
34 9 31
34 9 32
34 10 31
34 11 30
34 11 31
34 12 30
34 12 31
34 32 1
34 33 1
34 34 0
34 34 1
34 35 0
34 35 1
34 35 26
34 45 14
34 45 15
34 45 24
34 45 25
34 46 13
34 46 14
34 46 25
34 47 13
34 47 25
35 0 34
35 0 35
35 1 34
35 1 35
35 2 34
35 3 33
35 3 34
35 4 33
35 4 34
35 5 33
35 6 33
35 7 32
35 7 33
35 8 32
35 8 33
35 9 32
35 10 31
35 10 32
35 11 31
35 12 30
35 12 31
35 13 30
35 33 1
35 34 1
35 35 0
35 35 1
35 35 26
35 36 0
35 36 1
35 36 26
35 43 15
35 43 16
35 43 24
35 43 25
35 44 15
35 44 16
35 44 24
35 44 25
35 45 14
35 45 15
35 45 24
35 45 25
35 46 14
35 46 25
36 1 34
36 1 35
36 2 34
36 2 35
36 3 34
36 4 34
36 5 33
36 5 34
36 6 33
36 6 34
36 7 33
36 8 32
36 8 33
36 9 32
36 9 33
36 10 31
36 10 32
36 11 31
36 11 32
36 12 31
36 13 30
36 13 31
36 14 30
36 34 1
36 35 1
36 36 0
36 36 1
36 36 26
36 37 0
36 37 1
36 37 26
36 42 16
36 42 17
36 42 23
36 42 24
36 43 15
36 43 16
36 43 17
36 43 24
36 43 25
36 44 15
36 44 16
36 44 24
37 1 35
37 2 34
37 2 35
37 3 34
37 3 35
37 4 34
37 5 34
37 6 33
37 6 34
37 7 33
37 7 34
37 8 33
37 9 32
37 9 33
37 10 32
37 11 31
37 11 32
37 12 31
37 13 30
37 13 31
37 14 30
37 14 31
37 35 1
37 35 2
37 36 1
37 37 1
37 37 25
37 37 26
37 38 1
37 38 25
37 40 17
37 40 18
37 40 23
37 40 24
37 41 17
37 41 18
37 41 23
37 41 24
37 42 16
37 42 17
37 42 23
37 42 24
37 43 16
37 43 24
38 2 35
38 3 34
38 3 35
38 4 34
38 5 34
38 6 34
38 7 33
38 7 34
38 8 33
38 8 34
38 9 33
38 10 32
38 10 33
38 11 32
38 12 31
38 12 32
38 13 31
38 14 30
38 14 31
38 15 30
38 35 2
38 36 1
38 36 2
38 37 1
38 37 2
38 37 3
38 38 1
38 38 2
38 38 3
38 38 23
38 38 24
38 38 25
38 39 18
38 39 19
38 39 23
38 40 17
38 40 18
38 40 23
38 40 24
38 41 17
38 41 18
38 41 20
38 41 23
39 3 34
39 3 35
39 4 34
39 4 35
39 5 34
39 6 34
39 7 34
39 8 33
39 8 34
39 9 33
39 10 32
39 10 33
39 11 32
39 11 33
39 12 32
39 13 31
39 13 32
39 14 31
39 15 30
39 15 31
39 16 30
39 36 3
39 37 3
39 37 4
39 38 4
39 38 17
39 38 20
39 38 22
39 38 23
39 39 18
39 39 19
39 39 21
39 39 22
39 39 23
39 40 18
39 40 19
39 40 20
39 40 21
40 4 34
40 4 35
40 5 34
40 5 35
40 6 34
40 7 34
40 8 34
40 9 33
40 9 34
40 10 33
40 11 32
40 11 33
40 12 32
40 13 31
40 13 32
40 14 31
40 15 30
40 15 31
40 16 30
40 16 31
40 17 30
40 36 20
40 36 21
40 36 22
40 36 23
40 37 20
41 4 35
41 5 34
41 5 35
41 6 34
41 6 35
41 7 34
41 8 34
41 9 34
41 10 33
41 10 34
41 11 33
41 12 32
41 12 33
41 13 32
41 14 31
41 14 32
41 15 31
41 16 30
41 16 31
41 17 30
41 17 31
41 18 30
41 34 21
41 34 22
41 35 21
41 35 22
41 36 20
41 36 21
41 36 22
41 37 20
42 5 35
42 6 34
42 6 35
42 7 34
42 8 34
42 9 34
42 10 33
42 10 34
42 11 33
42 11 34
42 12 32
42 12 33
42 13 32
42 13 33
42 14 32
42 15 31
42 15 32
42 16 31
42 17 30
42 17 31
42 18 30
42 33 22
42 33 23
42 34 22
42 34 23
42 35 21
42 35 22
43 6 35
43 7 34
43 7 35
43 8 34
43 9 34
43 10 34
43 11 33
43 11 34
43 12 33
43 13 32
43 13 33
43 14 32
43 14 33
43 15 31
43 15 32
43 16 31
43 16 32
43 17 30
43 17 31
43 18 30
43 18 31
43 19 30
43 31 24
43 32 23
43 32 24
43 33 22
43 33 23
43 34 22
44 7 34
44 7 35
44 8 34
44 8 35
44 9 34
44 10 34
44 11 34
44 12 33
44 12 34
44 13 33
44 14 32
44 14 33
44 15 32
44 16 31
44 16 32
44 17 31
44 18 30
44 18 31
44 19 30
44 19 31
44 20 30
44 30 24
44 30 25
44 31 24
44 31 25
44 32 23
44 32 24
45 8 34
45 8 35
45 9 34
45 9 35
45 10 34
45 11 34
45 12 33
45 12 34
45 13 33
45 13 34
45 14 33
45 15 32
45 15 33
45 16 32
45 17 31
45 17 32
45 18 31
45 19 30
45 19 31
45 20 30
45 21 30
45 28 26
45 28 27
45 29 25
45 29 26
45 30 24
45 30 25
45 31 24
45 31 25
46 8 35
46 9 34
46 9 35
46 10 34
46 11 34
46 12 34
46 13 33
46 13 34
46 14 33
46 15 32
46 15 33
46 16 32
46 16 33
46 17 31
46 17 32
46 18 31
46 18 32
46 19 31
46 20 30
46 20 31
46 21 30
46 27 26
46 27 27
46 28 26
46 28 27
46 29 25
46 29 26
47 9 35
47 10 34
47 10 35
47 11 34
47 12 34
47 13 33
47 13 34
47 14 33
47 14 34
47 15 33
47 16 32
47 16 33
47 17 32
47 18 31
47 18 32
47 19 31
47 20 30
47 20 31
47 21 30
47 22 30
47 25 28
47 26 27
47 26 28
47 27 26
47 27 27
47 28 26
48 10 35
48 11 34
48 11 35
48 12 34
48 13 34
48 14 33
48 14 34
48 15 33
48 16 32
48 16 33
48 17 32
48 17 33
48 18 32
48 19 31
48 19 32
48 20 31
48 21 30
48 21 31
48 22 30
48 23 29
48 24 28
48 24 29
48 25 28
48 25 29
48 26 27
48 26 28
49 11 34
49 11 35
49 12 34
49 12 35
49 13 34
49 14 33
49 14 34
49 15 33
49 15 34
49 16 33
49 17 32
49 17 33
49 18 32
49 19 31
49 19 32
49 20 31
49 21 30
49 21 31
49 22 30
49 23 29
49 23 30
49 24 29
49 25 28
49 25 29
50 11 35
50 12 34
50 12 35
50 13 34
50 14 34
50 15 33
50 15 34
50 16 33
50 17 32
50 17 33
50 18 32
50 19 31
50 19 32
50 20 31
50 20 32
50 21 30
50 21 31
50 22 30
50 23 29
50 23 30
50 24 29
51 12 35
51 13 34
51 13 35
51 14 34
51 15 33
51 15 34
51 16 33
51 16 34
51 17 33
51 18 32
51 18 33
51 19 32
51 20 31
51 20 32
51 21 31
51 22 30
51 22 31
52 13 35
52 14 34
52 14 35
52 15 34
52 16 33
52 16 34
52 17 33
52 18 32
52 18 33
52 19 32
52 19 33
52 20 31
52 20 32
53 15 34
53 16 34
53 17 33
53 17 34
53 18 33
53 19 32
53 19 33
