2 35 2
2 36 1
2 36 2
2 37 1
2 37 2
2 38 2
2 38 3
2 39 2
2 39 3
2 39 4
2 40 3
2 40 4
2 41 3
2 41 4
2 42 5
3 33 2
3 34 1
3 34 2
3 35 1
3 35 2
3 35 3
3 36 1
3 36 2
3 36 3
3 37 2
3 37 3
3 37 4
3 38 2
3 38 3
3 38 4
3 39 2
3 39 3
3 39 4
3 39 5
3 40 3
3 40 4
3 40 5
3 41 3
3 41 4
3 41 5
3 41 6
3 42 4
3 42 5
3 42 6
3 43 5
3 43 6
3 44 6
3 44 7
3 45 7
4 32 2
4 33 2
4 34 1
4 34 2
4 34 3
4 35 2
4 35 3
4 35 4
4 36 3
4 36 4
4 37 3
4 37 4
4 38 4
4 38 5
4 39 4
4 39 5
4 40 5
4 40 6
4 41 5
4 41 6
4 42 5
4 42 6
4 42 7
4 43 5
4 43 6
4 43 7
4 44 6
4 44 7
4 44 8
4 45 6
4 45 7
4 45 8
4 45 9
4 46 7
4 46 8
4 46 9
4 47 8
4 47 9
4 48 9
4 48 10
5 32 2
5 32 3
5 33 2
5 33 3
5 34 2
5 34 3
5 34 4
5 35 3
5 35 4
5 36 4
5 36 5
5 37 4
5 37 5
5 38 4
5 38 5
5 39 5
5 39 6
5 40 5
5 40 6
5 41 6
5 41 7
5 42 6
5 42 7
5 43 7
5 43 8
5 44 8
5 45 8
5 45 9
5 46 8
5 46 9
5 46 10
5 47 8
5 47 9
5 47 10
5 48 9
5 48 10
5 48 11
5 49 9
5 49 10
5 49 11
5 50 10
5 50 11
5 51 11
5 51 12
6 31 3
6 32 2
6 32 3
6 32 4
6 33 2
6 33 3
6 33 4
6 34 4
6 35 4
6 35 5
6 36 4
6 36 5
6 37 5
6 38 5
6 38 6
6 39 5
6 39 6
6 40 6
6 40 7
6 41 6
6 41 7
6 42 7
6 42 8
6 43 7
6 43 8
6 44 8
6 44 9
6 45 9
6 46 9
6 46 10
6 47 10
6 47 11
6 48 11
6 49 10
6 49 11
6 49 12
6 50 11
6 50 12
6 50 13
6 51 11
6 51 12
6 51 13
6 52 12
6 52 13
6 52 14
6 53 12
6 53 13
6 54 13
6 54 14
6 55 14
6 55 15
7 30 4
7 31 3
7 31 4
7 32 3
7 32 4
7 33 4
7 33 5
7 34 4
7 34 5
7 35 5
7 36 5
7 36 6
7 37 5
7 37 6
7 38 6
7 38 7
7 39 6
7 39 7
7 40 6
7 40 7
7 40 8
7 41 7
7 41 8
7 42 7
7 42 8
7 42 9
7 43 8
7 43 9
7 44 8
7 44 9
7 44 10
7 45 9
7 45 10
7 46 10
7 46 11
7 47 10
7 47 11
7 48 11
7 48 12
7 49 12
7 50 12
7 50 13
7 51 13
7 51 14
7 52 13
7 52 14
7 53 13
7 53 14
7 53 15
7 54 13
7 54 14
7 54 15
7 54 16
7 55 14
7 55 15
7 55 16
7 56 15
7 56 16
8 29 5
8 30 4
8 31 3
8 31 4
8 31 5
8 32 5
8 33 5
8 34 5
8 34 6
8 35 5
8 35 6
8 36 5
8 36 6
8 36 7
8 37 6
8 37 7
8 38 6
8 38 7
8 38 8
8 39 7
8 39 8
8 40 7
8 40 8
8 41 8
8 41 9
8 42 8
8 42 9
8 42 10
8 43 9
8 43 10
8 44 9
8 44 10
8 44 11
8 45 10
8 45 11
8 46 10
8 46 11
8 46 12
8 47 11
8 47 12
8 48 11
8 48 12
8 48 13
8 49 12
8 49 13
8 50 13
8 50 14
8 51 13
8 51 14
8 51 15
8 52 14
8 52 15
8 53 15
8 53 16
8 54 15
8 54 16
8 55 15
8 55 16
8 55 17
8 56 15
8 56 16
8 56 17
8 57 16
8 57 17
9 28 5
9 29 4
9 29 5
9 30 4
9 30 5
9 31 4
9 31 5
9 31 6
9 32 5
9 32 6
9 33 5
9 33 6
9 34 5
9 34 6
9 34 7
9 35 6
9 35 7
9 36 6
9 36 7
9 36 8
9 37 7
9 37 8
9 38 7
9 38 8
9 38 9
9 39 8
9 39 9
9 40 8
9 40 9
9 40 10
9 41 9
9 41 10
9 42 9
9 42 10
9 42 11
9 43 10
9 43 11
9 44 10
9 44 11
9 44 12
9 45 11
9 45 12
9 46 11
9 46 12
9 46 13
9 47 12
9 47 13
9 48 12
9 48 13
9 48 14
9 49 13
9 49 14
9 50 13
9 50 14
9 50 15
9 51 14
9 51 15
9 52 15
9 52 16
9 53 15
9 53 16
9 53 17
9 54 16
9 54 17
9 55 17
9 55 18
9 56 17
9 56 18
9 57 17
9 57 18
10 28 5
10 28 6
10 29 5
10 30 5
10 32 6
10 33 6
10 33 7
10 34 6
10 34 7
10 34 8
10 35 7
10 35 8
10 36 7
10 36 8
10 37 8
10 37 9
10 38 8
10 38 9
10 39 9
10 39 10
10 40 9
10 40 10
10 41 10
10 41 11
10 42 10
10 42 11
10 43 11
10 43 12
10 44 11
10 44 12
10 44 13
10 45 12
10 45 13
10 46 12
10 46 13
10 46 14
10 47 13
10 47 14
10 48 13
10 48 14
10 48 15
10 49 14
10 49 15
10 50 14
10 50 15
10 50 16
10 51 15
10 51 16
10 52 16
10 52 17
10 53 16
10 53 17
10 53 18
10 54 17
10 54 18
10 55 17
10 55 18
10 55 19
10 56 18
10 56 19
10 57 18
10 57 19
11 27 6
11 28 5
11 28 6
11 29 5
11 29 6
11 35 8
11 36 8
11 36 9
11 37 9
11 37 10
11 38 9
11 38 10
11 38 11
11 39 10
11 39 11
11 40 10
11 40 11
11 41 11
11 41 12
11 42 11
11 42 12
11 43 12
11 43 13
11 44 12
11 44 13
11 45 13
11 45 14
11 46 13
11 46 14
11 47 14
11 47 15
11 48 14
11 48 15
11 49 15
11 49 16
11 50 15
11 50 16
11 50 17
11 51 16
11 51 17
11 52 17
11 52 18
11 53 17
11 53 18
11 53 19
11 54 18
11 54 19
11 55 19
11 55 20
11 56 19
11 56 20
11 57 19
11 57 20
12 26 7
12 27 6
12 27 7
12 28 6
12 38 10
12 38 11
12 39 11
12 40 11
12 40 12
12 41 12
12 41 13
12 42 12
12 42 13
12 43 13
12 43 14
12 44 13
12 44 14
12 45 14
12 45 15
12 46 14
12 46 15
12 47 15
12 47 16
12 48 15
12 48 16
12 49 16
12 49 17
12 50 16
12 50 17
12 51 17
12 51 18
12 52 18
12 52 19
12 53 18
12 53 19
12 53 20
12 54 19
12 54 20
12 55 20
12 56 19
12 56 20
12 57 20
13 25 7
13 26 6
13 26 7
13 27 6
13 27 7
13 28 7
13 42 13
13 42 14
13 43 14
13 43 15
13 44 14
13 44 15
13 45 15
13 45 16
13 46 15
13 46 16
13 47 16
13 47 17
13 48 16
13 48 17
13 49 17
13 49 18
13 50 17
13 50 18
13 51 18
13 51 19
13 52 18
13 52 19
13 52 20
13 53 19
13 53 20
13 53 21
13 54 20
13 54 21
13 55 20
13 55 21
13 56 20
13 56 21
14 25 7
14 25 8
14 26 7
14 26 8
14 27 7
14 45 16
14 46 16
14 46 17
14 47 17
14 47 18
14 48 17
14 48 18
14 49 18
14 49 19
14 50 18
14 50 19
14 50 20
14 51 19
14 51 20
14 52 19
14 52 20
14 52 21
14 53 20
14 53 21
14 53 22
14 54 20
14 54 21
14 55 20
14 55 21
15 24 8
15 24 9
15 25 7
15 25 8
15 26 8
15 48 18
15 48 19
15 49 19
15 50 19
15 50 20
15 51 20
15 51 21
15 52 21
15 52 22
15 53 21
15 53 22
15 54 21
15 54 22
16 23 9
16 24 8
16 24 9
16 25 8
16 25 9
16 52 22
16 52 23
16 53 22
16 54 22
17 22 10
17 23 9
17 23 10
17 24 9
17 51 23
17 52 22
17 52 23
17 53 22
17 53 23
18 21 10
18 22 9
18 22 10
18 23 9
18 23 10
18 50 23
18 50 24
18 51 23
18 51 24
18 52 23
19 21 10
19 21 11
19 22 10
19 23 10
19 49 24
19 50 23
19 50 24
19 51 23
19 51 24
20 10 27
20 10 28
20 11 26
20 11 27
20 20 11
20 21 10
20 21 11
20 22 10
20 22 11
20 49 24
20 49 25
20 50 24
20 50 25
21 9 26
21 9 27
21 9 28
21 10 26
21 10 27
21 11 24
21 11 25
21 11 26
21 12 24
21 12 25
21 13 23
21 13 24
21 14 21
21 14 22
21 14 23
21 19 12
21 20 11
21 20 12
21 21 11
21 48 25
21 48 26
21 49 24
21 49 25
21 50 25
22 8 28
22 9 26
22 9 27
22 9 28
22 10 25
22 10 26
22 10 32
22 10 33
22 11 23
22 11 24
22 11 25
22 11 33
22 12 22
22 12 23
22 12 24
22 13 21
22 13 22
22 13 23
22 14 20
22 14 21
22 14 22
22 15 19
22 15 20
22 15 21
22 16 18
22 16 19
22 16 20
22 17 17
22 17 18
22 18 12
22 19 11
22 19 12
22 20 10
22 20 11
22 21 11
22 47 26
22 48 25
22 48 26
22 49 25
23 11 33
23 12 22
23 12 23
23 12 34
23 13 20
23 13 21
23 13 22
23 13 34
23 13 35
23 14 19
23 14 20
23 14 21
23 14 35
23 15 18
23 15 19
23 15 20
23 16 17
23 16 18
23 16 19
23 17 16
23 17 17
23 17 18
23 18 11
23 18 12
23 18 13
23 18 17
23 19 9
23 19 10
23 19 11
23 19 12
23 20 10
23 20 11
23 20 13
23 21 11
23 21 12
23 46 26
23 46 27
23 47 25
23 47 26
23 48 26
24 15 17
24 15 18
24 16 16
24 16 17
24 17 11
24 17 12
24 17 13
24 18 10
24 18 11
24 18 12
24 18 13
24 18 14
24 18 38
24 19 9
24 19 10
24 19 11
24 19 13
24 19 14
24 20 10
24 20 11
24 20 12
24 21 11
24 21 12
24 22 11
24 23 11
24 24 11
24 25 11
24 45 27
24 46 26
24 46 27
24 47 26
24 47 27
25 16 13
25 16 14
25 17 12
25 17 13
25 17 14
25 18 11
25 18 13
25 18 14
25 18 38
25 19 10
25 19 12
25 19 13
25 19 38
25 19 39
25 20 10
25 20 11
25 20 39
25 20 40
25 21 10
25 21 11
25 21 40
25 21 41
25 22 10
25 23 10
25 24 10
25 24 11
25 25 11
25 25 12
25 26 12
25 27 12
25 27 13
25 28 13
25 44 28
25 45 27
25 45 28
25 46 27
26 15 14
26 15 15
26 16 13
26 16 14
26 16 15
26 17 14
26 19 9
26 19 10
26 20 10
26 22 10
26 22 41
26 22 42
26 23 10
26 23 42
26 24 10
26 24 11
26 24 42
26 24 43
26 25 10
26 25 11
26 25 43
26 26 11
26 26 12
26 27 12
26 27 13
26 28 13
26 28 14
26 29 14
26 29 15
26 30 15
26 30 16
26 31 16
26 44 28
26 45 27
26 45 28
26 46 28
27 14 15
27 15 14
27 15 15
27 16 14
27 16 15
27 19 9
27 19 10
27 20 10
27 25 10
27 25 11
27 25 43
27 25 44
27 26 11
27 26 12
27 26 44
27 27 12
27 27 13
27 27 44
27 27 45
27 28 13
27 28 14
27 28 45
27 29 13
27 29 14
27 30 14
27 30 15
27 31 15
27 31 16
27 32 16
27 32 17
27 33 17
27 33 18
27 34 18
27 43 28
27 43 29
27 44 28
27 44 29
27 45 28
28 14 15
28 14 16
28 15 15
28 15 16
28 16 15
28 18 10
28 19 9
28 19 10
28 20 9
28 20 10
28 28 13
28 28 45
28 29 13
28 29 14
28 29 45
28 30 14
28 30 15
28 30 44
28 30 45
28 31 15
28 31 16
28 31 44
28 32 16
28 32 17
28 33 17
28 33 18
28 34 18
28 34 19
28 35 18
28 35 19
28 36 19
28 36 20
28 37 20
28 37 21
28 42 29
28 43 28
28 43 29
28 44 28
28 44 29
29 13 16
29 13 17
29 14 15
29 14 16
29 15 16
29 18 9
29 19 9
29 19 10
29 20 9
29 31 15
29 31 16
29 31 43
29 32 16
29 32 42
29 32 43
29 33 16
29 33 17
29 33 41
29 33 42
29 34 17
29 34 18
29 34 40
29 35 18
29 35 19
29 35 39
29 36 19
29 36 20
29 37 20
29 37 21
29 38 21
29 38 22
29 39 21
29 39 22
29 40 22
29 40 23
29 41 23
29 41 24
29 41 30
29 42 29
29 42 30
29 43 28
29 43 29
29 43 30
29 44 28
30 12 16
30 12 17
30 13 16
30 13 17
30 14 16
30 14 17
30 18 9
30 19 9
30 35 18
30 35 19
30 35 38
30 36 19
30 36 20
30 36 36
30 36 37
30 37 19
30 37 20
30 37 35
30 37 36
30 38 20
30 38 21
30 38 34
30 39 21
30 39 22
30 40 22
30 40 23
30 41 23
30 41 24
30 42 24
30 42 25
30 42 30
30 43 28
30 44 28
31 11 17
31 11 18
31 12 17
31 13 17
31 18 8
31 18 9
31 19 8
31 19 9
31 38 21
31 39 21
31 39 22
31 39 32
31 39 33
31 40 22
31 40 23
31 40 31
31 41 23
31 41 29
31 41 30
31 41 31
31 42 23
31 42 24
31 42 25
31 43 27
31 43 28
31 44 28
31 44 29
32 10 18
32 11 17
32 11 18
32 12 17
32 12 18
32 18 8
32 18 9
32 19 8
32 19 9
32 39 31
32 39 32
32 40 31
32 40 32
32 41 31
32 41 32
32 42 24
32 42 25
32 42 27
32 42 28
32 42 29
32 42 30
32 42 31
32 43 27
32 43 28
32 44 28
33 10 18
33 10 19
33 11 18
33 11 19
33 12 18
33 18 8
33 18 9
33 19 8
33 19 9
33 38 32
33 39 31
33 39 32
33 40 31
33 40 32
33 41 31
33 41 32
33 42 27
33 42 28
33 42 30
33 42 31
33 43 27
33 43 28
34 9 19
34 9 20
34 10 18
34 10 19
34 11 19
34 17 8
34 18 8
34 19 8
34 37 33
34 38 32
34 38 33
34 39 32
34 39 33
34 40 32
34 42 27
34 42 28
34 43 27
35 8 20
35 9 19
35 9 20
35 10 19
35 17 8
35 18 7
35 18 8
35 19 8
35 37 33
35 37 34
35 38 32
35 38 33
35 42 27
35 43 27
36 7 20
36 7 21
36 8 19
36 8 20
36 9 19
36 9 20
36 17 7
36 17 8
36 18 7
36 18 8
36 36 33
36 36 34
36 37 33
36 37 34
36 38 33
36 38 34
36 41 27
36 42 26
36 42 27
36 43 27
37 6 21
37 7 20
37 7 21
37 8 20
37 8 21
37 17 7
37 17 8
37 18 7
37 18 8
37 35 34
37 35 35
37 36 34
37 37 34
37 41 26
37 41 27
37 42 26
37 42 27
38 6 21
38 6 22
38 7 21
38 8 21
38 17 7
38 17 8
38 18 7
38 34 35
38 35 34
38 35 35
38 36 34
38 36 35
38 41 26
38 41 27
38 42 26
39 5 22
39 6 21
39 6 22
39 7 21
39 7 22
39 17 7
39 18 7
39 33 36
39 34 35
39 34 36
39 35 35
39 41 26
39 42 26
40 4 22
40 4 23
40 5 22
40 6 22
40 6 23
40 6 24
40 7 24
40 16 7
40 17 6
40 17 7
40 18 7
40 33 36
40 34 35
40 34 36
40 35 36
40 41 25
40 41 26
40 42 26
41 3 23
41 4 22
41 4 23
41 5 22
41 5 23
41 6 23
41 6 24
41 7 23
41 7 24
41 8 24
41 8 25
41 9 25
41 9 26
41 10 26
41 10 27
41 16 6
41 16 7
41 17 6
41 17 7
41 32 36
41 32 37
41 33 36
41 33 37
41 34 36
41 41 25
41 41 26
41 42 26
42 3 23
42 3 24
42 4 23
42 4 24
42 8 25
42 9 25
42 9 26
42 10 26
42 10 27
42 11 26
42 11 27
42 12 27
42 12 28
42 13 28
42 13 29
42 16 6
42 16 7
42 17 6
42 31 37
42 31 38
42 32 36
42 32 37
42 33 37
42 40 25
42 40 26
42 41 25
42 41 26
42 42 26
43 2 24
43 3 23
43 3 24
43 4 24
43 11 27
43 12 27
43 12 28
43 13 28
43 13 29
43 15 30
43 16 6
43 16 30
43 16 31
43 17 6
43 17 7
43 17 32
43 18 7
43 30 38
43 31 37
43 31 38
43 32 37
43 32 38
43 40 25
43 41 25
44 1 24
44 1 25
44 2 24
44 2 25
44 3 24
44 15 30
44 16 5
44 16 6
44 16 30
44 16 31
44 17 6
44 17 7
44 17 31
44 17 32
44 18 7
44 18 32
44 18 33
44 19 7
44 19 8
44 19 33
44 19 34
44 20 8
44 20 9
44 20 34
44 21 9
44 30 38
44 30 39
44 31 38
44 40 24
44 40 25
44 41 25
45 0 25
45 0 26
45 1 25
45 2 25
45 16 5
45 16 6
45 17 6
45 17 32
45 18 32
45 18 33
45 19 33
45 19 34
45 20 8
45 20 9
45 20 33
45 20 34
45 21 9
45 21 10
45 21 34
45 21 35
45 22 10
45 22 35
45 22 36
45 23 10
45 23 11
45 23 36
45 23 37
45 24 11
45 24 12
45 25 12
45 29 39
45 30 38
45 30 39
45 31 38
45 40 24
45 40 25
45 41 24
45 41 25
46 0 25
46 0 26
46 1 25
46 1 26
46 15 5
46 15 6
46 16 5
46 16 6
46 17 6
46 21 35
46 22 35
46 22 36
46 23 11
46 23 35
46 23 36
46 23 37
46 24 11
46 24 12
46 24 13
46 24 36
46 24 37
46 25 12
46 25 13
46 25 37
46 25 38
46 26 13
46 26 38
46 26 39
46 27 13
46 27 14
46 27 39
46 28 14
46 28 39
46 28 40
46 29 39
46 29 40
46 30 39
46 40 24
46 40 25
46 41 24
46 41 25
47 15 5
47 15 6
47 16 5
47 24 37
47 25 37
47 25 38
47 26 13
47 26 14
47 26 38
47 26 39
47 27 13
47 27 14
47 27 39
47 27 40
47 28 14
47 28 15
47 28 39
47 28 40
47 29 15
47 29 16
47 29 39
47 29 40
47 30 16
47 30 17
47 31 17
47 39 24
47 40 24
47 40 25
47 41 24
48 15 5
48 16 5
48 26 41
48 27 40
48 27 41
48 28 40
48 29 16
48 30 16
48 30 17
48 31 17
48 32 17
48 32 18
48 33 18
48 33 19
48 34 19
48 35 20
48 39 24
48 40 24
48 41 24
49 15 4
49 15 5
49 16 4
49 16 5
49 26 41
49 26 42
49 27 40
49 27 41
49 28 41
49 33 18
49 33 19
49 34 19
49 35 20
49 36 20
49 36 21
49 37 21
49 37 22
49 38 22
49 39 24
49 40 23
49 40 24
50 15 4
50 15 5
50 16 4
50 16 5
50 25 41
50 25 42
50 26 41
50 26 42
50 27 41
50 36 21
50 37 21
50 37 22
50 38 22
50 38 23
50 39 23
50 39 24
50 40 23
50 40 24
51 15 4
51 15 5
51 16 4
51 24 43
51 25 42
51 39 23
51 39 24
51 40 23
51 40 24
52 23 43
52 24 42
52 24 43
52 25 42
52 25 43
52 39 23
52 40 23
53 23 43
53 24 43
53 38 23
53 39 23
53 40 23
54 38 23
54 39 22
54 39 23
55 38 22
55 38 23
55 39 22
55 39 23
56 38 22
56 38 23
56 39 22
56 39 23
57 38 22
57 39 22
58 38 22
58 39 22
