4 4 13
4 4 14
4 4 15
4 4 16
4 5 11
4 5 12
4 5 13
4 6 11
5 3 17
5 3 18
5 3 19
5 4 13
5 4 14
5 4 15
5 4 16
5 4 17
5 5 11
5 5 12
5 5 13
5 5 14
5 5 15
5 6 10
5 6 11
5 7 10
6 2 22
6 2 23
6 2 24
6 3 18
6 3 19
6 3 20
6 3 21
6 3 22
6 4 15
6 4 16
6 4 17
6 4 18
6 4 19
6 5 12
6 5 13
6 5 14
6 5 15
6 5 16
6 5 17
6 6 9
6 6 10
6 6 11
6 6 12
6 6 13
6 6 14
6 7 9
7 1 27
7 1 28
7 2 23
7 2 24
7 2 25
7 2 26
7 2 27
7 3 19
7 3 20
7 3 21
7 3 22
7 3 23
7 3 24
7 4 18
7 4 19
7 4 20
7 4 21
7 5 14
7 5 15
7 5 16
7 5 17
7 5 18
7 5 19
7 6 10
7 6 11
7 6 12
7 6 13
7 6 14
7 6 15
7 6 16
7 7 9
7 7 10
7 7 11
7 7 12
7 8 9
8 1 28
8 1 29
8 1 30
8 1 31
8 2 24
8 2 25
8 2 26
8 2 27
8 2 28
8 2 29
8 3 22
8 3 23
8 3 24
8 3 25
8 3 26
8 4 20
8 4 21
8 4 22
8 4 23
8 4 24
8 5 18
8 5 19
8 5 20
8 5 21
8 5 22
8 6 13
8 6 14
8 6 15
8 6 16
8 6 17
8 6 18
8 6 19
8 7 9
8 7 11
8 7 12
8 7 13
8 7 14
8 7 15
8 8 9
9 0 32
9 0 33
9 0 34
9 1 29
9 1 30
9 1 31
9 1 32
9 1 33
9 2 27
9 2 28
9 2 29
9 2 30
9 3 25
9 3 26
9 3 27
9 3 28
9 4 23
9 4 24
9 4 25
9 4 26
9 5 19
9 5 20
9 5 21
9 5 22
9 5 23
9 6 17
9 6 18
9 6 19
9 6 20
9 7 9
9 7 12
9 7 13
9 7 14
9 7 15
9 7 16
9 7 17
9 8 8
9 8 9
9 8 11
9 8 12
9 8 13
9 8 14
9 9 8
9 9 9
10 0 34
10 0 35
10 1 31
10 1 32
10 1 33
10 1 34
10 2 29
10 2 30
10 2 31
10 2 32
10 3 27
10 3 28
10 3 29
10 3 30
10 4 24
10 4 25
10 4 26
10 4 27
10 5 21
10 5 22
10 5 23
10 5 24
10 5 25
10 6 18
10 6 19
10 6 20
10 6 21
10 6 22
10 7 15
10 7 16
10 7 17
10 7 18
10 7 19
10 8 8
10 8 9
10 8 12
10 8 13
10 8 14
10 8 15
10 9 8
10 9 9
11 1 33
11 1 34
11 1 35
11 2 30
11 2 31
11 2 32
11 2 33
11 2 34
11 3 28
11 3 29
11 3 30
11 3 31
11 4 25
11 4 26
11 4 27
11 4 28
11 4 29
11 5 22
11 5 23
11 5 24
11 5 25
11 5 26
11 6 19
11 6 20
11 6 21
11 6 22
11 6 23
11 7 16
11 7 17
11 7 18
11 7 19
11 7 20
11 8 13
11 8 14
11 8 15
11 8 16
11 8 17
11 9 8
11 9 9
11 9 12
11 9 13
11 9 14
11 10 8
12 1 34
12 1 35
12 1 36
12 2 32
12 2 33
12 2 34
12 3 29
12 3 30
12 3 31
12 3 32
12 4 26
12 4 27
12 4 28
12 4 29
12 4 30
12 5 24
12 5 25
12 5 26
12 5 27
12 5 28
12 6 21
12 6 22
12 6 23
12 6 24
12 6 25
12 7 18
12 7 19
12 7 20
12 7 21
12 8 15
12 8 16
12 8 17
12 8 18
12 8 19
12 9 8
12 9 9
12 9 13
12 9 14
12 9 15
12 10 8
13 1 35
13 1 36
13 2 33
13 2 34
13 2 35
13 2 36
13 3 30
13 3 31
13 3 32
13 3 33
13 3 34
13 4 28
13 4 29
13 4 30
13 4 31
13 5 25
13 5 26
13 5 27
13 5 28
13 5 29
13 6 22
13 6 23
13 6 24
13 6 25
13 6 26
13 7 19
13 7 20
13 7 21
13 7 22
13 7 23
13 8 16
13 8 17
13 8 18
13 8 19
13 8 20
13 9 14
13 9 15
13 9 16
13 9 17
13 10 8
13 10 9
13 11 8
14 2 34
14 2 35
14 2 36
14 3 32
14 3 33
14 3 34
14 3 35
14 4 29
14 4 30
14 4 31
14 4 32
14 5 27
14 5 28
14 5 29
14 5 30
14 6 24
14 6 25
14 6 26
14 6 27
14 7 21
14 7 22
14 7 23
14 7 24
14 8 17
14 8 18
14 8 19
14 8 20
14 8 21
14 10 8
14 11 8
15 2 35
15 2 36
15 3 33
15 3 34
15 3 35
15 4 31
15 4 32
15 4 33
15 5 28
15 5 29
15 5 30
15 5 31
15 6 25
15 6 26
15 6 27
15 6 28
15 7 22
15 7 23
15 7 24
15 7 25
15 8 21
15 8 22
15 11 7
15 11 8
15 12 7
15 12 8
16 3 34
16 3 35
16 3 36
16 4 32
16 4 33
16 4 34
16 5 29
16 5 30
16 5 31
16 5 32
16 6 26
16 6 27
16 6 28
16 6 29
16 6 30
16 7 25
16 7 26
16 11 7
16 11 8
16 12 7
16 12 8
16 13 7
17 3 35
17 4 33
17 4 34
17 4 35
17 5 31
17 5 32
17 5 33
17 6 29
17 6 30
17 6 31
17 12 7
17 12 8
17 13 7
18 4 34
18 4 35
18 5 32
18 5 33
18 5 34
18 5 35
18 12 7
18 12 8
18 13 7
18 14 7
19 4 35
19 5 34
19 5 35
19 6 34
19 13 7
19 14 7
20 5 34
20 5 35
20 6 34
20 13 7
20 14 6
20 14 7
20 15 7
21 5 34
21 5 35
21 6 34
21 6 35
21 7 34
21 14 6
21 14 7
21 15 6
21 15 7
22 6 34
22 7 34
22 14 6
22 14 7
22 15 6
22 15 7
22 16 6
23 6 34
23 7 33
23 7 34
23 8 34
23 15 6
23 15 7
23 16 6
24 7 33
24 7 34
24 8 33
24 8 34
24 15 6
24 15 7
24 16 6
24 17 6
25 7 34
25 8 33
25 8 34
25 9 33
25 16 6
25 17 5
25 17 6
25 18 6
25 19 5
25 19 6
25 20 5
25 20 6
25 20 8
25 20 9
25 21 8
25 21 9
25 22 9
26 8 33
26 8 34
26 9 33
26 17 5
26 17 6
26 18 5
26 18 6
26 18 7
26 18 8
26 19 5
26 19 6
26 19 7
26 19 8
26 20 5
26 20 6
26 20 8
26 21 6
26 21 8
26 22 6
27 9 33
27 10 33
27 17 5
27 17 6
27 18 5
27 18 7
27 19 5
27 19 7
27 20 5
27 20 6
27 20 7
27 21 6
27 21 7
27 22 6
27 22 7
27 23 6
27 24 6
27 25 6
28 9 33
28 10 33
28 17 7
28 18 5
28 18 6
28 18 7
28 19 4
28 19 5
28 19 6
28 19 7
28 20 5
28 22 7
28 23 6
28 23 7
28 24 6
28 24 7
28 25 6
28 25 7
28 26 6
28 26 7
28 27 7
29 9 33
29 10 32
29 10 33
29 11 32
29 11 33
29 16 6
29 17 6
29 17 7
29 18 5
29 18 6
29 18 28
29 19 4
29 19 5
29 19 27
29 20 5
29 25 7
29 26 6
29 26 7
29 27 6
29 27 7
29 28 7
29 29 7
29 30 7
30 10 32
30 10 33
30 11 32
30 15 6
30 16 6
30 17 5
30 17 6
30 18 5
30 18 6
30 18 28
30 18 30
30 18 31
30 19 4
30 19 5
30 20 4
30 20 5
30 28 7
30 29 7
30 30 7
30 31 7
30 32 7
30 33 7
31 11 32
31 11 33
31 12 32
31 13 32
31 15 5
31 15 6
31 16 5
31 16 6
31 17 5
31 17 32
31 18 5
31 18 31
31 19 4
31 19 5
31 20 4
31 20 5
31 30 7
31 31 7
31 31 8
31 32 7
31 32 8
31 33 7
31 33 8
31 34 7
31 35 7
32 11 32
32 12 32
32 12 33
32 13 32
32 13 33
32 14 5
32 15 4
32 15 5
32 16 4
32 16 5
32 16 32
32 17 5
32 17 32
32 19 5
32 20 4
32 20 5
32 21 4
32 33 7
32 33 8
32 34 7
32 34 8
32 35 7
32 35 8
32 36 7
32 36 8
32 37 7
32 37 8
32 38 7
32 38 8
33 12 32
33 12 33
33 13 4
33 13 5
33 13 32
33 14 4
33 14 5
33 15 4
33 15 5
33 15 32
33 15 33
33 15 34
33 16 4
33 16 32
33 16 33
33 16 34
33 17 32
33 17 33
33 18 33
33 20 4
33 20 5
33 21 4
33 21 5
33 36 7
33 36 8
33 37 7
33 37 8
33 38 7
33 38 8
33 38 9
33 38 10
33 38 11
33 39 7
33 39 8
33 40 8
33 41 8
34 12 4
34 13 4
34 14 3
34 14 4
34 14 32
34 15 3
34 15 4
34 15 32
34 15 33
34 16 33
34 17 32
34 17 33
34 18 32
34 18 33
34 19 33
34 20 33
34 21 4
34 21 5
34 21 33
34 22 4
34 37 10
34 37 11
34 37 12
34 37 13
34 37 14
34 37 15
34 38 8
34 38 9
34 38 10
34 38 11
34 38 12
34 39 7
34 39 8
34 40 8
34 41 8
34 42 8
34 43 8
34 44 8
35 11 4
35 12 3
35 12 4
35 13 3
35 13 4
35 14 3
35 14 4
35 14 31
35 14 32
35 14 33
35 15 33
35 19 33
35 20 33
35 21 4
35 21 33
35 22 4
35 22 33
35 24 33
35 36 15
35 36 16
35 36 17
35 36 18
35 36 19
35 37 13
35 37 14
35 37 15
35 37 16
35 41 8
35 42 8
35 42 9
35 43 8
35 43 9
35 44 8
35 44 9
35 45 8
35 46 8
36 11 3
36 11 4
36 12 3
36 13 3
36 13 31
36 13 32
36 14 3
36 14 31
36 14 32
36 14 33
36 15 31
36 15 32
36 15 33
36 22 3
36 22 4
36 22 33
36 22 34
36 23 4
36 24 33
36 25 33
36 26 33
36 35 21
36 35 22
36 35 23
36 36 17
36 36 18
36 36 19
36 36 20
36 36 21
36 37 17
36 44 8
36 44 9
36 45 8
36 45 9
36 46 8
37 10 3
37 11 2
37 11 3
37 12 2
37 12 3
37 12 30
37 12 31
37 13 2
37 13 3
37 13 31
37 14 31
37 14 32
37 15 31
37 15 32
37 22 3
37 22 4
37 23 3
37 23 4
37 24 3
37 24 33
37 24 34
37 25 33
37 25 34
37 26 33
37 26 34
37 27 33
37 27 34
37 28 33
37 28 34
37 29 34
37 34 27
37 35 22
37 35 23
37 35 24
37 35 25
37 35 26
37 36 21
37 36 22
37 36 23
38 9 2
38 9 3
38 10 2
38 10 3
38 11 2
38 11 30
38 12 2
38 12 30
38 14 31
38 15 31
38 16 31
38 23 3
38 23 4
38 24 3
38 27 33
38 27 34
38 28 33
38 28 34
38 29 33
38 29 34
38 30 33
38 30 34
38 31 34
38 32 34
38 34 26
38 34 27
38 34 28
38 34 29
38 34 30
38 34 31
38 35 25
38 35 26
38 35 27
38 35 28
39 8 2
39 9 2
39 10 1
39 10 2
39 10 29
39 11 1
39 11 2
39 11 30
39 15 31
39 16 30
39 16 31
39 23 3
39 23 4
39 24 3
39 24 4
39 25 3
39 30 34
39 31 34
39 32 34
39 33 31
39 33 32
39 33 33
39 33 34
39 34 29
39 34 30
39 34 31
39 34 32
39 34 33
40 7 2
40 8 2
40 9 1
40 9 2
40 10 1
40 10 2
40 10 29
40 11 1
40 16 30
40 16 31
40 17 30
40 24 3
40 24 4
40 25 3
40 32 34
40 33 34
40 34 33
40 34 34
40 34 35
40 35 34
40 36 34
40 37 34
41 7 2
41 7 3
41 7 4
41 8 2
41 9 1
41 9 2
41 9 29
41 10 1
41 10 29
41 16 30
41 16 31
41 17 30
41 24 3
41 25 3
41 26 3
41 35 34
41 35 35
41 36 34
41 36 35
41 37 34
41 37 35
41 38 34
41 39 34
41 39 35
41 40 34
41 40 35
42 6 6
42 6 7
42 6 8
42 7 3
42 7 4
42 7 5
42 7 6
42 8 2
42 8 3
42 8 28
42 9 1
42 9 2
42 9 28
42 9 29
42 16 31
42 17 30
42 17 31
42 18 30
42 25 2
42 25 3
42 26 2
42 26 3
42 37 35
42 38 34
42 38 35
42 39 34
42 39 35
42 40 34
42 40 35
42 41 35
43 5 11
43 5 12
43 6 7
43 6 8
43 6 9
43 6 10
43 6 11
43 7 4
43 7 5
43 7 6
43 7 7
43 7 8
43 7 28
43 8 2
43 8 3
43 8 4
43 8 28
43 17 30
43 17 31
43 18 30
43 25 3
43 26 2
43 26 3
43 27 2
44 5 12
44 5 13
44 5 14
44 5 15
44 5 16
44 6 9
44 6 10
44 6 11
44 6 12
44 6 13
44 7 6
44 7 7
44 7 8
44 7 9
44 7 10
44 7 27
44 7 28
44 18 30
44 19 30
44 26 2
44 26 3
44 27 2
45 4 16
45 4 17
45 4 18
45 4 19
45 4 20
45 5 14
45 5 15
45 5 16
45 5 17
45 6 10
45 6 11
45 6 12
45 6 13
45 6 14
45 6 27
45 7 27
45 18 29
45 18 30
45 19 29
45 19 30
45 26 3
45 27 2
45 27 3
45 28 2
46 3 22
46 3 23
46 4 18
46 4 19
46 4 20
46 4 21
46 4 22
46 5 15
46 5 16
46 5 17
46 5 18
46 5 19
46 5 26
46 5 27
46 6 14
46 6 27
46 18 30
46 19 29
46 19 30
46 20 29
46 27 2
46 27 3
46 28 2
47 4 20
47 4 21
47 4 22
47 5 18
47 5 19
47 5 20
47 5 26
47 19 29
47 19 30
47 20 29
47 27 2
47 27 3
47 27 4
47 27 5
47 27 6
47 28 2
47 28 3
47 28 4
47 29 2
48 20 29
48 21 29
48 26 8
48 26 9
48 27 4
48 27 5
48 27 6
48 27 7
48 27 8
48 27 9
48 28 1
48 28 2
48 28 4
48 29 1
48 29 2
49 20 29
49 20 30
49 21 29
49 25 13
49 26 9
49 26 10
49 26 11
49 26 12
49 26 13
49 26 14
49 27 8
49 27 9
49 28 2
49 29 1
49 29 2
49 30 1
50 21 29
50 22 29
50 25 14
50 25 15
50 25 16
50 25 17
50 25 18
50 26 12
50 26 13
50 26 14
50 26 16
50 29 1
50 29 2
50 30 1
51 21 28
51 21 29
51 22 28
51 22 29
51 24 19
51 24 20
51 24 21
51 25 16
51 25 17
51 25 18
51 25 19
51 25 20
51 29 2
51 30 1
51 30 2
51 31 1
52 22 28
52 22 29
52 23 24
52 23 25
52 23 26
52 23 28
52 24 20
52 24 21
52 24 22
52 24 23
52 24 24
52 30 1
52 30 2
52 31 1
53 22 28
53 22 29
53 23 25
53 23 26
53 23 27
53 23 28
53 23 29
53 24 24
53 31 0
53 31 1
53 32 1
54 23 28
54 23 29
54 24 28
54 31 1
55 23 28
55 24 28
56 24 27
56 24 28
56 25 27
56 25 28
57 24 27
57 24 28
57 25 27
57 25 28
58 25 27
58 25 28
58 26 27
59 25 27
59 25 28
59 26 27
59 27 27
60 26 27
60 27 27
